开始时间：2020年08月06日 14:02:29 
传感器1	加速度X	加速度Y	加速度Z	角速度X	角速度Y	角速度Z	角度X	角度Y	角度Z	传感器2	加速度X	加速度Y	加速度Z	角速度X	角速度Y	角速度Z	角度X	角度Y	角度Z	相对姿态角度	角度X	角度Y	
Mac:DA:3E:20:B6:30:BA传感器0	0.02	0.03	1.00	-1.46	-1.46	-0.49	0.85	-0.85	95.32	相对角度姿态	0.85	-0.85		
Mac:DA:3E:20:B6:30:BA传感器0	0.03	0.03	0.98	2.69	2.69	0.37	0.84	-0.80	95.29	相对角度姿态	0.84	-0.80		
Mac:DA:3E:20:B6:30:BA传感器0	0.04	0.01	0.98	-0.31	-0.31	2.26	0.93	-0.82	95.41	相对角度姿态	0.93	-0.82		
Mac:DA:3E:20:B6:30:BA传感器0	-0.01	0.02	0.98	-3.17	-3.17	1.77	0.88	-0.77	95.69	相对角度姿态	0.88	-0.77		
Mac:DA:3E:20:B6:30:BA传感器0	0.02	0.04	1.00	-0.92	-0.92	0.49	0.97	-0.76	95.79	相对角度姿态	0.97	-0.76		
Mac:DA:3E:20:B6:30:BA传感器0	0.02	0.03	1.01	-1.59	-1.59	-1.89	0.98	-0.78	95.73	相对角度姿态	0.98	-0.78		
Mac:DA:3E:20:B6:30:BA传感器0	0.02	0.02	1.04	1.71	1.71	1.71	0.91	-0.74	95.78	相对角度姿态	0.91	-0.74		
Mac:DA:3E:20:B6:30:BA传感器0	0.00	0.05	1.00	-5.92	-5.92	1.53	0.83	-0.73	95.95	相对角度姿态	0.83	-0.73		
Mac:DA:3E:20:B6:30:BA传感器0	0.01	0.02	0.98	-3.54	-3.54	-1.34	0.60	-0.69	96.00	相对角度姿态	0.60	-0.69		
Mac:DA:3E:20:B6:30:BA传感器0	0.03	0.03	1.00	-1.89	-1.89	0.79	0.28	-0.60	96.00	相对角度姿态	0.28	-0.60		
Mac:DA:3E:20:B6:30:BA传感器0	0.00	0.01	1.00	-3.05	-3.05	0.67	-0.01	-0.34	96.02	相对角度姿态	-0.01	-0.34		
Mac:DA:3E:20:B6:30:BA传感器0	0.02	-0.01	0.99	-3.23	-3.23	-0.18	-0.36	-0.32	95.92	相对角度姿态	-0.36	-0.32		
Mac:DA:3E:20:B6:30:BA传感器0	-0.01	0.00	0.97	-0.85	-0.85	-1.40	-0.48	0.12	95.82	相对角度姿态	-0.48	0.12		
Mac:DA:3E:20:B6:30:BA传感器0	0.01	0.00	0.99	0.92	0.92	-0.31	-0.31	0.28	95.76	相对角度姿态	-0.31	0.28		
Mac:DA:3E:20:B6:30:BA传感器0	0.00	0.02	1.02	-0.43	-0.43	0.06	0.12	0.55	95.91	相对角度姿态	0.12	0.55		
Mac:DA:3E:20:B6:30:BA传感器0	-0.00	0.03	1.02	3.23	3.23	3.36	0.30	0.44	96.16	相对角度姿态	0.30	0.44		
Mac:DA:3E:20:B6:30:BA传感器0	-0.02	0.03	1.00	-0.24	-0.24	0.55	0.16	0.44	96.41	相对角度姿态	0.16	0.44		
Mac:DA:3E:20:B6:30:BA传感器0	-0.00	-0.01	0.96	2.44	2.44	0.37	0.03	0.45	96.43	相对角度姿态	0.03	0.45		
Mac:DA:3E:20:B6:30:BA传感器0	-0.01	0.02	1.00	5.19	5.19	1.40	0.50	0.85	96.48	相对角度姿态	0.50	0.85		
Mac:DA:3E:20:B6:30:BA传感器0	-0.05	0.06	0.97	1.89	1.89	5.07	0.86	0.94	97.13	相对角度姿态	0.86	0.94		
Mac:DA:3E:20:B6:30:BA传感器0	0.00	0.03	0.99	8.42	8.42	-2.32	1.31	1.19	97.09	相对角度姿态	1.31	1.19		
Mac:DA:3E:20:B6:30:BA传感器0	-0.00	0.04	1.00	1.22	1.22	1.53	1.52	1.12	97.01	相对角度姿态	1.52	1.12		
Mac:DA:3E:20:B6:30:BA传感器0	-0.01	0.04	0.97	-2.08	-2.08	1.04	1.52	1.03	97.05	相对角度姿态	1.52	1.03		
Mac:DA:3E:20:B6:30:BA传感器0	-0.01	0.03	0.98	1.22	1.22	1.46	1.55	1.09	97.09	相对角度姿态	1.55	1.09		
Mac:DA:3E:20:B6:30:BA传感器0	-0.04	0.05	1.00	0.85	0.85	0.92	1.72	1.24	97.27	相对角度姿态	1.72	1.24		
Mac:DA:3E:20:B6:30:BA传感器0	-0.02	0.05	0.99	-1.89	-1.89	-1.16	1.75	1.28	97.21	相对角度姿态	1.75	1.28		
Mac:DA:3E:20:B6:30:BA传感器0	-0.02	0.04	1.00	-1.65	-1.65	-2.81	1.77	1.22	97.03	相对角度姿态	1.77	1.22		
Mac:DA:3E:20:B6:30:BA传感器0	0.01	0.04	1.00	-1.53	-1.53	-1.40	1.54	1.19	96.81	相对角度姿态	1.54	1.19		
Mac:DA:3E:20:B6:30:BA传感器0	0.01	0.03	0.98	6.77	6.77	1.77	1.46	1.10	96.88	相对角度姿态	1.46	1.10		
Mac:DA:3E:20:B6:30:BA传感器0	0.05	0.00	1.07	3.30	3.30	2.01	1.90	0.55	97.11	相对角度姿态	1.90	0.55		
Mac:DA:3E:20:B6:30:BA传感器0	-0.15	0.06	1.39	-1.89	-1.89	3.42	2.75	1.34	97.39	相对角度姿态	2.75	1.34		
Mac:DA:3E:20:B6:30:BA传感器0	-0.28	0.10	1.33	-32.84	-32.84	0.18	1.37	2.24	97.40	相对角度姿态	1.37	2.24		
Mac:DA:3E:20:B6:30:BA传感器0	-0.29	0.20	1.16	-49.13	-49.13	-15.14	-2.47	3.60	96.52	相对角度姿态	-2.47	3.60		
Mac:DA:3E:20:B6:30:BA传感器0	-0.30	0.03	0.77	-72.20	-72.20	-48.40	-9.17	4.43	93.75	相对角度姿态	-9.17	4.43		
Mac:DA:3E:20:B6:30:BA传感器0	-0.15	-0.09	0.74	-65.31	-65.31	-59.08	-15.56	2.99	88.49	相对角度姿态	-15.56	2.99		
Mac:DA:3E:20:B6:30:BA传感器0	0.01	-0.22	0.62	-41.20	-41.20	-77.64	-20.91	0.23	82.21	相对角度姿态	-20.91	0.23		
Mac:DA:3E:20:B6:30:BA传感器0	0.07	-0.40	0.58	-6.47	-6.47	-72.63	-23.81	-2.14	75.33	相对角度姿态	-23.81	-2.14		
Mac:DA:3E:20:B6:30:BA传感器0	0.16	-0.37	0.81	27.83	27.83	-49.26	-22.20	-5.23	70.89	相对角度姿态	-22.20	-5.23		
Mac:DA:3E:20:B6:30:BA传感器0	0.21	-0.32	0.95	32.71	32.71	-42.85	-18.56	-8.48	68.28	相对角度姿态	-18.56	-8.48		
Mac:DA:3E:20:B6:30:BA传感器0	0.19	-0.15	0.95	29.30	29.30	-42.54	-14.31	-9.34	64.63	相对角度姿态	-14.31	-9.34		
Mac:DA:3E:20:B6:30:BA传感器0	0.34	-0.19	1.15	36.01	36.01	-21.79	-10.19	-9.79	61.95	相对角度姿态	-10.19	-9.79		
Mac:DA:3E:20:B6:30:BA传感器0	-0.14	-0.17	0.91	1.83	1.83	2.93	-8.01	-4.30	61.42	相对角度姿态	-8.01	-4.30		
Mac:DA:3E:20:B6:30:BA传感器0	-0.13	-0.12	0.92	31.92	31.92	-2.08	-6.82	-2.94	62.38	相对角度姿态	-6.82	-2.94		
Mac:DA:3E:20:B6:30:BA传感器0	-0.03	-0.02	0.98	58.23	58.23	6.84	-2.04	-1.22	63.09	相对角度姿态	-2.04	-1.22		
Mac:DA:3E:20:B6:30:BA传感器0	-0.02	0.12	1.06	49.80	49.80	-3.91	4.20	0.92	64.22	相对角度姿态	4.20	0.92		
Mac:DA:3E:20:B6:30:BA传感器0	-0.05	0.23	1.17	52.61	52.61	9.34	9.83	3.86	66.18	相对角度姿态	9.83	3.86		
Mac:DA:3E:20:B6:30:BA传感器0	-0.08	0.28	0.91	22.95	22.95	39.25	13.64	7.56	69.76	相对角度姿态	13.64	7.56		
Mac:DA:3E:20:B6:30:BA传感器0	-0.15	0.35	1.06	0.37	0.37	71.96	16.05	7.97	76.77	相对角度姿态	16.05	7.97		
Mac:DA:3E:20:B6:30:BA传感器0	-0.19	0.39	1.17	-5.19	-5.19	87.52	17.41	7.14	85.18	相对角度姿态	17.41	7.14		
Mac:DA:3E:20:B6:30:BA传感器0	-0.33	0.39	1.24	-17.21	-17.21	86.06	16.71	5.72	93.52	相对角度姿态	16.71	5.72		
Mac:DA:3E:20:B6:30:BA传感器0	-0.33	0.41	1.22	-59.94	-59.94	51.39	13.82	4.51	99.33	相对角度姿态	13.82	4.51		
Mac:DA:3E:20:B6:30:BA传感器0	-0.28	0.22	0.75	-74.52	-74.52	25.27	7.38	5.10	102.06	相对角度姿态	7.38	5.10		
Mac:DA:3E:20:B6:30:BA传感器0	-0.23	-0.03	0.46	-34.79	-34.79	-0.79	2.75	7.56	102.87	相对角度姿态	2.75	7.56		
Mac:DA:3E:20:B6:30:BA传感器0	-0.02	-0.05	0.77	-3.36	-3.36	10.86	1.09	7.48	102.52	相对角度姿态	1.09	7.48		
Mac:DA:3E:20:B6:30:BA传感器0	-0.05	0.02	1.00	0.24	0.24	7.87	1.22	6.88	102.80	相对角度姿态	1.22	6.88		
Mac:DA:3E:20:B6:30:BA传感器0	-0.07	-0.00	0.97	-0.98	-0.98	3.97	0.82	6.93	102.72	相对角度姿态	0.82	6.93		
Mac:DA:3E:20:B6:30:BA传感器0	-0.07	0.02	0.99	-0.98	-0.98	-1.04	0.76	6.36	102.41	相对角度姿态	0.76	6.36		
Mac:DA:3E:20:B6:30:BA传感器0	-0.03	0.01	0.97	-1.95	-1.95	-4.58	0.64	5.93	101.78	相对角度姿态	0.64	5.93		
Mac:DA:3E:20:B6:30:BA传感器0	-0.01	0.02	1.00	-3.72	-3.72	-0.85	0.47	5.62	101.19	相对角度姿态	0.47	5.62		
Mac:DA:3E:20:B6:30:BA传感器0	-0.02	-0.01	1.02	0.18	0.18	2.50	0.22	5.43	100.98	相对角度姿态	0.22	5.43		
Mac:DA:3E:20:B6:30:BA传感器0	-0.03	0.01	0.96	1.65	1.65	-0.92	-0.16	5.25	101.15	相对角度姿态	-0.16	5.25		
Mac:DA:3E:20:B6:30:BA传感器0	-0.03	-0.01	0.99	1.22	1.22	0.18	0.10	5.44	100.93	相对角度姿态	0.10	5.44		
Mac:DA:3E:20:B6:30:BA传感器0	-0.08	0.03	0.99	1.83	1.83	-1.40	0.60	5.65	100.73	相对角度姿态	0.60	5.65		
Mac:DA:3E:20:B6:30:BA传感器0	-0.02	0.00	1.00	-0.24	-0.24	-3.97	0.80	5.53	100.21	相对角度姿态	0.80	5.53		
Mac:DA:3E:20:B6:30:BA传感器0	-0.05	0.03	0.99	5.43	5.43	0.43	1.10	5.56	100.09	相对角度姿态	1.10	5.56		
Mac:DA:3E:20:B6:30:BA传感器0	-0.06	0.05	1.02	5.68	5.68	1.53	1.55	5.64	99.87	相对角度姿态	1.55	5.64		
Mac:DA:3E:20:B6:30:BA传感器0	-0.04	0.03	0.97	0.67	0.67	-1.22	1.67	5.58	99.56	相对角度姿态	1.67	5.58		
Mac:DA:3E:20:B6:30:BA传感器0	-0.05	0.04	0.98	2.93	2.93	0.24	1.91	5.42	99.39	相对角度姿态	1.91	5.42		
Mac:DA:3E:20:B6:30:BA传感器0	-0.06	0.03	0.98	1.89	1.89	-0.31	2.02	5.37	99.20	相对角度姿态	2.02	5.37		
Mac:DA:3E:20:B6:30:BA传感器0	-0.08	0.07	0.99	0.67	0.67	-1.16	2.25	5.37	99.03	相对角度姿态	2.25	5.37		
Mac:DA:3E:20:B6:30:BA传感器0	-0.08	0.04	0.95	1.40	1.40	0.49	2.25	5.38	98.75	相对角度姿态	2.25	5.38		
Mac:DA:3E:20:B6:30:BA传感器0	-0.05	0.07	1.00	0.06	0.06	2.01	2.64	5.09	98.66	相对角度姿态	2.64	5.09		
Mac:DA:3E:20:B6:30:BA传感器0	-0.04	0.07	1.01	-1.04	-1.04	-1.53	2.68	5.31	98.56	相对角度姿态	2.68	5.31		
Mac:DA:3E:20:B6:30:BA传感器0	-0.10	0.07	0.96	3.05	3.05	3.97	2.79	5.73	98.45	相对角度姿态	2.79	5.73		
Mac:DA:3E:20:B6:30:BA传感器0	-0.15	0.06	0.95	4.46	4.46	-3.91	3.16	6.24	98.33	相对角度姿态	3.16	6.24		
Mac:DA:3E:20:B6:30:BA传感器0	-0.23	0.06	1.06	18.62	18.62	-3.11	3.89	6.34	97.89	相对角度姿态	3.89	6.34		
Mac:DA:3E:20:B6:30:BA传感器0	-0.25	0.17	1.38	26.92	26.92	-7.14	5.67	6.55	97.38	相对角度姿态	5.67	6.55		
Mac:DA:3E:20:B6:30:BA传感器0	-0.23	0.21	1.60	-22.77	-22.77	-5.13	4.81	5.69	96.93	相对角度姿态	4.81	5.69		
Mac:DA:3E:20:B6:30:BA传感器0	-0.18	0.29	1.13	-62.68	-62.68	-12.70	0.93	6.88	96.37	相对角度姿态	0.93	6.88		
Mac:DA:3E:20:B6:30:BA传感器0	0.02	0.08	0.59	-105.22	-105.22	-58.84	-6.06	10.72	93.55	相对角度姿态	-6.06	10.72		
Mac:DA:3E:20:B6:30:BA传感器0	0.24	-0.31	0.42	-31.43	-31.43	-37.90	-14.49	9.33	88.30	相对角度姿态	-14.49	9.33		
Mac:DA:3E:20:B6:30:BA传感器0	0.08	-0.44	0.72	19.78	19.78	-19.35	-17.85	6.32	85.44	相对角度姿态	-17.85	6.32		
Mac:DA:3E:20:B6:30:BA传感器0	0.13	-0.34	1.06	-14.16	-14.16	11.11	-17.03	3.93	85.54	相对角度姿态	-17.03	3.93		
Mac:DA:3E:20:B6:30:BA传感器0	-0.07	-0.25	1.02	-6.53	-6.53	9.16	-16.96	3.71	86.61	相对角度姿态	-16.96	3.71		
Mac:DA:3E:20:B6:30:BA传感器0	-0.26	-0.24	0.90	-5.86	-5.86	-6.65	-16.39	4.65	86.56	相对角度姿态	-16.39	4.65		
Mac:DA:3E:20:B6:30:BA传感器0	-0.28	-0.28	0.56	2.14	2.14	-25.02	-17.42	6.03	85.17	相对角度姿态	-17.42	6.03		
Mac:DA:3E:20:B6:30:BA传感器0	-0.29	-0.20	0.80	38.45	38.45	-14.04	-16.62	8.16	84.41	相对角度姿态	-16.62	8.16		
Mac:DA:3E:20:B6:30:BA传感器0	-0.08	-0.16	0.36	37.17	37.17	-40.41	-13.48	8.99	81.50	相对角度姿态	-13.48	8.99		
Mac:DA:3E:20:B6:30:BA传感器0	0.05	0.31	1.18	122.44	122.44	-67.32	-4.00	4.33	78.22	相对角度姿态	-4.00	4.33		
Mac:DA:3E:20:B6:30:BA传感器0	0.44	0.22	2.21	73.73	73.73	-26.25	6.53	-2.83	73.58	相对角度姿态	6.53	-2.83		
Mac:DA:3E:20:B6:30:BA传感器0	0.05	0.23	1.28	1.83	1.83	-2.87	8.70	-1.04	73.94	相对角度姿态	8.70	-1.04		
Mac:DA:3E:20:B6:30:BA传感器0	-0.05	0.08	0.84	-16.17	-16.17	-10.25	7.28	-0.26	73.69	相对角度姿态	7.28	-0.26		
Mac:DA:3E:20:B6:30:BA传感器0	-0.06	0.10	0.95	0.61	0.61	2.20	6.21	-0.82	73.88	相对角度姿态	6.21	-0.82		
Mac:DA:3E:20:B6:30:BA传感器0	-0.02	0.13	1.01	-1.16	-1.16	-0.37	5.61	-0.75	74.68	相对角度姿态	5.61	-0.75		
Mac:DA:3E:20:B6:30:BA传感器0	0.20	0.08	0.91	-15.69	-15.69	-16.42	4.61	-0.75	74.65	相对角度姿态	4.61	-0.75		
Mac:DA:3E:20:B6:30:BA传感器0	0.49	0.05	0.91	-2.93	-2.93	21.85	4.17	-3.55	75.02	相对角度姿态	4.17	-3.55		
Mac:DA:3E:20:B6:30:BA传感器0	0.28	0.27	0.89	2.50	2.50	47.61	4.19	-4.54	79.73	相对角度姿态	4.19	-4.54		
Mac:DA:3E:20:B6:30:BA传感器0	0.36	0.34	0.96	26.06	26.06	132.87	3.98	-8.73	88.03	相对角度姿态	3.98	-8.73		
Mac:DA:3E:20:B6:30:BA传感器0	-0.68	0.31	0.92	6.29	6.29	131.77	5.63	-2.79	99.85	相对角度姿态	5.63	-2.79		
Mac:DA:3E:20:B6:30:BA传感器0	-0.82	0.19	0.97	-13.92	-13.92	14.71	7.76	4.52	106.46	相对角度姿态	7.76	4.52		
Mac:DA:3E:20:B6:30:BA传感器0	-0.20	-0.01	0.83	-7.20	-7.20	-8.06	6.47	8.73	105.23	相对角度姿态	6.47	8.73		
Mac:DA:3E:20:B6:30:BA传感器0	-0.20	0.16	0.93	2.75	2.75	2.87	7.06	9.75	104.84	相对角度姿态	7.06	9.75		
Mac:DA:3E:20:B6:30:BA传感器0	-0.09	0.15	1.00	-0.31	-0.31	0.98	7.51	9.57	104.58	相对角度姿态	7.51	9.57		
Mac:DA:3E:20:B6:30:BA传感器0	-0.06	0.12	0.98	2.87	2.87	-1.34	7.49	9.29	103.80	相对角度姿态	7.49	9.29		
Mac:DA:3E:20:B6:30:BA传感器0	-0.09	0.12	0.92	1.16	1.16	-0.55	7.42	9.21	103.25	相对角度姿态	7.42	9.21		
Mac:DA:3E:20:B6:30:BA传感器0	-0.09	0.13	0.99	-3.36	-3.36	-1.46	7.57	8.92	102.96	相对角度姿态	7.57	8.92		
Mac:DA:3E:20:B6:30:BA传感器0	-0.11	0.14	1.00	0.67	0.67	0.67	7.56	8.87	102.65	相对角度姿态	7.56	8.87		
Mac:DA:3E:20:B6:30:BA传感器0	-0.12	0.11	0.96	-0.79	-0.79	-2.14	7.21	9.03	102.28	相对角度姿态	7.21	9.03		
Mac:DA:3E:20:B6:30:BA传感器0	-0.10	0.12	0.94	-9.16	-9.16	-2.99	6.61	8.09	101.96	相对角度姿态	6.61	8.09		
Mac:DA:3E:20:B6:30:BA传感器0	-0.09	0.11	0.95	-3.11	-3.11	-0.79	6.59	7.78	101.53	相对角度姿态	6.59	7.78		
Mac:DA:3E:20:B6:30:BA传感器0	-0.11	0.12	0.95	0.31	0.31	-0.06	6.65	7.76	101.17	相对角度姿态	6.65	7.76		
Mac:DA:3E:20:B6:30:BA传感器0	-0.08	0.12	0.98	0.37	0.37	-0.43	6.60	7.60	100.91	相对角度姿态	6.60	7.60		
Mac:DA:3E:20:B6:30:BA传感器0	-0.12	0.14	0.96	-0.55	-0.55	0.00	6.83	7.57	100.79	相对角度姿态	6.83	7.57		
Mac:DA:3E:20:B6:30:BA传感器0	-0.09	0.14	0.98	1.22	1.22	1.04	6.95	7.43	100.58	相对角度姿态	6.95	7.43		
Mac:DA:3E:20:B6:30:BA传感器0	-0.11	0.12	0.93	2.01	2.01	0.85	6.92	7.61	100.45	相对角度姿态	6.92	7.61		
Mac:DA:3E:20:B6:30:BA传感器0	-0.10	0.12	0.95	-3.54	-3.54	-1.34	6.76	7.66	100.22	相对角度姿态	6.76	7.66		
Mac:DA:3E:20:B6:30:BA传感器0	-0.10	0.12	0.95	0.85	0.85	2.08	6.87	7.54	100.18	相对角度姿态	6.87	7.54		
Mac:DA:3E:20:B6:30:BA传感器0	-0.12	0.14	0.95	1.59	1.59	-0.12	7.09	7.70	100.16	相对角度姿态	7.09	7.70		
Mac:DA:3E:20:B6:30:BA传感器0	-0.12	0.14	0.93	3.66	3.66	0.67	7.25	7.51	100.01	相对角度姿态	7.25	7.51		
Mac:DA:3E:20:B6:30:BA传感器0	-0.10	0.15	0.97	2.50	2.50	1.04	7.81	7.06	99.84	相对角度姿态	7.81	7.06		
Mac:DA:3E:20:B6:30:BA传感器0	-0.10	0.14	0.92	1.34	1.34	-3.30	8.09	7.12	99.54	相对角度姿态	8.09	7.12		
Mac:DA:3E:20:B6:30:BA传感器0	-0.11	0.15	0.91	10.74	10.74	0.00	8.72	7.03	99.31	相对角度姿态	8.72	7.03		
Mac:DA:3E:20:B6:30:BA传感器0	-0.06	0.17	0.97	-0.98	-0.98	2.62	9.19	6.50	99.17	相对角度姿态	9.19	6.50		
Mac:DA:3E:20:B6:30:BA传感器0	-0.10	0.16	0.93	7.87	7.87	0.31	9.37	7.14	99.49	相对角度姿态	9.37	7.14		
Mac:DA:3E:20:B6:30:BA传感器0	-0.16	0.18	0.91	-3.11	-3.11	-1.46	9.95	7.82	99.56	相对角度姿态	9.95	7.82		
Mac:DA:3E:20:B6:30:BA传感器0	-0.15	0.17	0.96	7.51	7.51	2.01	10.12	7.62	99.44	相对角度姿态	10.12	7.62		
Mac:DA:3E:20:B6:30:BA传感器0	-0.25	0.28	1.38	21.42	21.42	8.79	11.27	6.80	99.87	相对角度姿态	11.27	6.80		
Mac:DA:3E:20:B6:30:BA传感器0	-0.32	0.42	1.44	33.33	33.33	-3.78	13.61	7.04	99.56	相对角度姿态	13.61	7.04		
Mac:DA:3E:20:B6:30:BA传感器0	-0.23	0.69	1.42	-37.72	-37.72	-5.00	14.03	9.33	98.36	相对角度姿态	14.03	9.33		
Mac:DA:3E:20:B6:30:BA传感器0	-0.17	0.55	0.69	-115.91	-115.91	-11.05	6.45	9.79	97.60	相对角度姿态	6.45	9.79		
Mac:DA:3E:20:B6:30:BA传感器0	-0.00	-0.32	0.06	-109.99	-109.99	-20.08	-4.63	13.43	94.18	相对角度姿态	-4.63	13.43		
Mac:DA:3E:20:B6:30:BA传感器0	0.04	-0.51	0.31	-41.63	-41.63	-11.47	-14.74	12.49	93.80	相对角度姿态	-14.74	12.49		
Mac:DA:3E:20:B6:30:BA传感器0	0.01	-0.34	0.87	3.23	3.23	7.63	-15.69	9.86	94.20	相对角度姿态	-15.69	9.86		
Mac:DA:3E:20:B6:30:BA传感器0	-0.20	-0.11	1.11	13.37	13.37	4.15	-14.01	9.23	95.38	相对角度姿态	-14.01	9.23		
Mac:DA:3E:20:B6:30:BA传感器0	-0.22	-0.12	1.06	7.63	7.63	18.01	-13.16	9.21	96.18	相对角度姿态	-13.16	9.21		
Mac:DA:3E:20:B6:30:BA传感器0	-0.31	-0.20	0.95	-3.66	-3.66	24.84	-12.35	9.57	98.54	相对角度姿态	-12.35	9.57		
Mac:DA:3E:20:B6:30:BA传感器0	-0.53	-0.11	0.89	8.85	8.85	15.08	-11.12	10.37	101.06	相对角度姿态	-11.12	10.37		
Mac:DA:3E:20:B6:30:BA传感器0	-0.52	0.10	1.03	31.43	31.43	-8.24	-9.03	8.76	100.84	相对角度姿态	-9.03	8.76		
Mac:DA:3E:20:B6:30:BA传感器0	-0.39	0.17	0.85	-45.59	-45.59	-72.69	-9.81	6.19	97.64	相对角度姿态	-9.81	6.19		
Mac:DA:3E:20:B6:30:BA传感器0	-0.13	0.11	0.93	-5.37	-5.37	-137.57	-14.95	5.52	87.40	相对角度姿态	-14.95	5.52		
Mac:DA:3E:20:B6:30:BA传感器0	0.66	-0.17	1.40	2.32	2.32	-97.60	-11.17	2.03	72.00	相对角度姿态	-11.17	2.03		
Mac:DA:3E:20:B6:30:BA传感器0	0.43	-0.36	0.94	-24.35	-24.35	-38.88	-15.01	-0.58	67.46	相对角度姿态	-15.01	-0.58		
Mac:DA:3E:20:B6:30:BA传感器0	0.15	-0.32	1.01	17.88	17.88	6.65	-15.61	-2.04	67.30	相对角度姿态	-15.61	-2.04		
Mac:DA:3E:20:B6:30:BA传感器0	-0.06	-0.31	0.98	12.21	12.21	-7.51	-15.07	-2.37	68.41	相对角度姿态	-15.07	-2.37		
Mac:DA:3E:20:B6:30:BA传感器0	-0.11	-0.20	1.12	-8.91	-8.91	2.32	-14.11	-2.32	69.13	相对角度姿态	-14.11	-2.32		
Mac:DA:3E:20:B6:30:BA传感器0	0.04	-0.30	0.99	-11.23	-11.23	-4.58	-14.62	-2.08	69.39	相对角度姿态	-14.62	-2.08		
Mac:DA:3E:20:B6:30:BA传感器0	0.20	-0.29	0.71	-14.59	-14.59	-1.46	-15.55	-1.48	69.99	相对角度姿态	-15.55	-1.48		
Mac:DA:3E:20:B6:30:BA传感器0	0.50	-0.42	0.45	54.99	54.99	28.26	-16.33	-1.01	70.81	相对角度姿态	-16.33	-1.01		
Mac:DA:3E:20:B6:30:BA传感器0	0.27	0.10	0.86	35.46	35.46	74.77	-11.32	-1.08	77.70	相对角度姿态	-11.32	-1.08		
Mac:DA:3E:20:B6:30:BA传感器0	0.08	0.28	0.78	35.77	35.77	84.96	-6.61	-0.90	85.85	相对角度姿态	-6.61	-0.90		
Mac:DA:3E:20:B6:30:BA传感器0	-0.49	0.34	1.12	69.21	69.21	95.40	-1.25	-1.22	95.32	相对角度姿态	-1.25	-1.22		
Mac:DA:3E:20:B6:30:BA传感器0	-0.63	0.49	1.73	61.58	61.58	43.52	8.56	-0.27	101.90	相对角度姿态	8.56	-0.27		
Mac:DA:3E:20:B6:30:BA传感器0	-0.35	0.28	1.29	-12.51	-12.51	-3.91	10.50	1.72	103.30	相对角度姿态	10.50	1.72		
Mac:DA:3E:20:B6:30:BA传感器0	0.02	0.12	0.92	-9.83	-9.83	-1.65	8.89	3.45	102.44	相对角度姿态	8.89	3.45		
Mac:DA:3E:20:B6:30:BA传感器0	-0.00	0.15	0.93	-14.10	-14.10	-0.18	7.94	3.41	102.30	相对角度姿态	7.94	3.41		
Mac:DA:3E:20:B6:30:BA传感器0	-0.10	0.17	0.95	-0.73	-0.73	3.36	7.90	5.11	102.37	相对角度姿态	7.90	5.11		
Mac:DA:3E:20:B6:30:BA传感器0	-0.02	0.13	0.95	0.18	0.18	1.65	7.47	4.89	102.25	相对角度姿态	7.47	4.89		
Mac:DA:3E:20:B6:30:BA传感器0	-0.07	0.16	0.98	6.71	6.71	5.13	8.07	5.56	102.51	相对角度姿态	8.07	5.56		
Mac:DA:3E:20:B6:30:BA传感器0	-0.11	0.15	0.94	-1.65	-1.65	2.62	8.29	6.45	102.50	相对角度姿态	8.29	6.45		
Mac:DA:3E:20:B6:30:BA传感器0	-0.09	0.17	0.98	-7.32	-7.32	3.11	8.05	5.89	102.57	相对角度姿态	8.05	5.89		
Mac:DA:3E:20:B6:30:BA传感器0	-0.09	0.18	0.97	2.50	2.50	3.42	8.21	7.22	102.53	相对角度姿态	8.21	7.22		
Mac:DA:3E:20:B6:30:BA传感器0	-0.14	0.18	0.94	-2.56	-2.56	7.39	8.72	8.25	102.96	相对角度姿态	8.72	8.25		
Mac:DA:3E:20:B6:30:BA传感器0	-0.15	0.17	0.92	-1.04	-1.04	2.38	8.73	8.72	102.82	相对角度姿态	8.73	8.72		
Mac:DA:3E:20:B6:30:BA传感器0	-0.11	0.15	0.95	-5.49	-5.49	0.31	8.44	8.33	102.55	相对角度姿态	8.44	8.33		
Mac:DA:3E:20:B6:30:BA传感器0	-0.13	0.16	0.96	0.79	0.79	1.53	8.12	7.93	102.38	相对角度姿态	8.12	7.93		
Mac:DA:3E:20:B6:30:BA传感器0	-0.12	0.14	0.92	-1.83	-1.83	0.43	7.94	7.82	102.12	相对角度姿态	7.94	7.82		
Mac:DA:3E:20:B6:30:BA传感器0	-0.11	0.15	0.94	-1.53	-1.53	-1.04	7.86	7.44	101.88	相对角度姿态	7.86	7.44		
Mac:DA:3E:20:B6:30:BA传感器0	-0.10	0.15	0.96	-2.01	-2.01	-1.16	7.84	7.44	101.64	相对角度姿态	7.84	7.44		
Mac:DA:3E:20:B6:30:BA传感器0	-0.11	0.17	0.97	-2.75	-2.75	-0.24	7.94	7.31	101.43	相对角度姿态	7.94	7.31		
Mac:DA:3E:20:B6:30:BA传感器0	-0.11	0.16	0.96	-0.98	-0.98	-0.73	7.65	7.20	101.11	相对角度姿态	7.65	7.20		
Mac:DA:3E:20:B6:30:BA传感器0	-0.10	0.13	0.94	-4.94	-4.94	-2.08	7.14	6.88	100.70	相对角度姿态	7.14	6.88		
Mac:DA:3E:20:B6:30:BA传感器0	-0.10	0.11	0.93	-5.74	-5.74	-1.95	6.76	6.65	100.40	相对角度姿态	6.76	6.65		
Mac:DA:3E:20:B6:30:BA传感器0	-0.09	0.13	0.94	-3.60	-3.60	-0.61	6.44	6.50	100.15	相对角度姿态	6.44	6.50		
Mac:DA:3E:20:B6:30:BA传感器0	-0.08	0.12	0.95	-3.11	-3.11	0.18	6.20	6.34	99.93	相对角度姿态	6.20	6.34		
Mac:DA:3E:20:B6:30:BA传感器0	-0.10	0.12	0.96	0.00	0.00	1.53	6.25	6.36	99.93	相对角度姿态	6.25	6.36		
Mac:DA:3E:20:B6:30:BA传感器0	-0.09	0.14	0.96	3.17	3.17	1.28	6.37	6.14	99.97	相对角度姿态	6.37	6.14		
Mac:DA:3E:20:B6:30:BA传感器0	-0.11	0.13	0.96	2.08	2.08	0.00	6.50	6.12	100.03	相对角度姿态	6.50	6.12		
Mac:DA:3E:20:B6:30:BA传感器0	-0.11	0.12	0.94	-0.06	-0.06	0.18	6.49	6.36	100.03	相对角度姿态	6.49	6.36		
Mac:DA:3E:20:B6:30:BA传感器0	-0.10	0.13	0.96	0.49	0.49	-0.79	6.53	6.32	99.90	相对角度姿态	6.53	6.32		
Mac:DA:3E:20:B6:30:BA传感器0	-0.11	0.13	0.95	-0.79	-0.79	-0.92	6.55	6.32	99.81	相对角度姿态	6.55	6.32		
Mac:DA:3E:20:B6:30:BA传感器0	-0.09	0.12	0.93	1.22	1.22	1.22	6.47	5.98	99.66	相对角度姿态	6.47	5.98		
Mac:DA:3E:20:B6:30:BA传感器0	-0.08	0.13	0.94	1.04	1.04	4.70	6.71	5.66	99.72	相对角度姿态	6.71	5.66		
Mac:DA:3E:20:B6:30:BA传感器0	-0.08	0.13	0.97	-0.67	-0.67	1.53	6.93	5.82	99.83	相对角度姿态	6.93	5.82		
Mac:DA:3E:20:B6:30:BA传感器0	-0.12	0.13	0.99	1.22	1.22	0.85	7.08	6.13	99.90	相对角度姿态	7.08	6.13		
Mac:DA:3E:20:B6:30:BA传感器0	-0.15	0.12	1.20	12.57	12.57	4.39	7.49	6.68	100.04	相对角度姿态	7.49	6.68		
Mac:DA:3E:20:B6:30:BA传感器0	-0.32	0.21	1.28	-25.33	-25.33	-2.75	6.81	7.79	100.27	相对角度姿态	6.81	7.79		
Mac:DA:3E:20:B6:30:BA传感器0	-0.32	0.22	1.24	-55.97	-55.97	-12.88	2.83	8.21	99.42	相对角度姿态	2.83	8.21		
Mac:DA:3E:20:B6:30:BA传感器0	-0.36	0.11	1.04	-68.54	-68.54	-33.81	-3.50	10.10	96.72	相对角度姿态	-3.50	10.10		
Mac:DA:3E:20:B6:30:BA传感器0	-0.36	0.02	0.84	-69.64	-69.64	-44.49	-10.53	11.29	92.37	相对角度姿态	-10.53	11.29		
Mac:DA:3E:20:B6:30:BA传感器0	-0.31	-0.15	0.56	-35.95	-35.95	-60.36	-17.29	10.93	87.21	相对角度姿态	-17.29	10.93		
Mac:DA:3E:20:B6:30:BA传感器0	-0.04	-0.33	0.56	-9.77	-9.77	-93.08	-21.14	9.60	80.29	相对角度姿态	-21.14	9.60		
Mac:DA:3E:20:B6:30:BA传感器0	-0.03	-0.27	0.70	39.25	39.25	-68.18	-21.40	7.68	73.17	相对角度姿态	-21.40	7.68		
Mac:DA:3E:20:B6:30:BA传感器0	-0.08	-0.20	0.86	40.41	40.41	-68.54	-17.76	7.04	67.36	相对角度姿态	-17.76	7.04		
Mac:DA:3E:20:B6:30:BA传感器0	0.10	-0.28	0.96	36.87	36.87	-50.29	-14.40	4.00	62.82	相对角度姿态	-14.40	4.00		
Mac:DA:3E:20:B6:30:BA传感器0	0.01	-0.13	0.99	48.71	48.71	-18.92	-9.94	3.31	60.96	相对角度姿态	-9.94	3.31		
Mac:DA:3E:20:B6:30:BA传感器0	-0.14	-0.08	0.93	49.56	49.56	-37.17	-5.08	2.68	60.04	相对角度姿态	-5.08	2.68		
Mac:DA:3E:20:B6:30:BA传感器0	-0.15	-0.03	0.98	35.64	35.64	-16.66	-0.56	2.52	58.53	相对角度姿态	-0.56	2.52		
Mac:DA:3E:20:B6:30:BA传感器0	-0.15	0.09	1.04	41.99	41.99	-7.69	3.91	2.28	58.84	相对角度姿态	3.91	2.28		
Mac:DA:3E:20:B6:30:BA传感器0	-0.12	0.17	0.99	55.18	55.18	1.16	8.03	3.00	59.90	相对角度姿态	8.03	3.00		
Mac:DA:3E:20:B6:30:BA传感器0	0.05	0.24	1.09	37.54	37.54	3.05	12.47	3.20	61.27	相对角度姿态	12.47	3.20		
Mac:DA:3E:20:B6:30:BA传感器0	0.02	0.28	1.06	24.29	24.29	21.67	15.92	3.41	64.09	相对角度姿态	15.92	3.41		
Mac:DA:3E:20:B6:30:BA传感器0	-0.14	0.32	0.94	1.04	1.04	50.42	17.31	4.09	69.02	相对角度姿态	17.31	4.09		
Mac:DA:3E:20:B6:30:BA传感器0	-0.13	0.38	0.93	3.23	3.23	63.84	18.35	4.55	75.69	相对角度姿态	18.35	4.55		
Mac:DA:3E:20:B6:30:BA传感器0	-0.10	0.37	0.99	-7.26	-7.26	70.86	18.48	4.14	82.80	相对角度姿态	18.48	4.14		
Mac:DA:3E:20:B6:30:BA传感器0	-0.17	0.35	1.00	-19.17	-19.17	77.09	18.20	4.46	90.85	相对角度姿态	18.20	4.46		
Mac:DA:3E:20:B6:30:BA传感器0	-0.30	0.35	0.98	-23.62	-23.62	72.57	16.47	4.75	98.59	相对角度姿态	16.47	4.75		
Mac:DA:3E:20:B6:30:BA传感器0	-0.31	0.30	1.06	-30.33	-30.33	35.40	14.36	5.92	103.84	相对角度姿态	14.36	5.92		
Mac:DA:3E:20:B6:30:BA传感器0	-0.27	0.22	0.97	-33.26	-33.26	1.53	11.05	8.14	105.76	相对角度姿态	11.05	8.14		
Mac:DA:3E:20:B6:30:BA传感器0	-0.21	0.13	0.78	-57.19	-57.19	4.76	6.62	10.21	105.96	相对角度姿态	6.62	10.21		
Mac:DA:3E:20:B6:30:BA传感器0	-0.12	0.03	0.67	-13.98	-13.98	8.12	3.15	10.17	106.18	相对角度姿态	3.15	10.17		
Mac:DA:3E:20:B6:30:BA传感器0	-0.06	0.01	0.80	2.38	2.38	-3.78	2.07	9.84	105.60	相对角度姿态	2.07	9.84		
Mac:DA:3E:20:B6:30:BA传感器0	-0.06	0.01	1.00	3.05	3.05	-2.87	2.14	9.45	104.67	相对角度姿态	2.14	9.45		
Mac:DA:3E:20:B6:30:BA传感器0	-0.09	0.04	1.03	2.81	2.81	1.04	2.31	9.35	104.11	相对角度姿态	2.31	9.35		
Mac:DA:3E:20:B6:30:BA传感器0	-0.10	0.05	0.98	0.00	0.00	-3.85	2.40	8.84	103.50	相对角度姿态	2.40	8.84		
Mac:DA:3E:20:B6:30:BA传感器0	-0.08	0.04	0.98	1.65	1.65	-1.59	2.40	8.38	102.79	相对角度姿态	2.40	8.38		
Mac:DA:3E:20:B6:30:BA传感器0	-0.08	0.04	0.96	2.69	2.69	0.24	2.48	7.99	102.29	相对角度姿态	2.48	7.99		
Mac:DA:3E:20:B6:30:BA传感器0	-0.08	0.05	0.98	3.30	3.30	1.59	2.69	7.69	101.96	相对角度姿态	2.69	7.69		
Mac:DA:3E:20:B6:30:BA传感器0	-0.09	0.05	0.95	5.13	5.13	2.08	2.94	7.36	101.76	相对角度姿态	2.94	7.36		
Mac:DA:3E:20:B6:30:BA传感器0	-0.07	0.06	1.00	3.11	3.11	0.24	3.37	7.10	101.52	相对角度姿态	3.37	7.10		
Mac:DA:3E:20:B6:30:BA传感器0	-0.08	0.06	0.97	2.69	2.69	0.00	3.64	7.47	101.13	相对角度姿态	3.64	7.47		
Mac:DA:3E:20:B6:30:BA传感器0	-0.09	0.07	0.97	2.44	2.44	0.73	3.80	7.52	100.90	相对角度姿态	3.80	7.52		
Mac:DA:3E:20:B6:30:BA传感器0	-0.10	0.08	0.97	1.34	1.34	-1.34	4.01	7.26	100.63	相对角度姿态	4.01	7.26		
Mac:DA:3E:20:B6:30:BA传感器0	-0.09	0.06	0.97	2.08	2.08	-0.12	3.99	7.12	100.26	相对角度姿态	3.99	7.12		
Mac:DA:3E:20:B6:30:BA传感器0	-0.08	0.08	0.96	-0.55	-0.55	-0.79	4.22	6.84	100.07	相对角度姿态	4.22	6.84		
Mac:DA:3E:20:B6:30:BA传感器0	-0.08	0.08	0.96	0.79	0.79	-0.06	4.36	6.78	99.83	相对角度姿态	4.36	6.78		
Mac:DA:3E:20:B6:30:BA传感器0	-0.10	0.10	0.99	-6.23	-6.23	-2.50	4.41	6.60	99.54	相对角度姿态	4.41	6.60		
Mac:DA:3E:20:B6:30:BA传感器0	-0.08	0.09	0.98	0.00	0.00	-0.12	4.16	6.21	99.22	相对角度姿态	4.16	6.21		
Mac:DA:3E:20:B6:30:BA传感器0	-0.08	0.08	0.97	2.99	2.99	1.89	4.23	6.09	99.18	相对角度姿态	4.23	6.09		
Mac:DA:3E:20:B6:30:BA传感器0	-0.10	0.08	0.96	0.00	0.00	2.20	4.28	6.30	99.21	相对角度姿态	4.28	6.30		
Mac:DA:3E:20:B6:30:BA传感器0	-0.10	0.09	0.97	0.67	0.67	-0.79	4.48	6.59	99.10	相对角度姿态	4.48	6.59		
Mac:DA:3E:20:B6:30:BA传感器0	-0.09	0.09	0.96	2.20	2.20	2.01	4.64	6.40	98.96	相对角度姿态	4.64	6.40		
Mac:DA:3E:20:B6:30:BA传感器0	-0.10	0.10	0.99	3.17	3.17	1.22	4.89	6.36	98.96	相对角度姿态	4.89	6.36		
Mac:DA:3E:20:B6:30:BA传感器0	-0.14	0.07	0.98	2.81	2.81	-1.89	5.08	6.39	98.84	相对角度姿态	5.08	6.39		
Mac:DA:3E:20:B6:30:BA传感器0	-0.17	0.07	1.07	7.87	7.87	-0.85	5.60	5.49	98.67	相对角度姿态	5.60	5.49		
Mac:DA:3E:20:B6:30:BA传感器0	-0.36	0.26	1.36	2.38	2.38	-12.94	6.88	4.42	98.64	相对角度姿态	6.88	4.42		
Mac:DA:3E:20:B6:30:BA传感器0	-0.32	0.30	1.34	-15.63	-15.63	-46.14	5.93	5.12	96.17	相对角度姿态	5.93	5.12		
Mac:DA:3E:20:B6:30:BA传感器0	-0.22	0.37	1.12	-47.06	-47.06	-24.96	2.71	3.85	92.85	相对角度姿态	2.71	3.85		
Mac:DA:3E:20:B6:30:BA传感器0	0.11	0.22	0.94	-83.01	-83.01	-75.26	-2.77	4.92	87.34	相对角度姿态	-2.77	4.92		
Mac:DA:3E:20:B6:30:BA传感器0	0.49	-0.38	0.41	-73.73	-73.73	-45.96	-11.74	8.22	79.54	相对角度姿态	-11.74	8.22		
Mac:DA:3E:20:B6:30:BA传感器0	0.06	-0.35	0.64	4.27	4.27	10.74	-16.70	7.06	81.00	相对角度姿态	-16.70	7.06		
Mac:DA:3E:20:B6:30:BA传感器0	-0.00	-0.35	0.89	2.69	2.69	-1.59	-17.26	5.33	82.15	相对角度姿态	-17.26	5.33		
Mac:DA:3E:20:B6:30:BA传感器0	-0.17	-0.25	1.06	0.37	0.37	5.68	-16.52	4.53	83.90	相对角度姿态	-16.52	4.53		
Mac:DA:3E:20:B6:30:BA传感器0	-0.19	-0.26	1.01	7.08	7.08	-5.55	-16.34	4.18	84.74	相对角度姿态	-16.34	4.18		
Mac:DA:3E:20:B6:30:BA传感器0	-0.26	-0.28	0.90	6.16	6.16	-7.20	-16.19	4.11	84.98	相对角度姿态	-16.19	4.11		
Mac:DA:3E:20:B6:30:BA传感器0	-0.25	-0.26	0.71	12.45	12.45	-11.29	-15.76	3.70	84.80	相对角度姿态	-15.76	3.70		
Mac:DA:3E:20:B6:30:BA传感器0	-0.21	-0.22	0.75	39.98	39.98	-33.02	-14.28	3.10	84.56	相对角度姿态	-14.28	3.10		
Mac:DA:3E:20:B6:30:BA传感器0	-0.33	-0.09	0.86	42.48	42.48	-49.38	-10.33	5.31	80.78	相对角度姿态	-10.33	5.31		
Mac:DA:3E:20:B6:30:BA传感器0	-0.05	0.00	0.89	32.78	32.78	-54.44	-6.71	4.33	75.62	相对角度姿态	-6.71	4.33		
Mac:DA:3E:20:B6:30:BA传感器0	-0.01	0.07	0.67	63.29	63.29	-10.01	-1.17	4.65	71.70	相对角度姿态	-1.17	4.65		
Mac:DA:3E:20:B6:30:BA传感器0	-0.02	0.45	1.39	54.63	54.63	-16.66	5.94	0.79	70.63	相对角度姿态	5.94	0.79		
Mac:DA:3E:20:B6:30:BA传感器0	0.43	0.01	1.59	6.77	6.77	-14.65	8.42	-3.59	67.17	相对角度姿态	8.42	-3.59		
Mac:DA:3E:20:B6:30:BA传感器0	-0.23	0.16	1.06	-1.77	-1.77	1.46	8.57	-0.39	69.51	相对角度姿态	8.57	-0.39		
Mac:DA:3E:20:B6:30:BA传感器0	-0.10	0.05	0.99	-15.20	-15.20	-10.31	7.65	0.29	69.60	相对角度姿态	7.65	0.29		
Mac:DA:3E:20:B6:30:BA传感器0	-0.18	0.12	0.92	-12.45	-12.45	-4.21	7.23	1.21	70.41	相对角度姿态	7.23	1.21		
Mac:DA:3E:20:B6:30:BA传感器0	-0.05	0.13	0.95	-2.08	-2.08	-5.13	6.83	1.03	70.71	相对角度姿态	6.83	1.03		
Mac:DA:3E:20:B6:30:BA传感器0	0.34	0.29	1.04	26.12	26.12	-16.48	8.04	1.69	70.52	相对角度姿态	8.04	1.69		
Mac:DA:3E:20:B6:30:BA传感器0	0.57	0.25	0.98	-25.33	-25.33	53.71	7.70	1.44	71.93	相对角度姿态	7.70	1.44		
Mac:DA:3E:20:B6:30:BA传感器0	0.31	0.41	0.96	-6.90	-6.90	98.82	7.01	-0.05	79.74	相对角度姿态	7.01	-0.05		
Mac:DA:3E:20:B6:30:BA传感器0	-0.33	0.40	0.88	-9.77	-9.77	96.62	7.28	1.29	89.66	相对角度姿态	7.28	1.29		
Mac:DA:3E:20:B6:30:BA传感器0	-0.88	0.32	0.94	30.03	30.03	108.22	8.25	1.60	99.55	相对角度姿态	8.25	1.60		
Mac:DA:3E:20:B6:30:BA传感器0	-0.65	0.11	0.77	3.23	3.23	6.84	10.15	8.76	105.24	相对角度姿态	10.15	8.76		
Mac:DA:3E:20:B6:30:BA传感器0	-0.30	0.11	0.92	6.84	6.84	5.86	10.71	11.32	105.91	相对角度姿态	10.71	11.32		
Mac:DA:3E:20:B6:30:BA传感器0	-0.27	0.23	0.96	-5.98	-5.98	-1.40	11.46	12.85	106.25	相对角度姿态	11.46	12.85		
Mac:DA:3E:20:B6:30:BA传感器0	-0.18	0.18	0.92	-1.77	-1.77	0.18	11.21	13.77	105.67	相对角度姿态	11.21	13.77		
Mac:DA:3E:20:B6:30:BA传感器0	-0.09	0.13	0.90	-4.03	-4.03	7.14	10.84	12.96	105.11	相对角度姿态	10.84	12.96		
Mac:DA:3E:20:B6:30:BA传感器0	-0.15	0.19	0.92	-3.11	-3.11	2.14	10.95	12.75	104.97	相对角度姿态	10.95	12.75		
Mac:DA:3E:20:B6:30:BA传感器0	-0.19	0.21	0.91	2.75	2.75	-1.59	10.89	12.68	104.47	相对角度姿态	10.89	12.68		
Mac:DA:3E:20:B6:30:BA传感器0	-0.13	0.17	0.93	-0.06	-0.06	-2.01	10.77	12.49	103.78	相对角度姿态	10.77	12.49		
Mac:DA:3E:20:B6:30:BA传感器0	-0.16	0.18	0.91	1.22	1.22	0.06	10.84	12.41	103.39	相对角度姿态	10.84	12.41		
Mac:DA:3E:20:B6:30:BA传感器0	-0.18	0.20	0.93	3.78	3.78	-0.79	11.05	12.24	103.04	相对角度姿态	11.05	12.24		
Mac:DA:3E:20:B6:30:BA传感器0	-0.15	0.18	0.91	0.12	0.12	-0.79	10.94	12.13	102.60	相对角度姿态	10.94	12.13		
Mac:DA:3E:20:B6:30:BA传感器0	-0.17	0.19	0.93	1.46	1.46	1.65	11.13	11.83	102.32	相对角度姿态	11.13	11.83		
Mac:DA:3E:20:B6:30:BA传感器0	-0.15	0.20	0.92	3.05	3.05	-0.49	11.33	11.44	101.94	相对角度姿态	11.33	11.44		
Mac:DA:3E:20:B6:30:BA传感器0	-0.15	0.20	0.91	0.06	0.06	-0.31	11.34	11.04	101.55	相对角度姿态	11.34	11.04		
Mac:DA:3E:20:B6:30:BA传感器0	-0.16	0.19	0.91	-1.71	-1.71	-2.20	11.27	10.95	101.21	相对角度姿态	11.27	10.95		
Mac:DA:3E:20:B6:30:BA传感器0	-0.16	0.18	0.91	-1.83	-1.83	-2.93	11.10	10.83	100.82	相对角度姿态	11.10	10.83		
Mac:DA:3E:20:B6:30:BA传感器0	-0.15	0.19	0.91	-2.99	-2.99	-2.69	10.90	10.65	100.43	相对角度姿态	10.90	10.65		
Mac:DA:3E:20:B6:30:BA传感器0	-0.13	0.19	0.92	0.06	0.06	-1.28	10.84	10.44	100.06	相对角度姿态	10.84	10.44		
Mac:DA:3E:20:B6:30:BA传感器0	-0.14	0.19	0.93	0.00	0.00	1.10	10.84	10.38	99.88	相对角度姿态	10.84	10.38		
Mac:DA:3E:20:B6:30:BA传感器0	-0.15	0.19	0.91	1.65	1.65	2.87	10.91	10.34	99.83	相对角度姿态	10.91	10.34		
Mac:DA:3E:20:B6:30:BA传感器0	-0.13	0.19	0.96	2.32	2.32	0.92	11.15	9.99	99.71	相对角度姿态	11.15	9.99		
Mac:DA:3E:20:B6:30:BA传感器0	-0.17	0.20	0.92	1.28	1.28	-0.67	11.04	10.16	99.61	相对角度姿态	11.04	10.16		
Mac:DA:3E:20:B6:30:BA传感器0	-0.12	0.19	0.92	2.81	2.81	0.18	11.11	9.87	99.31	相对角度姿态	11.11	9.87		
Mac:DA:3E:20:B6:30:BA传感器0	-0.14	0.19	0.92	-3.78	-3.78	2.26	11.15	9.98	99.26	相对角度姿态	11.15	9.98		
Mac:DA:3E:20:B6:30:BA传感器0	-0.17	0.20	0.91	-1.71	-1.71	1.59	11.04	10.13	99.35	相对角度姿态	11.04	10.13		
Mac:DA:3E:20:B6:30:BA传感器0	-0.16	0.20	0.91	-1.34	-1.34	-0.61	11.02	10.10	99.26	相对角度姿态	11.02	10.10		
Mac:DA:3E:20:B6:30:BA传感器0	-0.14	0.19	0.93	-2.26	-2.26	-0.31	10.83	9.87	99.06	相对角度姿态	10.83	9.87		
Mac:DA:3E:20:B6:30:BA传感器0	-0.15	0.19	0.91	0.06	0.06	-0.43	10.71	9.93	98.90	相对角度姿态	10.71	9.93		
Mac:DA:3E:20:B6:30:BA传感器0	-0.14	0.19	0.92	-2.01	-2.01	0.31	10.67	9.90	98.76	相对角度姿态	10.67	9.90		
Mac:DA:3E:20:B6:30:BA传感器0	-0.16	0.19	0.90	-0.79	-0.79	-0.24	10.67	9.82	98.72	相对角度姿态	10.67	9.82		
Mac:DA:3E:20:B6:30:BA传感器0	-0.15	0.20	0.92	0.24	0.24	-1.53	10.82	9.75	98.60	相对角度姿态	10.82	9.75		
Mac:DA:3E:20:B6:30:BA传感器0	-0.15	0.20	0.92	5.00	5.00	-0.85	11.03	9.70	98.45	相对角度姿态	11.03	9.70		
Mac:DA:3E:20:B6:30:BA传感器0	-0.18	0.22	0.92	0.37	0.37	0.24	11.45	9.75	98.44	相对角度姿态	11.45	9.75		
Mac:DA:3E:20:B6:30:BA传感器0	-0.17	0.21	0.95	13.61	13.61	-0.85	11.95	9.89	98.37	相对角度姿态	11.95	9.89		
Mac:DA:3E:20:B6:30:BA传感器0	-0.18	0.25	1.13	15.69	15.69	1.04	12.79	9.71	98.31	相对角度姿态	12.79	9.71		
Mac:DA:3E:20:B6:30:BA传感器0	-0.18	0.32	1.23	14.04	14.04	-6.59	14.15	10.52	98.32	相对角度姿态	14.15	10.52		
Mac:DA:3E:20:B6:30:BA传感器0	-0.24	0.39	1.28	7.32	7.32	4.58	16.28	12.47	98.83	相对角度姿态	16.28	12.47		
Mac:DA:3E:20:B6:30:BA传感器0	-0.40	0.61	1.08	-31.80	-31.80	-2.26	15.99	11.89	99.68	相对角度姿态	15.99	11.89		
Mac:DA:3E:20:B6:30:BA传感器0	-0.27	0.50	0.80	-61.16	-61.16	-14.83	11.94	13.06	98.14	相对角度姿态	11.94	13.06		
Mac:DA:3E:20:B6:30:BA传感器0	-0.03	-0.11	0.28	-100.71	-100.71	-24.90	3.52	13.89	97.21	相对角度姿态	3.52	13.89		
Mac:DA:3E:20:B6:30:BA传感器0	-0.05	-0.29	0.46	-33.63	-33.63	15.93	-5.11	13.57	97.45	相对角度姿态	-5.11	13.57		
Mac:DA:3E:20:B6:30:BA传感器0	-0.13	-0.15	0.88	-7.81	-7.81	-7.87	-7.38	12.06	98.24	相对角度姿态	-7.38	12.06		
Mac:DA:3E:20:B6:30:BA传感器0	-0.19	-0.06	1.02	2.75	2.75	6.77	-7.56	10.75	98.70	相对角度姿态	-7.56	10.75		
Mac:DA:3E:20:B6:30:BA传感器0	-0.30	-0.06	0.96	7.14	7.14	5.25	-7.36	10.18	99.46	相对角度姿态	-7.36	10.18		
Mac:DA:3E:20:B6:30:BA传感器0	-0.38	-0.06	0.97	-0.55	-0.55	1.53	-6.80	9.64	99.75	相对角度姿态	-6.80	9.64		
Mac:DA:3E:20:B6:30:BA传感器0	-0.47	-0.00	0.96	-9.46	-9.46	-25.94	-6.91	9.65	98.86	相对角度姿态	-6.91	9.65		
Mac:DA:3E:20:B6:30:BA传感器0	-0.42	0.05	0.94	-1.04	-1.04	-57.31	-8.31	9.07	94.77	相对角度姿态	-8.31	9.07		
Mac:DA:3E:20:B6:30:BA传感器0	0.18	-0.04	0.88	6.23	6.23	-94.85	-7.73	7.56	79.71	相对角度姿态	-7.73	7.56		
Mac:DA:3E:20:B6:30:BA传感器0	0.18	-0.04	0.88	6.23	6.23	-94.85	-7.73	7.56	79.71	相对角度姿态	-7.73	7.56		
Mac:DA:3E:20:B6:30:BA传感器0	0.62	-0.25	1.09	-9.16	-9.16	-43.33	-7.49	0.13	74.29	相对角度姿态	-7.49	0.13		
Mac:DA:3E:20:B6:30:BA传感器0	0.30	-0.23	1.10	3.42	3.42	-28.50	-7.35	-3.38	72.01	相对角度姿态	-7.35	-3.38		
Mac:DA:3E:20:B6:30:BA传感器0	0.07	-0.19	1.06	-9.03	-9.03	-8.61	-7.68	-4.53	71.48	相对角度姿态	-7.68	-4.53		
Mac:DA:3E:20:B6:30:BA传感器0	0.11	-0.18	1.04	-9.64	-9.64	-20.87	-8.13	-4.69	71.38	相对角度姿态	-8.13	-4.69		
Mac:DA:3E:20:B6:30:BA传感器0	0.09	-0.20	0.97	-2.50	-2.50	-22.28	-8.70	-3.93	70.65	相对角度姿态	-8.70	-3.93		
Mac:DA:3E:20:B6:30:BA传感器0	0.13	-0.20	0.91	7.45	7.45	-17.94	-8.63	-2.98	70.24	相对角度姿态	-8.63	-2.98		
Mac:DA:3E:20:B6:30:BA传感器0	0.32	-0.27	0.60	25.76	25.76	-30.33	-8.54	-1.28	69.52	相对角度姿态	-8.54	-1.28		
Mac:DA:3E:20:B6:30:BA传感器0	0.41	-0.02	0.77	39.67	39.67	49.38	-5.48	0.72	71.33	相对角度姿态	-5.48	0.72		
Mac:DA:3E:20:B6:30:BA传感器0	0.19	0.26	0.59	36.93	36.93	85.94	-2.04	1.65	78.55	相对角度姿态	-2.04	1.65		
Mac:DA:3E:20:B6:30:BA传感器0	-0.35	0.40	1.10	28.99	28.99	99.61	2.97	1.48	87.57	相对角度姿态	2.97	1.48		
Mac:DA:3E:20:B6:30:BA传感器0	-0.79	0.58	1.38	44.92	44.92	73.43	8.92	1.98	95.49	相对角度姿态	8.92	1.98		
Mac:DA:3E:20:B6:30:BA传感器0	-0.60	0.19	1.31	-11.96	-11.96	15.44	11.09	4.94	99.27	相对角度姿态	11.09	4.94		
Mac:DA:3E:20:B6:30:BA传感器0	-0.29	0.16	0.92	-0.55	-0.55	2.50	10.27	6.77	100.04	相对角度姿态	10.27	6.77		
Mac:DA:3E:20:B6:30:BA传感器0	-0.13	0.13	0.90	7.63	7.63	6.35	9.73	7.82	100.07	相对角度姿态	9.73	7.82		
Mac:DA:3E:20:B6:30:BA传感器0	-0.08	0.19	0.92	-0.55	-0.55	9.70	9.96	7.69	100.57	相对角度姿态	9.96	7.69		
Mac:DA:3E:20:B6:30:BA传感器0	-0.20	0.20	0.92	-7.63	-7.63	1.40	10.98	10.09	101.09	相对角度姿态	10.98	10.09		
Mac:DA:3E:20:B6:30:BA传感器0	-0.15	0.19	0.93	2.50	2.50	5.68	10.48	9.05	101.06	相对角度姿态	10.48	9.05		
Mac:DA:3E:20:B6:30:BA传感器0	-0.15	0.15	0.90	-3.48	-3.48	1.28	10.40	9.11	100.90	相对角度姿态	10.40	9.11		
Mac:DA:3E:20:B6:30:BA传感器0	-0.17	0.20	0.92	-1.04	-1.04	0.92	10.57	9.62	100.95	相对角度姿态	10.57	9.62		
Mac:DA:3E:20:B6:30:BA传感器0	-0.18	0.20	0.92	0.18	0.18	1.65	10.70	9.93	100.84	相对角度姿态	10.70	9.93		
Mac:DA:3E:20:B6:30:BA传感器0	-0.16	0.21	0.92	-0.37	-0.37	-0.98	10.79	10.07	100.66	相对角度姿态	10.79	10.07		
Mac:DA:3E:20:B6:30:BA传感器0	-0.17	0.21	0.93	1.28	1.28	-0.37	10.89	10.13	100.44	相对角度姿态	10.89	10.13		
Mac:DA:3E:20:B6:30:BA传感器0	-0.14	0.18	0.92	-3.54	-3.54	-2.56	10.77	10.16	100.10	相对角度姿态	10.77	10.16		
Mac:DA:3E:20:B6:30:BA传感器0	-0.17	0.20	0.90	-1.22	-1.22	-0.37	10.72	10.27	99.97	相对角度姿态	10.72	10.27		
Mac:DA:3E:20:B6:30:BA传感器0	-0.16	0.19	0.90	2.01	2.01	2.69	10.71	10.05	99.86	相对角度姿态	10.71	10.05		
Mac:DA:3E:20:B6:30:BA传感器0	-0.14	0.20	0.93	1.65	1.65	0.18	10.93	9.78	99.81	相对角度姿态	10.93	9.78		
Mac:DA:3E:20:B6:30:BA传感器0	-0.16	0.20	0.91	0.31	0.31	0.31	11.02	9.74	99.66	相对角度姿态	11.02	9.74		
Mac:DA:3E:20:B6:30:BA传感器0	-0.15	0.19	0.90	0.61	0.61	-0.18	11.07	9.75	99.45	相对角度姿态	11.07	9.75		
Mac:DA:3E:20:B6:30:BA传感器0	-0.15	0.21	0.92	-2.20	-2.20	-1.04	11.18	9.60	99.30	相对角度姿态	11.18	9.60		
Mac:DA:3E:20:B6:30:BA传感器0	-0.15	0.21	0.92	2.14	2.14	-0.92	11.22	9.58	99.07	相对角度姿态	11.22	9.58		
Mac:DA:3E:20:B6:30:BA传感器0	-0.15	0.19	0.91	-1.89	-1.89	-0.24	11.20	9.48	98.82	相对角度姿态	11.20	9.48		
Mac:DA:3E:20:B6:30:BA传感器0	-0.16	0.19	0.91	0.55	0.55	0.18	11.16	9.47	98.70	相对角度姿态	11.16	9.47		
Mac:DA:3E:20:B6:30:BA传感器0	-0.14	0.20	0.90	-1.95	-1.95	-0.79	11.13	9.27	98.54	相对角度姿态	11.13	9.27		
Mac:DA:3E:20:B6:30:BA传感器0	-0.15	0.19	0.89	1.71	1.71	0.55	11.15	9.18	98.38	相对角度姿态	11.15	9.18		
Mac:DA:3E:20:B6:30:BA传感器0	-0.15	0.20	0.93	-2.99	-2.99	-0.49	11.34	9.21	98.36	相对角度姿态	11.34	9.21		
Mac:DA:3E:20:B6:30:BA传感器0	-0.16	0.21	0.91	-0.12	-0.12	-1.89	11.45	9.40	98.24	相对角度姿态	11.45	9.40		
Mac:DA:3E:20:B6:30:BA传感器0	-0.13	0.21	0.92	-1.71	-1.71	-0.12	11.52	9.25	98.08	相对角度姿态	11.52	9.25		
Mac:DA:3E:20:B6:30:BA传感器0	-0.15	0.22	0.91	1.53	1.53	0.85	11.60	9.22	98.06	相对角度姿态	11.60	9.22		
Mac:DA:3E:20:B6:30:BA传感器0	-0.16	0.21	0.90	0.31	0.31	1.10	11.56	9.16	98.03	相对角度姿态	11.56	9.16		
Mac:DA:3E:20:B6:30:BA传感器0	-0.14	0.22	0.93	1.77	1.77	-0.12	11.69	9.07	97.94	相对角度姿态	11.69	9.07		
Mac:DA:3E:20:B6:30:BA传感器0	-0.16	0.20	0.90	-2.38	-2.38	0.06	11.63	9.31	97.88	相对角度姿态	11.63	9.31		
Mac:DA:3E:20:B6:30:BA传感器0	-0.16	0.20	0.87	-0.43	-0.43	0.31	11.69	9.32	97.83	相对角度姿态	11.69	9.32		
Mac:DA:3E:20:B6:30:BA传感器0	-0.16	0.21	0.92	3.23	3.23	-0.06	11.98	9.00	97.72	相对角度姿态	11.98	9.00		
Mac:DA:3E:20:B6:30:BA传感器0	-0.15	0.21	0.90	0.24	0.24	-0.31	12.32	9.00	97.65	相对角度姿态	12.32	9.00		
Mac:DA:3E:20:B6:30:BA传感器0	-0.20	0.23	0.88	-1.04	-1.04	0.49	12.84	9.40	97.74	相对角度姿态	12.84	9.40		
Mac:DA:3E:20:B6:30:BA传感器0	-0.15	0.24	0.93	17.03	17.03	-0.49	13.73	9.05	97.43	相对角度姿态	13.73	9.05		
Mac:DA:3E:20:B6:30:BA传感器0	-0.14	0.26	1.11	18.01	18.01	1.22	15.17	8.51	97.42	相对角度姿态	15.17	8.51		
Mac:DA:3E:20:B6:30:BA传感器0	-0.20	0.30	1.09	14.40	14.40	-2.26	16.61	8.61	97.53	相对角度姿态	16.61	8.61		
Mac:DA:3E:20:B6:30:BA传感器0	-0.27	0.51	1.32	42.72	42.72	-6.10	19.94	9.43	97.33	相对角度姿态	19.94	9.43		
Mac:DA:3E:20:B6:30:BA传感器0	-0.28	0.62	1.12	-59.94	-59.94	-11.05	20.61	9.37	96.20	相对角度姿态	20.61	9.37		
Mac:DA:3E:20:B6:30:BA传感器0	-0.07	0.54	0.83	-100.04	-100.04	-27.10	13.95	8.02	94.28	相对角度姿态	13.95	8.02		
Mac:DA:3E:20:B6:30:BA传感器0	0.05	-0.12	0.11	-105.04	-105.04	-34.55	3.73	10.57	91.61	相对角度姿态	3.73	10.57		
Mac:DA:3E:20:B6:30:BA传感器0	-0.01	-0.34	0.38	-34.12	-34.12	23.25	-5.78	10.50	91.95	相对角度姿态	-5.78	10.50		
Mac:DA:3E:20:B6:30:BA传感器0	0.06	-0.22	0.83	-16.36	-16.36	-7.93	-7.15	8.20	93.31	相对角度姿态	-7.15	8.20		
Mac:DA:3E:20:B6:30:BA传感器0	-0.09	-0.05	1.03	-0.37	-0.37	17.46	-6.76	7.47	94.30	相对角度姿态	-6.76	7.47		
Mac:DA:3E:20:B6:30:BA传感器0	-0.18	-0.05	0.95	-16.60	-16.60	8.42	-6.57	7.62	94.93	相对角度姿态	-6.57	7.62		
Mac:DA:3E:20:B6:30:BA传感器0	-0.22	-0.02	1.03	-6.23	-6.23	18.98	-6.37	7.67	96.24	相对角度姿态	-6.37	7.67		
Mac:DA:3E:20:B6:30:BA传感器0	-0.25	-0.09	0.96	-1.53	-1.53	14.10	-6.15	7.77	97.42	相对角度姿态	-6.15	7.77		
Mac:DA:3E:20:B6:30:BA传感器0	-0.34	-0.03	1.06	-2.56	-2.56	16.48	-5.77	7.77	99.21	相对角度姿态	-5.77	7.77		
Mac:DA:3E:20:B6:30:BA传感器0	-0.50	-0.04	0.90	-15.32	-15.32	-10.13	-7.12	9.43	98.54	相对角度姿态	-7.12	9.43		
Mac:DA:3E:20:B6:30:BA传感器0	-0.46	0.12	1.03	24.29	24.29	-21.12	-7.14	9.10	97.14	相对角度姿态	-7.14	9.10		
Mac:DA:3E:20:B6:30:BA传感器0	-0.44	0.28	0.88	-24.54	-24.54	-93.02	-5.95	8.33	92.50	相对角度姿态	-5.95	8.33		
Mac:DA:3E:20:B6:30:BA传感器0	0.20	-0.10	0.63	-9.83	-9.83	-121.46	-9.22	6.65	81.56	相对角度姿态	-9.22	6.65		
Mac:DA:3E:20:B6:30:BA传感器0	0.55	-0.08	1.31	-24.78	-24.78	-45.41	-8.23	0.43	74.27	相对角度姿态	-8.23	0.43		
Mac:DA:3E:20:B6:30:BA传感器0	0.36	-0.25	1.14	-12.21	-12.21	-18.68	-10.37	-2.08	71.86	相对角度姿态	-10.37	-2.08		
Mac:DA:3E:20:B6:30:BA传感器0	0.05	-0.19	1.08	-1.22	-1.22	-8.30	-10.12	-2.69	71.34	相对角度姿态	-10.12	-2.69		
Mac:DA:3E:20:B6:30:BA传感器0	-0.03	-0.20	1.01	4.58	4.58	-14.40	-10.23	-2.35	71.66	相对角度姿态	-10.23	-2.35		
Mac:DA:3E:20:B6:30:BA传感器0	-0.03	-0.26	0.83	-0.31	-0.31	-5.31	-11.29	-1.55	71.97	相对角度姿态	-11.29	-1.55		
Mac:DA:3E:20:B6:30:BA传感器0	0.03	-0.29	0.65	6.84	6.84	-3.17	-11.36	-0.45	72.68	相对角度姿态	-11.36	-0.45		
Mac:DA:3E:20:B6:30:BA传感器0	-0.04	-0.24	0.51	33.69	33.69	-0.18	-9.67	1.01	74.25	相对角度姿态	-9.67	1.01		
Mac:DA:3E:20:B6:30:BA传感器0	-0.12	-0.06	0.43	73.18	73.18	6.04	-5.71	2.19	74.95	相对角度姿态	-5.71	2.19		
Mac:DA:3E:20:B6:30:BA传感器0	-0.27	0.38	0.88	25.09	25.09	4.15	1.74	1.75	75.49	相对角度姿态	1.74	1.75		
Mac:DA:3E:20:B6:30:BA传感器0	-0.18	0.45	1.89	69.82	69.82	7.57	9.93	-2.24	75.75	相对角度姿态	9.93	-2.24		
Mac:DA:3E:20:B6:30:BA传感器0	-0.26	0.39	1.66	-11.17	-11.17	5.92	13.65	-2.24	76.73	相对角度姿态	13.65	-2.24		
Mac:DA:3E:20:B6:30:BA传感器0	-0.06	0.20	0.91	-32.17	-32.17	-17.82	11.31	-1.15	75.94	相对角度姿态	11.31	-1.15		
Mac:DA:3E:20:B6:30:BA传感器0	-0.08	0.15	0.84	-4.03	-4.03	-10.25	9.60	-0.45	75.17	相对角度姿态	9.60	-0.45		
Mac:DA:3E:20:B6:30:BA传感器0	0.04	0.15	0.90	-19.23	-19.23	-18.25	8.61	0.02	74.45	相对角度姿态	8.61	0.02		
Mac:DA:3E:20:B6:30:BA传感器0	0.19	0.18	0.99	-7.32	-7.32	2.93	7.95	-0.13	74.48	相对角度姿态	7.95	-0.13		
Mac:DA:3E:20:B6:30:BA传感器0	0.35	0.12	0.88	1.89	1.89	18.19	7.39	0.59	76.05	相对角度姿态	7.39	0.59		
Mac:DA:3E:20:B6:30:BA传感器0	0.17	0.25	0.81	-11.17	-11.17	57.86	7.36	2.19	81.15	相对角度姿态	7.36	2.19		
Mac:DA:3E:20:B6:30:BA传感器0	0.18	0.30	1.03	2.69	2.69	94.12	6.34	0.08	88.80	相对角度姿态	6.34	0.08		
Mac:DA:3E:20:B6:30:BA传感器0	-0.77	0.47	0.93	35.95	35.95	130.80	8.96	4.32	99.85	相对角度姿态	8.96	4.32		
Mac:DA:3E:20:B6:30:BA传感器0	-0.71	0.12	0.65	-0.55	-0.55	30.82	11.76	10.67	107.68	相对角度姿态	11.76	10.67		
Mac:DA:3E:20:B6:30:BA传感器0	-0.33	0.12	0.79	1.71	1.71	8.24	11.95	13.38	108.98	相对角度姿态	11.95	13.38		
Mac:DA:3E:20:B6:30:BA传感器0	-0.23	0.26	0.90	7.20	7.20	-1.83	12.57	13.40	108.91	相对角度姿态	12.57	13.40		
Mac:DA:3E:20:B6:30:BA传感器0	-0.12	0.20	0.93	2.99	2.99	-3.36	12.57	13.35	107.89	相对角度姿态	12.57	13.35		
Mac:DA:3E:20:B6:30:BA传感器0	-0.14	0.18	0.89	-3.23	-3.23	-0.85	12.38	13.17	107.08	相对角度姿态	12.38	13.17		
Mac:DA:3E:20:B6:30:BA传感器0	-0.11	0.22	0.92	6.10	6.10	-0.06	12.75	12.66	106.48	相对角度姿态	12.75	12.66		
Mac:DA:3E:20:B6:30:BA传感器0	-0.16	0.22	0.90	2.75	2.75	1.46	12.96	12.40	106.11	相对角度姿态	12.96	12.40		
Mac:DA:3E:20:B6:30:BA传感器0	-0.16	0.21	0.88	0.18	0.18	0.37	13.16	12.46	105.77	相对角度姿态	13.16	12.46		
Mac:DA:3E:20:B6:30:BA传感器0	-0.16	0.23	0.90	0.73	0.73	1.46	13.40	12.35	105.42	相对角度姿态	13.40	12.35		
Mac:DA:3E:20:B6:30:BA传感器0	-0.16	0.24	0.90	-0.37	-0.37	-1.53	13.58	12.24	105.00	相对角度姿态	13.58	12.24		
Mac:DA:3E:20:B6:30:BA传感器0	-0.16	0.22	0.87	1.04	1.04	-0.49	13.55	12.10	104.56	相对角度姿态	13.55	12.10		
Mac:DA:3E:20:B6:30:BA传感器0	-0.15	0.22	0.89	1.16	1.16	-0.31	13.68	11.94	104.23	相对角度姿态	13.68	11.94		
Mac:DA:3E:20:B6:30:BA传感器0	-0.16	0.23	0.90	-1.40	-1.40	0.37	13.74	11.88	103.89	相对角度姿态	13.74	11.88		
Mac:DA:3E:20:B6:30:BA传感器0	-0.17	0.25	0.92	-2.56	-2.56	0.00	13.99	11.55	103.65	相对角度姿态	13.99	11.55		
Mac:DA:3E:20:B6:30:BA传感器0	-0.16	0.24	0.88	3.48	3.48	-0.98	14.12	11.40	103.32	相对角度姿态	14.12	11.40		
Mac:DA:3E:20:B6:30:BA传感器0	-0.15	0.24	0.87	3.91	3.91	-0.92	14.37	11.43	102.95	相对角度姿态	14.37	11.43		
Mac:DA:3E:20:B6:30:BA传感器0	-0.16	0.25	0.88	1.71	1.71	-0.85	14.67	11.43	102.65	相对角度姿态	14.67	11.43		
Mac:DA:3E:20:B6:30:BA传感器0	-0.14	0.26	0.90	2.75	2.75	-0.31	14.97	11.15	102.31	相对角度姿态	14.97	11.15		
Mac:DA:3E:20:B6:30:BA传感器0	-0.16	0.25	0.87	-0.85	-0.85	0.00	15.03	11.12	102.06	相对角度姿态	15.03	11.12		
Mac:DA:3E:20:B6:30:BA传感器0	-0.14	0.25	0.89	1.59	1.59	0.73	15.16	10.90	101.83	相对角度姿态	15.16	10.90		
Mac:DA:3E:20:B6:30:BA传感器0	-0.15	0.26	0.87	2.20	2.20	-0.18	15.29	10.88	101.67	相对角度姿态	15.29	10.88		
Mac:DA:3E:20:B6:30:BA传感器0	-0.16	0.25	0.88	2.32	2.32	0.06	15.54	10.83	101.49	相对角度姿态	15.54	10.83		
Mac:DA:3E:20:B6:30:BA传感器0	-0.17	0.27	0.87	0.00	0.00	-1.16	15.74	10.81	101.30	相对角度姿态	15.74	10.81		
Mac:DA:3E:20:B6:30:BA传感器0	-0.15	0.27	0.87	1.40	1.40	-2.01	15.89	10.82	101.05	相对角度姿态	15.89	10.82		
Mac:DA:3E:20:B6:30:BA传感器0	-0.15	0.26	0.87	2.32	2.32	-0.61	16.01	10.73	100.82	相对角度姿态	16.01	10.73		
Mac:DA:3E:20:B6:30:BA传感器0	-0.15	0.27	0.87	2.38	2.38	-0.49	16.32	10.56	100.64	相对角度姿态	16.32	10.56		
Mac:DA:3E:20:B6:30:BA传感器0	-0.14	0.28	0.89	0.85	0.85	0.18	16.57	10.36	100.51	相对角度姿态	16.57	10.36		
Mac:DA:3E:20:B6:30:BA传感器0	-0.16	0.29	0.90	0.55	0.55	1.16	16.77	10.34	100.50	相对角度姿态	16.77	10.34		
Mac:DA:3E:20:B6:30:BA传感器0	-0.19	0.26	0.89	0.73	0.73	2.32	16.73	10.37	100.56	相对角度姿态	16.73	10.37		
Mac:DA:3E:20:B6:30:BA传感器0	-0.30	0.34	1.07	6.29	6.29	-1.04	16.85	10.31	100.65	相对角度姿态	16.85	10.31		
Mac:DA:3E:20:B6:30:BA传感器0	-0.31	0.33	1.30	-7.87	-7.87	-6.47	15.97	9.61	99.82	相对角度姿态	15.97	9.61		
Mac:DA:3E:20:B6:30:BA传感器0	-0.52	0.44	1.16	-20.45	-20.45	-9.16	14.39	9.55	99.00	相对角度姿态	14.39	9.55		
Mac:DA:3E:20:B6:30:BA传感器0	-0.42	0.63	1.35	-20.14	-20.14	-23.68	11.54	6.48	96.88	相对角度姿态	11.54	6.48		
Mac:DA:3E:20:B6:30:BA传感器0	-0.12	0.46	0.53	-92.77	-92.77	-118.35	5.82	10.78	89.81	相对角度姿态	5.82	10.78		
Mac:DA:3E:20:B6:30:BA传感器0	0.44	-0.29	0.23	-69.21	-69.21	-72.33	-4.55	12.53	78.62	相对角度姿态	-4.55	12.53		
Mac:DA:3E:20:B6:30:BA传感器0	0.53	-0.28	0.81	-16.17	-16.17	28.63	-11.67	0.02	79.94	相对角度姿态	-11.67	0.02		
Mac:DA:3E:20:B6:30:BA传感器0	0.16	-0.39	0.84	-36.74	-36.74	13.06	-12.59	-1.12	80.19	相对角度姿态	-12.59	-1.12		
Mac:DA:3E:20:B6:30:BA传感器0	-0.03	-0.22	1.02	1.53	1.53	11.05	-12.99	-1.41	81.96	相对角度姿态	-12.99	-1.41		
Mac:DA:3E:20:B6:30:BA传感器0	-0.10	-0.24	0.98	-2.62	-2.62	-4.33	-13.43	-1.12	82.51	相对角度姿态	-13.43	-1.12		
Mac:DA:3E:20:B6:30:BA传感器0	-0.09	-0.26	0.98	6.84	6.84	-10.62	-13.46	-1.05	82.46	相对角度姿态	-13.46	-1.05		
Mac:DA:3E:20:B6:30:BA传感器0	-0.16	-0.24	0.73	-3.72	-3.72	-14.28	-13.86	0.24	81.97	相对角度姿态	-13.86	0.24		
Mac:DA:3E:20:B6:30:BA传感器0	-0.35	-0.31	0.52	27.89	27.89	-6.53	-13.83	3.33	80.89	相对角度姿态	-13.83	3.33		
Mac:DA:3E:20:B6:30:BA传感器0	-0.34	-0.09	0.61	46.26	46.26	-16.30	-9.58	5.21	79.99	相对角度姿态	-9.58	5.21		
Mac:DA:3E:20:B6:30:BA传感器0	-0.21	0.19	0.66	59.45	59.45	-39.06	-3.02	5.19	77.03	相对角度姿态	-3.02	5.19		
Mac:DA:3E:20:B6:30:BA传感器0	0.24	0.46	1.31	130.19	130.19	-31.13	8.66	1.59	72.49	相对角度姿态	8.66	1.59		
Mac:DA:3E:20:B6:30:BA传感器0	0.04	0.55	1.74	16.97	16.97	-18.62	16.65	-2.98	69.68	相对角度姿态	16.65	-2.98		
Mac:DA:3E:20:B6:30:BA传感器0	-0.00	0.29	1.38	-27.89	-27.89	-20.20	16.44	-2.04	68.31	相对角度姿态	16.44	-2.04		
Mac:DA:3E:20:B6:30:BA传感器0	-0.03	0.18	0.98	-25.21	-25.21	3.97	13.27	-1.76	68.30	相对角度姿态	13.27	-1.76		
Mac:DA:3E:20:B6:30:BA传感器0	-0.10	0.19	0.82	-16.24	-16.24	-0.06	11.31	-0.53	69.34	相对角度姿态	11.31	-0.53		
Mac:DA:3E:20:B6:30:BA传感器0	-0.08	0.15	0.89	-4.64	-4.64	-1.95	10.45	0.19	69.94	相对角度姿态	10.45	0.19		
Mac:DA:3E:20:B6:30:BA传感器0	-0.06	0.17	0.97	5.98	5.98	-2.62	9.61	-0.77	70.25	相对角度姿态	9.61	-0.77		
Mac:DA:3E:20:B6:30:BA传感器0	0.20	0.13	0.93	-2.56	-2.56	-5.98	9.67	-0.54	70.52	相对角度姿态	9.67	-0.54		
Mac:DA:3E:20:B6:30:BA传感器0	0.49	0.15	0.85	-1.04	-1.04	31.80	9.78	-0.21	72.33	相对角度姿态	9.78	-0.21		
Mac:DA:3E:20:B6:30:BA传感器0	0.46	0.32	0.97	6.29	6.29	106.69	10.56	-0.04	79.81	相对角度姿态	10.56	-0.04		
Mac:DA:3E:20:B6:30:BA传感器0	-0.11	0.59	0.81	-7.87	-7.87	138.12	10.39	-0.62	92.96	相对角度姿态	10.39	-0.62		
Mac:DA:3E:20:B6:30:BA传感器0	-0.91	0.48	0.92	12.82	12.82	83.98	12.33	0.53	102.91	相对角度姿态	12.33	0.53		
Mac:DA:3E:20:B6:30:BA传感器0	-0.45	0.07	0.85	-6.23	-6.23	11.84	13.16	5.27	106.45	相对角度姿态	13.16	5.27		
Mac:DA:3E:20:B6:30:BA传感器0	-0.21	0.17	0.93	7.45	7.45	-0.92	13.01	8.94	107.01	相对角度姿态	13.01	8.94		
Mac:DA:3E:20:B6:30:BA传感器0	-0.16	0.21	0.92	-1.22	-1.22	1.34	13.04	11.68	107.11	相对角度姿态	13.04	11.68		
Mac:DA:3E:20:B6:30:BA传感器0	-0.12	0.23	0.97	-1.77	-1.77	-1.28	13.28	12.54	106.72	相对角度姿态	13.28	12.54		
Mac:DA:3E:20:B6:30:BA传感器0	-0.10	0.18	0.88	-0.98	-0.98	-8.67	12.72	12.88	105.72	相对角度姿态	12.72	12.88		
Mac:DA:3E:20:B6:30:BA传感器0	-0.16	0.19	0.87	-4.15	-4.15	1.16	12.78	13.44	105.26	相对角度姿态	12.78	13.44		
Mac:DA:3E:20:B6:30:BA传感器0	-0.21	0.22	0.89	-0.92	-0.92	1.53	12.82	13.01	105.01	相对角度姿态	12.82	13.01		
Mac:DA:3E:20:B6:30:BA传感器0	-0.17	0.23	0.94	-2.87	-2.87	-6.04	12.77	12.91	104.40	相对角度姿态	12.77	12.91		
Mac:DA:3E:20:B6:30:BA传感器0	-0.14	0.19	0.88	3.48	3.48	-1.28	12.32	12.75	103.66	相对角度姿态	12.32	12.75		
Mac:DA:3E:20:B6:30:BA传感器0	-0.17	0.20	0.89	1.16	1.16	1.59	12.54	12.38	103.30	相对角度姿态	12.54	12.38		
Mac:DA:3E:20:B6:30:BA传感器0	-0.16	0.21	0.92	-1.16	-1.16	0.92	12.83	11.89	103.06	相对角度姿态	12.83	11.89		
Mac:DA:3E:20:B6:30:BA传感器0	-0.17	0.23	0.88	2.87	2.87	-2.32	13.00	11.51	102.71	相对角度姿态	13.00	11.51		
Mac:DA:3E:20:B6:30:BA传感器0	-0.13	0.19	0.88	-0.85	-0.85	-0.12	13.06	10.67	102.07	相对角度姿态	13.06	10.67		
Mac:DA:3E:20:B6:30:BA传感器0	-0.14	0.22	0.91	-3.78	-3.78	-0.06	13.17	10.40	101.87	相对角度姿态	13.17	10.40		
Mac:DA:3E:20:B6:30:BA传感器0	-0.11	0.22	0.92	0.73	0.73	2.93	13.13	10.13	101.67	相对角度姿态	13.13	10.13		
Mac:DA:3E:20:B6:30:BA传感器0	-0.12	0.22	0.92	0.85	0.85	1.77	13.32	9.99	101.62	相对角度姿态	13.32	9.99		
Mac:DA:3E:20:B6:30:BA传感器0	-0.15	0.23	0.90	1.95	1.95	1.34	13.55	9.90	101.66	相对角度姿态	13.55	9.90		
Mac:DA:3E:20:B6:30:BA传感器0	-0.14	0.24	0.88	4.82	4.82	2.01	13.83	9.71	101.65	相对角度姿态	13.83	9.71		
Mac:DA:3E:20:B6:30:BA传感器0	-0.14	0.23	0.89	1.83	1.83	0.49	13.96	9.71	101.49	相对角度姿态	13.96	9.71		
Mac:DA:3E:20:B6:30:BA传感器0	-0.14	0.24	0.89	-0.37	-0.37	0.00	14.11	9.65	101.31	相对角度姿态	14.11	9.65		
Mac:DA:3E:20:B6:30:BA传感器0	-0.12	0.23	0.88	0.79	0.79	-0.43	14.23	9.55	101.11	相对角度姿态	14.23	9.55		
Mac:DA:3E:20:B6:30:BA传感器0	-0.13	0.24	0.90	0.43	0.43	0.49	14.45	9.43	101.06	相对角度姿态	14.45	9.43		
Mac:DA:3E:20:B6:30:BA传感器0	-0.14	0.26	0.93	0.67	0.67	0.67	14.67	9.37	101.06	相对角度姿态	14.67	9.37		
Mac:DA:3E:20:B6:30:BA传感器0	-0.14	0.25	0.89	0.73	0.73	-0.18	14.76	9.34	101.01	相对角度姿态	14.76	9.34		
Mac:DA:3E:20:B6:30:BA传感器0	-0.14	0.25	0.89	0.18	0.18	-1.95	14.88	9.27	100.85	相对角度姿态	14.88	9.27		
Mac:DA:3E:20:B6:30:BA传感器0	-0.14	0.25	0.87	0.85	0.85	-0.67	15.00	9.42	100.73	相对角度姿态	15.00	9.42		
Mac:DA:3E:20:B6:30:BA传感器0	-0.14	0.26	0.91	6.47	6.47	-0.31	15.41	9.62	100.66	相对角度姿态	15.41	9.62		
Mac:DA:3E:20:B6:30:BA传感器0	-0.17	0.32	1.11	20.02	20.02	3.85	16.62	9.61	100.74	相对角度姿态	16.62	9.61		
Mac:DA:3E:20:B6:30:BA传感器0	-0.26	0.47	1.20	-17.52	-17.52	-17.94	16.94	10.50	99.24	相对角度姿态	16.94	10.50		
Mac:DA:3E:20:B6:30:BA传感器0	-0.26	0.47	1.20	-17.52	-17.52	-17.94	16.94	10.50	99.24	相对角度姿态	16.94	10.50		
Mac:DA:3E:20:B6:30:BA传感器0	-0.27	0.46	1.12	-49.07	-49.07	-1.53	13.75	10.56	97.81	相对角度姿态	13.75	10.56		
Mac:DA:3E:20:B6:30:BA传感器0	-0.13	0.48	0.91	-84.41	-84.41	-5.37	8.79	9.96	97.23	相对角度姿态	8.79	9.96		
Mac:DA:3E:20:B6:30:BA传感器0	-0.00	-0.25	0.03	-64.21	-64.21	-29.05	-0.36	13.56	94.25	相对角度姿态	-0.36	13.56		
Mac:DA:3E:20:B6:30:BA传感器0	-0.09	-0.22	0.59	0.37	0.37	41.38	-6.41	11.78	95.33	相对角度姿态	-6.41	11.78		
Mac:DA:3E:20:B6:30:BA传感器0	-0.01	-0.21	0.85	-7.32	-7.32	2.44	-7.29	9.69	96.65	相对角度姿态	-7.29	9.69		
Mac:DA:3E:20:B6:30:BA传感器0	-0.16	-0.04	1.00	3.54	3.54	2.81	-6.92	9.24	97.63	相对角度姿态	-6.92	9.24		
Mac:DA:3E:20:B6:30:BA传感器0	-0.21	-0.00	1.06	14.16	14.16	5.55	-5.93	9.21	98.21	相对角度姿态	-5.93	9.21		
Mac:DA:3E:20:B6:30:BA传感器0	-0.24	-0.00	1.03	-4.15	-4.15	12.39	-5.11	9.32	98.89	相对角度姿态	-5.11	9.32		
Mac:DA:3E:20:B6:30:BA传感器0	-0.33	-0.01	1.00	-1.22	-1.22	6.71	-4.87	9.37	99.57	相对角度姿态	-4.87	9.37		
Mac:DA:3E:20:B6:30:BA传感器0	-0.53	0.03	0.99	-1.77	-1.77	-11.54	-5.22	9.85	99.69	相对角度姿态	-5.22	9.85		
Mac:DA:3E:20:B6:30:BA传感器0	-0.61	0.05	0.85	-26.00	-26.00	-54.02	-6.67	10.77	95.77	相对角度姿态	-6.67	10.77		
Mac:DA:3E:20:B6:30:BA传感器0	-0.57	0.14	0.80	10.50	10.50	-104.55	-9.21	7.48	88.76	相对角度姿态	-9.21	7.48		
Mac:DA:3E:20:B6:30:BA传感器0	0.04	0.15	0.87	0.98	0.98	-99.73	-8.33	2.58	79.38	相对角度姿态	-8.33	2.58		
Mac:DA:3E:20:B6:30:BA传感器0	0.65	-0.07	1.17	60.67	60.67	-126.46	-4.39	0.00	68.99	相对角度姿态	-4.39	0.00		
Mac:DA:3E:20:B6:30:BA传感器0	0.53	-0.13	1.11	-32.71	-32.71	-18.07	-4.81	-2.99	66.13	相对角度姿态	-4.81	-2.99		
Mac:DA:3E:20:B6:30:BA传感器0	0.10	-0.15	1.02	-21.06	-21.06	-14.95	-6.25	-4.26	65.62	相对角度姿态	-6.25	-4.26		
Mac:DA:3E:20:B6:30:BA传感器0	-0.01	-0.17	1.08	-6.04	-6.04	-2.20	-7.30	-4.95	65.99	相对角度姿态	-7.30	-4.95		
Mac:DA:3E:20:B6:30:BA传感器0	0.01	-0.17	1.02	-5.43	-5.43	-3.42	-8.10	-4.86	66.68	相对角度姿态	-8.10	-4.86		
Mac:DA:3E:20:B6:30:BA传感器0	0.03	-0.19	0.97	-5.80	-5.80	-6.71	-8.39	-4.29	67.19	相对角度姿态	-8.39	-4.29		
Mac:DA:3E:20:B6:30:BA传感器0	0.06	-0.19	0.89	5.68	5.68	-2.14	-8.41	-3.37	67.85	相对角度姿态	-8.41	-3.37		
Mac:DA:3E:20:B6:30:BA传感器0	0.26	-0.23	0.84	3.11	3.11	4.88	-7.95	-2.18	68.52	相对角度姿态	-7.95	-2.18		
Mac:DA:3E:20:B6:30:BA传感器0	0.30	-0.06	0.80	18.19	18.19	34.00	-6.94	-1.71	71.81	相对角度姿态	-6.94	-1.71		
Mac:DA:3E:20:B6:30:BA传感器0	0.14	0.07	0.57	36.62	36.62	52.67	-4.81	0.16	76.21	相对角度姿态	-4.81	0.16		
Mac:DA:3E:20:B6:30:BA传感器0	0.04	0.12	1.07	47.00	47.00	79.47	-0.51	-0.14	83.37	相对角度姿态	-0.51	-0.14		
Mac:DA:3E:20:B6:30:BA传感器0	-0.62	0.47	1.15	26.00	26.00	116.46	4.09	2.57	92.66	相对角度姿态	4.09	2.57		
Mac:DA:3E:20:B6:30:BA传感器0	-0.85	0.46	1.23	28.38	28.38	49.56	8.69	3.28	100.49	相对角度姿态	8.69	3.28		
Mac:DA:3E:20:B6:30:BA传感器0	-0.45	0.20	1.14	4.88	4.88	9.03	10.96	5.79	102.22	相对角度姿态	10.96	5.79		
Mac:DA:3E:20:B6:30:BA传感器0	-0.20	0.14	0.94	-0.92	-0.92	10.31	10.64	7.01	102.82	相对角度姿态	10.64	7.01		
Mac:DA:3E:20:B6:30:BA传感器0	-0.14	0.22	0.94	0.06	0.06	5.80	10.95	7.67	103.16	相对角度姿态	10.95	7.67		
Mac:DA:3E:20:B6:30:BA传感器0	-0.09	0.17	0.94	0.85	0.85	1.53	10.69	7.66	102.99	相对角度姿态	10.69	7.66		
Mac:DA:3E:20:B6:30:BA传感器0	-0.11	0.17	0.88	5.80	5.80	0.67	10.60	8.12	102.76	相对角度姿态	10.60	8.12		
Mac:DA:3E:20:B6:30:BA传感器0	-0.05	0.18	0.94	-4.94	-4.94	2.32	10.73	7.46	102.38	相对角度姿态	10.73	7.46		
Mac:DA:3E:20:B6:30:BA传感器0	-0.08	0.19	0.95	1.28	1.28	2.14	10.89	7.85	102.28	相对角度姿态	10.89	7.85		
Mac:DA:3E:20:B6:30:BA传感器0	-0.11	0.20	0.92	3.30	3.30	-0.06	10.93	7.78	102.26	相对角度姿态	10.93	7.78		
Mac:DA:3E:20:B6:30:BA传感器0	-0.10	0.19	0.94	5.86	5.86	0.49	11.26	8.09	102.03	相对角度姿态	11.26	8.09		
Mac:DA:3E:20:B6:30:BA传感器0	-0.12	0.20	0.92	-2.56	-2.56	1.16	11.65	8.84	101.94	相对角度姿态	11.65	8.84		
Mac:DA:3E:20:B6:30:BA传感器0	-0.14	0.21	0.92	-2.56	-2.56	1.40	11.63	8.73	101.80	相对角度姿态	11.63	8.73		
Mac:DA:3E:20:B6:30:BA传感器0	-0.13	0.22	0.92	-2.44	-2.44	-0.49	11.67	8.62	101.58	相对角度姿态	11.67	8.62		
Mac:DA:3E:20:B6:30:BA传感器0	-0.15	0.20	0.92	-1.46	-1.46	0.00	11.65	8.58	101.37	相对角度姿态	11.65	8.58		
Mac:DA:3E:20:B6:30:BA传感器0	-0.12	0.21	0.91	-3.30	-3.30	-3.97	11.62	8.36	101.04	相对角度姿态	11.62	8.36		
Mac:DA:3E:20:B6:30:BA传感器0	-0.09	0.20	0.92	-0.24	-0.24	-1.77	11.67	8.05	100.53	相对角度姿态	11.67	8.05		
Mac:DA:3E:20:B6:30:BA传感器0	-0.10	0.21	0.90	-3.85	-3.85	-0.18	11.67	7.96	100.28	相对角度姿态	11.67	7.96		
Mac:DA:3E:20:B6:30:BA传感器0	-0.13	0.20	0.91	-2.62	-2.62	0.98	11.69	7.90	100.20	相对角度姿态	11.69	7.90		
Mac:DA:3E:20:B6:30:BA传感器0	-0.11	0.21	0.93	-1.83	-1.83	1.10	11.69	7.82	100.10	相对角度姿态	11.69	7.82		
Mac:DA:3E:20:B6:30:BA传感器0	-0.13	0.22	0.93	-1.46	-1.46	-1.28	11.80	7.98	99.99	相对角度姿态	11.80	7.98		
Mac:DA:3E:20:B6:30:BA传感器0	-0.12	0.21	0.91	-1.04	-1.04	-0.55	11.72	7.90	99.83	相对角度姿态	11.72	7.90		
Mac:DA:3E:20:B6:30:BA传感器0	-0.12	0.22	0.93	0.92	0.92	0.55	11.82	7.80	99.70	相对角度姿态	11.82	7.80		
Mac:DA:3E:20:B6:30:BA传感器0	-0.12	0.22	0.92	0.43	0.43	0.85	11.90	7.71	99.63	相对角度姿态	11.90	7.71		
Mac:DA:3E:20:B6:30:BA传感器0	-0.12	0.22	0.92	2.26	2.26	0.67	11.93	7.66	99.55	相对角度姿态	11.93	7.66		
Mac:DA:3E:20:B6:30:BA传感器0	-0.09	0.22	0.96	2.38	2.38	-0.24	11.92	7.47	99.40	相对角度姿态	11.92	7.47		
Mac:DA:3E:20:B6:30:BA传感器0	-0.10	0.21	0.91	4.64	4.64	1.71	11.94	7.49	99.43	相对角度姿态	11.94	7.49		
Mac:DA:3E:20:B6:30:BA传感器0	-0.12	0.23	0.92	7.81	7.81	1.22	12.57	7.87	99.57	相对角度姿态	12.57	7.87		
Mac:DA:3E:20:B6:30:BA传感器0	-0.12	0.22	0.95	4.15	4.15	4.27	12.74	8.08	99.83	相对角度姿态	12.74	8.08		
Mac:DA:3E:20:B6:30:BA传感器0	-0.18	0.24	1.16	-3.60	-3.60	5.43	12.55	8.70	100.35	相对角度姿态	12.55	8.70		
Mac:DA:3E:20:B6:30:BA传感器0	-0.33	0.27	1.21	-24.84	-24.84	-1.59	11.05	10.55	100.63	相对角度姿态	11.05	10.55		
Mac:DA:3E:20:B6:30:BA传感器0	-0.43	0.27	1.14	-53.83	-53.83	-17.33	7.55	12.19	99.84	相对角度姿态	7.55	12.19		
Mac:DA:3E:20:B6:30:BA传感器0	-0.38	0.19	0.98	-64.27	-64.27	-38.33	1.25	13.38	96.93	相对角度姿态	1.25	13.38		
Mac:DA:3E:20:B6:30:BA传感器0	-0.32	0.05	0.88	-48.89	-48.89	-42.30	-5.15	14.14	92.76	相对角度姿态	-5.15	14.14		
Mac:DA:3E:20:B6:30:BA传感器0	-0.32	-0.04	0.69	-46.69	-46.69	-55.73	-10.86	13.84	87.89	相对角度姿态	-10.86	13.84		
Mac:DA:3E:20:B6:30:BA传感器0	-0.23	-0.22	0.62	-23.38	-23.38	-65.80	-16.07	11.97	82.22	相对角度姿态	-16.07	11.97		
Mac:DA:3E:20:B6:30:BA传感器0	-0.13	-0.28	0.64	-5.92	-5.92	-78.00	-18.69	9.46	75.87	相对角度姿态	-18.69	9.46		
Mac:DA:3E:20:B6:30:BA传感器0	-0.01	-0.30	0.83	26.61	26.61	-63.72	-18.37	6.67	69.83	相对角度姿态	-18.37	6.67		
Mac:DA:3E:20:B6:30:BA传感器0	-0.05	-0.20	0.85	35.95	35.95	-51.57	-15.97	4.15	65.71	相对角度姿态	-15.97	4.15		
Mac:DA:3E:20:B6:30:BA传感器0	0.04	-0.23	0.85	37.48	37.48	-49.13	-12.66	0.52	62.30	相对角度姿态	-12.66	0.52		
Mac:DA:3E:20:B6:30:BA传感器0	0.03	-0.16	0.89	52.19	52.19	-34.30	-8.39	-1.97	59.69	相对角度姿态	-8.39	-1.97		
Mac:DA:3E:20:B6:30:BA传感器0	0.03	0.02	0.91	37.60	37.60	-18.80	-2.83	-2.33	57.98	相对角度姿态	-2.83	-2.33		
Mac:DA:3E:20:B6:30:BA传感器0	0.05	0.14	1.03	66.41	66.41	-1.65	3.89	-2.81	57.96	相对角度姿态	3.89	-2.81		
Mac:DA:3E:20:B6:30:BA传感器0	0.04	0.26	1.00	67.32	67.32	26.00	10.54	-1.35	60.17	相对角度姿态	10.54	-1.35		
Mac:DA:3E:20:B6:30:BA传感器0	0.06	0.43	1.13	47.42	47.42	47.12	16.46	0.08	64.50	相对角度姿态	16.46	0.08		
Mac:DA:3E:20:B6:30:BA传感器0	0.05	0.42	1.02	28.08	28.08	62.56	20.00	0.70	70.94	相对角度姿态	20.00	0.70		
Mac:DA:3E:20:B6:30:BA传感器0	-0.09	0.47	1.03	8.48	8.48	70.19	22.30	1.06	79.01	相对角度姿态	22.30	1.06		
Mac:DA:3E:20:B6:30:BA传感器0	-0.24	0.45	0.97	-11.60	-11.60	75.26	22.52	2.20	87.48	相对角度姿态	22.52	2.20		
Mac:DA:3E:20:B6:30:BA传感器0	-0.22	0.44	0.98	-22.64	-22.64	59.14	21.82	4.10	95.06	相对角度姿态	21.82	4.10		
Mac:DA:3E:20:B6:30:BA传感器0	-0.26	0.45	1.10	-31.37	-31.37	49.93	19.73	5.09	101.09	相对角度姿态	19.73	5.09		
Mac:DA:3E:20:B6:30:BA传感器0	-0.28	0.36	1.01	-50.96	-50.96	30.76	15.55	5.90	105.14	相对角度姿态	15.55	5.90		
Mac:DA:3E:20:B6:30:BA传感器0	-0.30	0.23	0.83	-34.91	-34.91	1.34	10.90	8.44	106.79	相对角度姿态	10.90	8.44		
Mac:DA:3E:20:B6:30:BA传感器0	-0.15	0.05	0.72	-19.29	-19.29	-6.41	7.61	9.75	106.52	相对角度姿态	7.61	9.75		
Mac:DA:3E:20:B6:30:BA传感器0	-0.09	0.03	0.71	-14.95	-14.95	-9.64	5.59	9.83	105.34	相对角度姿态	5.59	9.83		
Mac:DA:3E:20:B6:30:BA传感器0	-0.03	0.05	0.90	-7.51	-7.51	-8.48	4.64	9.22	104.21	相对角度姿态	4.64	9.22		
Mac:DA:3E:20:B6:30:BA传感器0	-0.09	0.07	0.93	2.69	2.69	-5.37	4.15	9.60	103.28	相对角度姿态	4.15	9.60		
Mac:DA:3E:20:B6:30:BA传感器0	-0.10	0.08	1.02	4.33	4.33	-4.94	4.07	9.33	102.58	相对角度姿态	4.07	9.33		
Mac:DA:3E:20:B6:30:BA传感器0	-0.12	0.08	0.98	-1.77	-1.77	-4.39	3.87	9.61	101.81	相对角度姿态	3.87	9.61		
Mac:DA:3E:20:B6:30:BA传感器0	-0.10	0.07	0.94	1.77	1.77	-2.62	3.50	9.11	101.09	相对角度姿态	3.50	9.11		
Mac:DA:3E:20:B6:30:BA传感器0	-0.08	0.06	0.98	-2.38	-2.38	-2.01	3.41	8.56	100.60	相对角度姿态	3.41	8.56		
Mac:DA:3E:20:B6:30:BA传感器0	-0.11	0.06	0.96	0.24	0.24	2.62	3.26	8.48	100.34	相对角度姿态	3.26	8.48		
Mac:DA:3E:20:B6:30:BA传感器0	-0.12	0.05	0.97	-0.98	-0.98	-0.85	3.20	8.33	100.12	相对角度姿态	3.20	8.33		
Mac:DA:3E:20:B6:30:BA传感器0	-0.09	0.06	0.98	-0.98	-0.98	-1.34	3.07	7.99	99.81	相对角度姿态	3.07	7.99		
Mac:DA:3E:20:B6:30:BA传感器0	-0.10	0.06	0.98	-2.56	-2.56	-0.06	2.89	7.84	99.50	相对角度姿态	2.89	7.84		
Mac:DA:3E:20:B6:30:BA传感器0	-0.10	0.06	0.97	-0.06	-0.06	0.12	2.80	7.72	99.23	相对角度姿态	2.80	7.72		
Mac:DA:3E:20:B6:30:BA传感器0	-0.11	0.06	0.98	2.08	2.08	0.55	2.81	7.38	98.95	相对角度姿态	2.81	7.38		
Mac:DA:3E:20:B6:30:BA传感器0	-0.08	0.05	0.98	0.49	0.49	-0.24	2.84	6.88	98.72	相对角度姿态	2.84	6.88		
Mac:DA:3E:20:B6:30:BA传感器0	-0.09	0.07	0.98	1.71	1.71	1.16	2.91	6.81	98.64	相对角度姿态	2.91	6.81		
Mac:DA:3E:20:B6:30:BA传感器0	-0.07	0.06	0.99	1.28	1.28	1.40	2.93	6.60	98.48	相对角度姿态	2.93	6.60		
Mac:DA:3E:20:B6:30:BA传感器0	-0.07	0.05	0.97	0.92	0.92	1.34	3.08	6.33	98.36	相对角度姿态	3.08	6.33		
Mac:DA:3E:20:B6:30:BA传感器0	-0.11	0.09	0.98	-1.16	-1.16	1.16	3.18	6.08	98.43	相对角度姿态	3.18	6.08		
Mac:DA:3E:20:B6:30:BA传感器0	-0.09	0.07	0.97	-1.34	-1.34	-1.71	3.20	6.41	98.23	相对角度姿态	3.20	6.41		
Mac:DA:3E:20:B6:30:BA传感器0	-0.08	0.08	1.01	-2.44	-2.44	0.12	3.30	6.32	98.10	相对角度姿态	3.30	6.32		
Mac:DA:3E:20:B6:30:BA传感器0	-0.11	0.07	0.96	-0.67	-0.67	-1.40	3.16	6.39	97.95	相对角度姿态	3.16	6.39		
Mac:DA:3E:20:B6:30:BA传感器0	-0.08	0.05	0.97	-2.50	-2.50	-0.79	3.02	6.19	97.72	相对角度姿态	3.02	6.19		
Mac:DA:3E:20:B6:30:BA传感器0	-0.09	0.06	0.98	-1.16	-1.16	0.00	2.89	6.16	97.62	相对角度姿态	2.89	6.16		
Mac:DA:3E:20:B6:30:BA传感器0	-0.09	0.08	0.98	0.85	0.85	-0.24	2.90	6.01	97.54	相对角度姿态	2.90	6.01		
Mac:DA:3E:20:B6:30:BA传感器0	-0.09	0.07	0.98	1.04	1.04	0.31	2.88	5.93	97.45	相对角度姿态	2.88	5.93		
Mac:DA:3E:20:B6:30:BA传感器0	-0.07	0.07	1.00	1.83	1.83	1.04	2.89	5.78	97.39	相对角度姿态	2.89	5.78		
Mac:DA:3E:20:B6:30:BA传感器0	-0.10	0.06	0.96	-1.71	-1.71	0.31	2.79	5.83	97.36	相对角度姿态	2.79	5.83		
Mac:DA:3E:20:B6:30:BA传感器0	-0.08	0.06	0.98	-1.65	-1.65	-0.79	2.74	5.55	97.27	相对角度姿态	2.74	5.55		
Mac:DA:3E:20:B6:30:BA传感器0	-0.07	0.06	0.98	-1.34	-1.34	0.24	2.64	5.31	97.15	相对角度姿态	2.64	5.31		
Mac:DA:3E:20:B6:30:BA传感器0	-0.09	0.07	0.99	-0.79	-0.79	-0.37	2.61	5.28	97.09	相对角度姿态	2.61	5.28		
Mac:DA:3E:20:B6:30:BA传感器0	-0.08	0.06	0.98	-0.79	-0.79	-0.31	2.57	5.27	97.01	相对角度姿态	2.57	5.27		
Mac:DA:3E:20:B6:30:BA传感器0	-0.11	0.06	0.98	-0.12	-0.12	-0.37	2.55	5.45	96.99	相对角度姿态	2.55	5.45		
Mac:DA:3E:20:B6:30:BA传感器0	-0.07	0.05	0.98	-0.18	-0.18	-1.40	2.59	5.49	96.87	相对角度姿态	2.59	5.49		
Mac:DA:3E:20:B6:30:BA传感器0	-0.08	0.05	0.98	0.06	0.06	-0.43	2.63	5.39	96.75	相对角度姿态	2.63	5.39		
Mac:DA:3E:20:B6:30:BA传感器0	-0.08	0.05	0.97	-0.12	-0.12	0.43	2.57	5.20	96.68	相对角度姿态	2.57	5.20		
Mac:DA:3E:20:B6:30:BA传感器0	-0.06	0.06	0.99	0.67	0.67	1.16	2.60	4.94	96.65	相对角度姿态	2.60	4.94		
Mac:DA:3E:20:B6:30:BA传感器0	-0.09	0.06	0.96	0.31	0.31	-0.06	2.58	5.11	96.65	相对角度姿态	2.58	5.11		
Mac:DA:3E:20:B6:30:BA传感器0	-0.09	0.06	0.98	0.43	0.43	-0.37	2.60	5.30	96.55	相对角度姿态	2.60	5.30		
Mac:DA:3E:20:B6:30:BA传感器0	-0.11	0.06	0.97	-4.27	-4.27	-1.34	2.48	5.59	96.42	相对角度姿态	2.48	5.59		
Mac:DA:3E:20:B6:30:BA传感器0	-0.09	0.06	0.98	-5.25	-5.25	-1.71	2.34	5.45	96.30	相对角度姿态	2.34	5.45		
Mac:DA:3E:20:B6:30:BA传感器0	-0.08	0.03	0.97	-0.49	-0.49	0.92	1.99	4.99	96.22	相对角度姿态	1.99	4.99		
Mac:DA:3E:20:B6:30:BA传感器0	-0.07	0.01	0.95	-2.69	-2.69	0.18	1.76	4.77	96.16	相对角度姿态	1.76	4.77		
Mac:DA:3E:20:B6:30:BA传感器0	-0.09	0.05	1.00	-0.98	-0.98	-0.12	1.76	4.93	96.19	相对角度姿态	1.76	4.93		
Mac:DA:3E:20:B6:30:BA传感器0	-0.08	0.06	0.99	-0.67	-0.67	-0.18	1.74	5.16	96.20	相对角度姿态	1.74	5.16		
Mac:DA:3E:20:B6:30:BA传感器0	-0.09	0.07	0.99	-2.08	-2.08	-0.18	1.78	5.25	96.23	相对角度姿态	1.78	5.25		
Mac:DA:3E:20:B6:30:BA传感器0	-0.08	0.05	0.98	0.67	0.67	0.73	1.77	5.19	96.25	相对角度姿态	1.77	5.19		
Mac:DA:3E:20:B6:30:BA传感器0	-0.08	0.04	0.98	-1.04	-1.04	1.89	1.82	5.09	96.35	相对角度姿态	1.82	5.09		
Mac:DA:3E:20:B6:30:BA传感器0	-0.08	0.04	0.99	-1.16	-1.16	1.10	1.85	5.06	96.49	相对角度姿态	1.85	5.06		
Mac:DA:3E:20:B6:30:BA传感器0	-0.10	0.05	0.98	-0.31	-0.31	-0.55	1.86	5.09	96.58	相对角度姿态	1.86	5.09		
