Mac:DA:3E:20:B6:30:BA传感器0	-0.01	-0.02	0.99	0.37	0.37	-0.49	-1.66	0.88	94.87	相对角度姿态	-1.66	0.88
Mac:DA:3E:20:B6:30:BA传感器0	-0.03	-0.02	0.99	-0.49	-0.49	0.12	-1.63	0.99	94.85	相对角度姿态	-1.63	0.99
Mac:DA:3E:20:B6:30:BA传感器0	-0.03	-0.01	1.01	-0.98	-0.98	2.26	-1.67	0.52	95.19	相对角度姿态	-1.67	0.52
Mac:DA:3E:20:B6:30:BA传感器0	-0.01	-0.02	0.99	0.61	0.61	0.12	-1.53	1	94.83	相对角度姿态	-1.53	1
Mac:DA:3E:20:B6:30:BA传感器0	-0.01	0	1.02	-1.53	-1.53	-0.61	-1.36	1.02	94.82	相对角度姿态	-1.36	1.02
Mac:DA:3E:20:B6:30:BA传感器0	-0.02	-0.01	1.01	1.4	1.4	-0.92	-1.29	1.04	94.82	相对角度姿态	-1.29	1.04
Mac:DA:3E:20:B6:30:BA传感器0	-0.02	-0.02	0.98	-0.98	-0.98	-0.67	-1.43	1.17	94.68	相对角度姿态	-1.43	1.17
Mac:DA:3E:20:B6:30:BA传感器0	-0.03	-0.03	0.96	-2.38	-2.38	-1.46	-1.62	1.37	94.64	相对角度姿态	-1.62	1.37
Mac:DA:3E:20:B6:30:BA传感器0	-0.02	-0.02	0.99	-1.22	-1.22	-0.24	-1.39	1.59	94.54	相对角度姿态	-1.39	1.59
Mac:DA:3E:20:B6:30:BA传感器0	-0.02	-0.02	0.99	-1.22	-1.22	-0.24	-1.39	1.59	94.54	相对角度姿态	-1.39	1.59
Mac:DA:3E:20:B6:30:BA传感器0	-0.03	0	1.02	-0.67	-0.67	1.1	-1.32	1.53	94.64	相对角度姿态	-1.32	1.53
Mac:DA:3E:20:B6:30:BA传感器0	-0.04	-0.02	0.99	-1.65	-1.65	-2.87	-1.4	1.77	94.55	相对角度姿态	-1.4	1.77
Mac:DA:3E:20:B6:30:BA传感器0	-0.04	-0.01	1	-0.61	-0.61	0.24	-1.44	1.71	94.52	相对角度姿态	-1.44	1.71
Mac:DA:3E:20:B6:30:BA传感器0	-0.03	-0.01	1	0	0	-0.18	-1.46	1.66	94.59	相对角度姿态	-1.46	1.66
Mac:DA:3E:20:B6:30:BA传感器0	-0.03	-0.01	0.99	0.43	0.43	-0.31	-1.48	1.69	94.61	相对角度姿态	-1.48	1.69
Mac:DA:3E:20:B6:30:BA传感器0	-0.04	0.01	1.01	0.79	0.79	1.95	-1.33	1.68	94.75	相对角度姿态	-1.33	1.68
Mac:DA:3E:20:B6:30:BA传感器0	-0.04	-0.01	1	-1.71	-1.71	-0.18	-1.31	1.87	94.73	相对角度姿态	-1.31	1.87
Mac:DA:3E:20:B6:30:BA传感器0	-0.05	-0.02	0.98	-1.71	-1.71	-0.49	-1.38	2.15	94.64	相对角度姿态	-1.38	2.15
Mac:DA:3E:20:B6:30:BA传感器0	-0.05	-0.01	1.01	-1.89	-1.89	-1.1	-1.4	2.14	94.5	相对角度姿态	-1.4	2.14
Mac:DA:3E:20:B6:30:BA传感器0	-0.02	-0.01	1.02	-4.03	-4.03	1.16	-1.41	1.98	94.49	相对角度姿态	-1.41	1.98
Mac:DA:3E:20:B6:30:BA传感器0	-0.04	-0.02	1	-1.04	-1.04	1.28	-1.74	1.93	94.74	相对角度姿态	-1.74	1.93
Mac:DA:3E:20:B6:30:BA传感器0	-0.05	-0.01	1	2.87	2.87	-0.92	-2.01	2.11	94.89	相对角度姿态	-2.01	2.11
Mac:DA:3E:20:B6:30:BA传感器0	-0.05	-0.01	1	2.87	2.87	-0.92	-2.01	2.11	94.89	相对角度姿态	-2.01	2.11
Mac:DA:3E:20:B6:30:BA传感器0	-0.03	-0.02	1	-2.56	-2.56	-1.53	-1.93	2.24	94.76	相对角度姿态	-1.93	2.24
Mac:DA:3E:20:B6:30:BA传感器0	-0.03	-0.02	1	-0.55	-0.55	-0.37	-1.92	2.25	94.79	相对角度姿态	-1.92	2.25
Mac:DA:3E:20:B6:30:BA传感器0	-0.05	-0.01	1.02	-2.99	-2.99	1.53	-1.86	2.15	94.86	相对角度姿态	-1.86	2.15
Mac:DA:3E:20:B6:30:BA传感器0	-0.05	-0.02	0.99	-1.16	-1.16	-2.26	-1.95	2.18	94.86	相对角度姿态	-1.95	2.18
Mac:DA:3E:20:B6:30:BA传感器0	-0.02	-0.03	0.99	0.43	0.43	2.87	-1.99	1.88	94.91	相对角度姿态	-1.99	1.88
Mac:DA:3E:20:B6:30:BA传感器0	-0.05	-0.01	0.99	-2.2	-2.2	0.24	-1.86	2.09	94.98	相对角度姿态	-1.86	2.09
Mac:DA:3E:20:B6:30:BA传感器0	-0.05	0	1.02	-0.24	-0.24	-0.12	-1.6	2.05	95.02	相对角度姿态	-1.6	2.05
Mac:DA:3E:20:B6:30:BA传感器0	-0.04	-0.02	0.99	-2.08	-2.08	-1.77	-1.54	2.08	94.84	相对角度姿态	-1.54	2.08
Mac:DA:3E:20:B6:30:BA传感器0	-0.05	-0.02	0.96	5.98	5.98	0.61	-1.37	1.94	94.81	相对角度姿态	-1.37	1.94
Mac:DA:3E:20:B6:30:BA传感器0	-0.03	-0.01	0.99	1.83	1.83	0	-0.8	1.87	94.76	相对角度姿态	-0.8	1.87
Mac:DA:3E:20:B6:30:BA传感器0	-0.03	0.01	1	3.66	3.66	2.26	-0.37	1.9	94.83	相对角度姿态	-0.37	1.9
Mac:DA:3E:20:B6:30:BA传感器0	-0.05	0.03	1.01	2.44	2.44	-0.12	0.12	2.18	94.99	相对角度姿态	0.12	2.18
Mac:DA:3E:20:B6:30:BA传感器0	-0.04	0.01	0.99	-0.55	-0.55	0.61	0.19	2.42	95.02	相对角度姿态	0.19	2.42
Mac:DA:3E:20:B6:30:BA传感器0	-0.04	0.02	0.98	-0.31	-0.31	-1.53	0.28	2.43	95.07	相对角度姿态	0.28	2.43
Mac:DA:3E:20:B6:30:BA传感器0	-0.03	0.01	0.98	1.77	1.77	-1.65	0.36	2.53	95	相对角度姿态	0.36	2.53
Mac:DA:3E:20:B6:30:BA传感器0	-0.04	0.02	1.01	3.11	3.11	2.93	0.65	2.7	95.04	相对角度姿态	0.65	2.7
Mac:DA:3E:20:B6:30:BA传感器0	-0.14	0.09	1.08	19.04	19.04	-9.58	1.96	3.91	94.99	相对角度姿态	1.96	3.91
Mac:DA:3E:20:B6:30:BA传感器0	-0.13	0.02	1.09	22.89	22.89	-10.19	2.9	4.36	94.49	相对角度姿态	2.9	4.36
Mac:DA:3E:20:B6:30:BA传感器0	-0.17	0.24	1.36	16.48	16.48	1.65	6.08	5.22	93.58	相对角度姿态	6.08	5.22
Mac:DA:3E:20:B6:30:BA传感器0	-0.07	0.08	1.2	1.4	1.4	0.31	5.3	4.47	94.63	相对角度姿态	5.3	4.47
Mac:DA:3E:20:B6:30:BA传感器0	0.02	0.52	1.51	-38.7	-38.7	48.83	6.18	2.99	96.47	相对角度姿态	6.18	2.99
Mac:DA:3E:20:B6:30:BA传感器0	-0.25	0.56	0.77	-110.47	-110.47	9.95	0.27	5.26	99.71	相对角度姿态	0.27	5.26
Mac:DA:3E:20:B6:30:BA传感器0	-0.17	-0.34	0.04	-41.5	-41.5	-52.67	-10.17	14.39	93.94	相对角度姿态	-10.17	14.39
Mac:DA:3E:20:B6:30:BA传感器0	-0.05	-0.42	0.55	-26.31	-26.31	14.83	-15.58	11.93	93.5	相对角度姿态	-15.58	11.93
Mac:DA:3E:20:B6:30:BA传感器0	-0.03	-0.35	0.96	18.55	18.55	-11.66	-16.31	9.17	93.15	相对角度姿态	-16.31	9.17
Mac:DA:3E:20:B6:30:BA传感器0	-0.12	-0.18	1.06	5.25	5.25	2.87	-15.2	8.56	93.3	相对角度姿态	-15.2	8.56
Mac:DA:3E:20:B6:30:BA传感器0	-0.12	-0.18	1.06	-3.3	-3.3	4.03	-14.56	8.98	93.5	相对角度姿态	-14.56	8.98
Mac:DA:3E:20:B6:30:BA传感器0	-0.13	-0.2	1.04	-4.27	-4.27	2.38	-14.53	8.67	94.3	相对角度姿态	-14.53	8.67
Mac:DA:3E:20:B6:30:BA传感器0	-0.24	-0.21	0.97	0.92	0.92	4.76	-14.91	9.15	94.95	相对角度姿态	-14.91	9.15
Mac:DA:3E:20:B6:30:BA传感器0	-0.24	-0.22	0.99	4.94	4.94	2.99	-14.46	9.77	95.03	相对角度姿态	-14.46	9.77
Mac:DA:3E:20:B6:30:BA传感器0	-0.4	-0.25	0.95	2.99	2.99	3.97	-14.01	11.41	95.09	相对角度姿态	-14.01	11.41
Mac:DA:3E:20:B6:30:BA传感器0	-0.63	-0.19	0.9	2.08	2.08	10.74	-13.69	12.73	96.33	相对角度姿态	-13.69	12.73
Mac:DA:3E:20:B6:30:BA传感器0	-0.81	0.01	0.75	14.83	14.83	-88.62	-13.93	14.38	92.41	相对角度姿态	-13.93	14.38
Mac:DA:3E:20:B6:30:BA传感器0	-0.3	0.24	0.88	-2.62	-2.62	-104.43	-14.15	10.91	84.78	相对角度姿态	-14.15	10.91
Mac:DA:3E:20:B6:30:BA传感器0	0.77	-0.24	1.31	33.02	33.02	-40.83	-12.5	3.69	77.26	相对角度姿态	-12.5	3.69
Mac:DA:3E:20:B6:30:BA传感器0	0.27	-0.19	0.9	-33.69	-33.69	-28.87	-12.57	-0.02	76.31	相对角度姿态	-12.57	-0.02
Mac:DA:3E:20:B6:30:BA传感器0	0.37	-0.27	1.26	31.49	31.49	-5.98	-12.77	-3.64	74.08	相对角度姿态	-12.77	-3.64
Mac:DA:3E:20:B6:30:BA传感器0	0.1	-0.25	1.05	-15.08	-15.08	-6.41	-13.49	-4.43	74.89	相对角度姿态	-13.49	-4.43
Mac:DA:3E:20:B6:30:BA传感器0	-0.06	-0.23	1.03	-7.02	-7.02	-6.1	-14.27	-3.45	75.04	相对角度姿态	-14.27	-3.45
Mac:DA:3E:20:B6:30:BA传感器0	-0.09	-0.26	1.01	0.73	0.73	-5.98	-14.74	-2.54	75.23	相对角度姿态	-14.74	-2.54
Mac:DA:3E:20:B6:30:BA传感器0	-0.05	-0.29	0.99	-2.01	-2.01	-10.44	-15.22	-1.98	75.28	相对角度姿态	-15.22	-1.98
Mac:DA:3E:20:B6:30:BA传感器0	-0.08	-0.28	1.02	-1.65	-1.65	-6.59	-14.88	-0.88	74.58	相对角度姿态	-14.88	-0.88
Mac:DA:3E:20:B6:30:BA传感器0	-0.1	-0.31	0.95	-9.34	-9.34	-10.01	-15.34	-0.49	74.71	相对角度姿态	-15.34	-0.49
Mac:DA:3E:20:B6:30:BA传感器0	0.08	-0.34	0.82	6.41	6.41	-26.61	-15.67	0.44	73.37	相对角度姿态	-15.67	0.44
Mac:DA:3E:20:B6:30:BA传感器0	0.36	-0.32	0.73	-21.48	-21.48	6.16	-16.46	-0.07	72.76	相对角度姿态	-16.46	-0.07
Mac:DA:3E:20:B6:30:BA传感器0	0.56	-0.24	0.87	0.92	0.92	32.35	-14.92	-2.27	75.01	相对角度姿态	-14.92	-2.27
Mac:DA:3E:20:B6:30:BA传感器0	0.67	-0.22	0.83	61.16	61.16	75.5	-11.47	-0.64	79.27	相对角度姿态	-11.47	-0.64
Mac:DA:3E:20:B6:30:BA传感器0	-0.33	0.59	0.75	28.63	28.63	135.5	-4.26	7.15	89.91	相对角度姿态	-4.26	7.15
Mac:DA:3E:20:B6:30:BA传感器0	-0.83	0.57	1.4	39.06	39.06	90.64	3.41	11.55	99.62	相对角度姿态	3.41	11.55
Mac:DA:3E:20:B6:30:BA传感器0	-1.06	0.28	1.28	24.9	24.9	28.08	6.55	13.67	104.97	相对角度姿态	6.55	13.67
Mac:DA:3E:20:B6:30:BA传感器0	-0.4	0.13	1.08	-2.99	-2.99	-18.19	7.73	13.78	103.68	相对角度姿态	7.73	13.78
Mac:DA:3E:20:B6:30:BA传感器0	-0.15	0.02	0.97	-4.15	-4.15	6.41	5.27	10.03	102.54	相对角度姿态	5.27	10.03
Mac:DA:3E:20:B6:30:BA传感器0	-0.19	0.11	0.97	-8.54	-8.54	-5.49	4.73	10.77	101.44	相对角度姿态	4.73	10.77
Mac:DA:3E:20:B6:30:BA传感器0	-0.09	0.03	0.92	-13.31	-13.31	3.54	3.54	9.68	101.39	相对角度姿态	3.54	9.68
Mac:DA:3E:20:B6:30:BA传感器0	-0.15	0.07	0.95	1.4	1.4	-0.37	3.58	8.89	101.29	相对角度姿态	3.58	8.89
Mac:DA:3E:20:B6:30:BA传感器0	-0.14	0.08	0.97	1.4	1.4	1.46	3.7	8.73	100.81	相对角度姿态	3.7	8.73
Mac:DA:3E:20:B6:30:BA传感器0	-0.14	0.08	0.97	1.4	1.4	1.46	3.7	8.73	100.81	相对角度姿态	3.7	8.73
Mac:DA:3E:20:B6:30:BA传感器0	-0.13	0.04	0.93	-3.36	-3.36	1.53	3.45	8.84	100.48	相对角度姿态	3.45	8.84
Mac:DA:3E:20:B6:30:BA传感器0	-0.17	0.1	0.97	2.38	2.38	5.31	3.93	8.93	100.76	相对角度姿态	3.93	8.93
Mac:DA:3E:20:B6:30:BA传感器0	-0.12	0.08	0.92	1.22	1.22	-1.4	3.86	8.87	100.56	相对角度姿态	3.86	8.87
Mac:DA:3E:20:B6:30:BA传感器0	-0.12	0.1	0.98	0.37	0.37	-1.83	4.22	8.64	100.21	相对角度姿态	4.22	8.64
Mac:DA:3E:20:B6:30:BA传感器0	-0.14	0.08	0.97	-1.59	-1.59	2.44	4.24	8.67	100.07	相对角度姿态	4.24	8.67
Mac:DA:3E:20:B6:30:BA传感器0	-0.14	0.09	0.98	-1.59	-1.59	1.77	4.28	8.68	100.11	相对角度姿态	4.28	8.68
Mac:DA:3E:20:B6:30:BA传感器0	-0.14	0.08	0.96	1.1	1.1	2.32	4.24	8.6	100.11	相对角度姿态	4.24	8.6
Mac:DA:3E:20:B6:30:BA传感器0	-0.15	0.08	0.94	-2.32	-2.32	0	4.24	8.7	100.17	相对角度姿态	4.24	8.7
Mac:DA:3E:20:B6:30:BA传感器0	-0.13	0.09	0.95	0.67	0.67	-0.67	4.36	8.56	99.94	相对角度姿态	4.36	8.56
Mac:DA:3E:20:B6:30:BA传感器0	-0.14	0.1	0.97	2.62	2.62	0.98	4.56	8.42	99.84	相对角度姿态	4.56	8.42
Mac:DA:3E:20:B6:30:BA传感器0	-0.13	0.08	0.95	-2.08	-2.08	1.34	4.54	8.46	99.72	相对角度姿态	4.54	8.46
Mac:DA:3E:20:B6:30:BA传感器0	-0.14	0.09	0.95	0.06	0.06	2.26	4.66	8.52	100	相对角度姿态	4.66	8.52
Mac:DA:3E:20:B6:30:BA传感器0	-0.14	0.09	0.97	-0.67	-0.67	0.49	4.64	8.72	99.9	相对角度姿态	4.64	8.72
Mac:DA:3E:20:B6:30:BA传感器0	-0.14	0.1	0.96	0.12	0.12	0.98	4.74	8.68	99.81	相对角度姿态	4.74	8.68
Mac:DA:3E:20:B6:30:BA传感器0	-0.14	0.08	0.94	-0.92	-0.92	0.24	4.55	8.48	99.73	相对角度姿态	4.55	8.48
Mac:DA:3E:20:B6:30:BA传感器0	-0.13	0.09	0.97	-1.71	-1.71	0.92	4.56	8.45	99.67	相对角度姿态	4.56	8.45
Mac:DA:3E:20:B6:30:BA传感器0	-0.15	0.1	0.96	1.22	1.22	1.65	4.61	8.5	99.71	相对角度姿态	4.61	8.5
Mac:DA:3E:20:B6:30:BA传感器0	-0.13	0.09	0.95	-0.61	-0.61	-0.49	4.74	8.54	99.67	相对角度姿态	4.74	8.54
Mac:DA:3E:20:B6:30:BA传感器0	-0.13	0.1	0.97	0.73	0.73	1.77	4.83	8.47	99.71	相对角度姿态	4.83	8.47
Mac:DA:3E:20:B6:30:BA传感器0	-0.13	0.11	0.95	2.14	2.14	0.18	4.93	8.51	99.71	相对角度姿态	4.93	8.51
Mac:DA:3E:20:B6:30:BA传感器0	-0.14	0.09	0.92	1.71	1.71	0.73	5.05	8.61	99.71	相对角度姿态	5.05	8.61
Mac:DA:3E:20:B6:30:BA传感器0	-0.13	0.09	0.96	1.04	1.04	-0.18	5.44	8.36	99.65	相对角度姿态	5.44	8.36
Mac:DA:3E:20:B6:30:BA传感器0	-0.11	0.12	0.98	0.73	0.73	-9.16	5.63	8.84	99.15	相对角度姿态	5.63	8.84
Mac:DA:3E:20:B6:30:BA传感器0	-0.17	0.12	0.93	3.66	3.66	3.85	5.65	9.11	99.2	相对角度姿态	5.65	9.11
Mac:DA:3E:20:B6:30:BA传感器0	-0.25	0.06	1.01	10.07	10.07	3.85	6.34	9.15	99.4	相对角度姿态	6.34	9.15
Mac:DA:3E:20:B6:30:BA传感器0	-0.04	0.07	1.24	25.88	25.88	5.98	7.54	5.93	100.16	相对角度姿态	7.54	5.93
Mac:DA:3E:20:B6:30:BA传感器0	-0.27	0.39	1.39	38.76	38.76	7.26	12.15	8.37	100.66	相对角度姿态	12.15	8.37
Mac:DA:3E:20:B6:30:BA传感器0	-0.31	0.72	1.45	-63.84	-63.84	10.5	13.06	7.32	99.05	相对角度姿态	13.06	7.32
Mac:DA:3E:20:B6:30:BA传感器0	-0.34	0.53	0.88	-68.79	-68.79	-17.58	6.45	8.83	97.68	相对角度姿态	6.45	8.83
Mac:DA:3E:20:B6:30:BA传感器0	0.06	0	0.38	-107.48	-107.48	-52.55	-2.45	10.72	93.96	相对角度姿态	-2.45	10.72
Mac:DA:3E:20:B6:30:BA传感器0	0.06	-0.47	0.21	-57.92	-57.92	16.3	-13.26	10.03	90.6	相对角度姿态	-13.26	10.03
Mac:DA:3E:20:B6:30:BA传感器0	-0.02	-0.37	0.77	-1.22	-1.22	7.08	-16.08	8.28	93.1	相对角度姿态	-16.08	8.28
Mac:DA:3E:20:B6:30:BA传感器0	-0.09	-0.28	0.93	9.58	9.58	1.22	-15.38	8.11	93.78	相对角度姿态	-15.38	8.11
Mac:DA:3E:20:B6:30:BA传感器0	-0.25	-0.17	1.02	9.4	9.4	3.78	-14.01	9.5	94.3	相对角度姿态	-14.01	9.5
Mac:DA:3E:20:B6:30:BA传感器0	-0.25	-0.12	1.1	0.24	0.24	5.68	-12.78	9.7	94.97	相对角度姿态	-12.78	9.7
Mac:DA:3E:20:B6:30:BA传感器0	-0.26	-0.16	0.99	5.62	5.62	-3.17	-12.84	9.96	95.33	相对角度姿态	-12.84	9.96
Mac:DA:3E:20:B6:30:BA传感器0	-0.34	-0.17	0.94	18.92	18.92	5.86	-11.99	11.01	95.3	相对角度姿态	-11.99	11.01
Mac:DA:3E:20:B6:30:BA传感器0	-0.44	-0.12	0.99	8.54	8.54	-10.5	-10.73	11.82	95.3	相对角度姿态	-10.73	11.82
Mac:DA:3E:20:B6:30:BA传感器0	-0.5	-0.06	0.97	20.26	20.26	-13.98	-10.1	11.15	94.91	相对角度姿态	-10.1	11.15
Mac:DA:3E:20:B6:30:BA传感器0	-0.56	0.04	0.92	-13.55	-13.55	4.03	-9.82	9.2	94.78	相对角度姿态	-9.82	9.2
Mac:DA:3E:20:B6:30:BA传感器0	-0.46	0.18	0.78	-26.18	-26.18	-96.31	-11.6	8.64	91.18	相对角度姿态	-11.6	8.64
Mac:DA:3E:20:B6:30:BA传感器0	0.26	-0.02	0.97	17.27	17.27	-117.31	-13.07	8	77.69	相对角度姿态	-13.07	8
Mac:DA:3E:20:B6:30:BA传感器0	0.41	-0.18	1.26	32.47	32.47	-33.2	-12.46	2.66	73.16	相对角度姿态	-12.46	2.66
Mac:DA:3E:20:B6:30:BA传感器0	0.47	-0.46	1.09	-17.76	-17.76	-9.95	-14.38	-2.2	72.02	相对角度姿态	-14.38	-2.2
Mac:DA:3E:20:B6:30:BA传感器0	0.04	-0.29	1.11	-14.47	-14.47	20.51	-14.35	-3.41	73.37	相对角度姿态	-14.35	-3.41
Mac:DA:3E:20:B6:30:BA传感器0	-0.16	-0.23	1.01	6.59	6.59	10.01	-14.7	-2.22	75.25	相对角度姿态	-14.7	-2.22
Mac:DA:3E:20:B6:30:BA传感器0	-0.05	-0.29	0.98	6.04	6.04	-19.17	-14.04	-0.6	75.01	相对角度姿态	-14.04	-0.6
Mac:DA:3E:20:B6:30:BA传感器0	-0.13	-0.33	0.89	-11.84	-11.84	-8.54	-13.71	0.96	74.18	相对角度姿态	-13.71	0.96
Mac:DA:3E:20:B6:30:BA传感器0	-0.16	-0.29	0.78	5.98	5.98	-9.52	-14.34	0.51	74.56	相对角度姿态	-14.34	0.51
Mac:DA:3E:20:B6:30:BA传感器0	-0.07	-0.31	0.57	5.8	5.8	-19.29	-14.51	0.09	73.78	相对角度姿态	-14.51	0.09
Mac:DA:3E:20:B6:30:BA传感器0	0.05	-0.13	0.42	10.5	10.5	-42.66	-13.95	0.73	71.21	相对角度姿态	-13.95	0.73
Mac:DA:3E:20:B6:30:BA传感器0	0.01	-0.25	0.92	112.12	112.12	-11.35	-12.91	-3.13	69.8	相对角度姿态	-12.91	-3.13
Mac:DA:3E:20:B6:30:BA传感器0	-0.02	0.02	1.75	58.41	58.41	10.68	-3.71	-7.74	71.77	相对角度姿态	-3.71	-7.74
Mac:DA:3E:20:B6:30:BA传感器0	-0.19	0.19	1.38	-0.06	-0.06	-11.05	2.02	-5.2	73.11	相对角度姿态	2.02	-5.2
Mac:DA:3E:20:B6:30:BA传感器0	0.02	0.02	1.33	15.2	15.2	-3.6	3.2	-5.04	72.86	相对角度姿态	3.2	-5.04
Mac:DA:3E:20:B6:30:BA传感器0	0.04	0.01	0.96	-13.31	-13.31	-10.56	2.19	-3.99	72.91	相对角度姿态	2.19	-3.99
Mac:DA:3E:20:B6:30:BA传感器0	0	0.02	0.96	-8.85	-8.85	-8.79	2.19	-3.05	72.75	相对角度姿态	2.19	-3.05
Mac:DA:3E:20:B6:30:BA传感器0	-0.02	0.02	0.98	6.35	6.35	0.85	2.25	-2.68	73.09	相对角度姿态	2.25	-2.68
Mac:DA:3E:20:B6:30:BA传感器0	-0.01	0.03	0.98	6.71	6.71	3.23	2.59	-2.48	73.79	相对角度姿态	2.59	-2.48
Mac:DA:3E:20:B6:30:BA传感器0	-0.05	0.07	0.99	-9.28	-9.28	4.7	2.87	-1.9	74.77	相对角度姿态	2.87	-1.9
Mac:DA:3E:20:B6:30:BA传感器0	-0.04	0.09	1	6.96	6.96	-4.82	2.9	-1.57	75.18	相对角度姿态	2.9	-1.57
Mac:DA:3E:20:B6:30:BA传感器0	0.05	0.07	0.98	5.86	5.86	-25.57	3.46	-1.32	74.26	相对角度姿态	3.46	-1.32
Mac:DA:3E:20:B6:30:BA传感器0	0.31	0.15	1.02	-8.91	-8.91	13.92	3.53	-3.67	74.42	相对角度姿态	3.53	-3.67
Mac:DA:3E:20:B6:30:BA传感器0	0.4	0.15	0.87	-8.73	-8.73	40.34	3.24	-3.27	77.68	相对角度姿态	3.24	-3.27
Mac:DA:3E:20:B6:30:BA传感器0	0.21	0.18	0.81	10.31	10.31	79.47	3.46	-1.65	84.48	相对角度姿态	3.46	-1.65
Mac:DA:3E:20:B6:30:BA传感器0	-0.52	0.35	0.91	-30.03	-30.03	96.74	4.83	3.01	92.88	相对角度姿态	4.83	3.01
Mac:DA:3E:20:B6:30:BA传感器0	-0.77	0.08	1	0.12	0.12	42.6	4.64	6.26	100.69	相对角度姿态	4.64	6.26
Mac:DA:3E:20:B6:30:BA传感器0	-0.44	0.11	1.05	27.65	27.65	2.81	6.62	9.37	101.55	相对角度姿态	6.62	9.37
Mac:DA:3E:20:B6:30:BA传感器0	-0.17	0.06	0.92	-1.95	-1.95	-6.16	6.03	10.72	100.86	相对角度姿态	6.03	10.72
Mac:DA:3E:20:B6:30:BA传感器0	-0.1	0.11	0.92	-1.34	-1.34	-5.49	6.02	11.46	100.5	相对角度姿态	6.02	11.46
Mac:DA:3E:20:B6:30:BA传感器0	-0.09	0.12	0.99	2.69	2.69	0.06	6.32	11.34	99.78	相对角度姿态	6.32	11.34
Mac:DA:3E:20:B6:30:BA传感器0	-0.16	0.12	0.96	-0.43	-0.43	6.84	6.26	11.57	99.88	相对角度姿态	6.26	11.57
Mac:DA:3E:20:B6:30:BA传感器0	-0.16	0.11	0.93	3.66	3.66	0.92	6.41	11.63	99.72	相对角度姿态	6.41	11.63
Mac:DA:3E:20:B6:30:BA传感器0	-0.15	0.11	0.94	1.95	1.95	0.85	6.55	11.43	99.38	相对角度姿态	6.55	11.43
Mac:DA:3E:20:B6:30:BA传感器0	-0.18	0.13	0.93	-0.67	-0.67	2.75	6.67	11.54	99.37	相对角度姿态	6.67	11.54
Mac:DA:3E:20:B6:30:BA传感器0	-0.17	0.15	0.96	0.92	0.92	0.37	6.86	11.35	99.23	相对角度姿态	6.86	11.35
Mac:DA:3E:20:B6:30:BA传感器0	-0.18	0.09	0.94	-1.46	-1.46	-0.31	6.55	11.32	98.88	相对角度姿态	6.55	11.32
Mac:DA:3E:20:B6:30:BA传感器0	-0.14	0.09	0.93	0	0	-3.05	6.3	11.41	98.32	相对角度姿态	6.3	11.41
Mac:DA:3E:20:B6:30:BA传感器0	-0.12	0.13	0.96	-1.53	-1.53	0.12	6.28	10.9	97.88	相对角度姿态	6.28	10.9
Mac:DA:3E:20:B6:30:BA传感器0	-0.16	0.13	0.92	-2.62	-2.62	0.79	6.26	10.96	97.83	相对角度姿态	6.26	10.96
Mac:DA:3E:20:B6:30:BA传感器0	-0.17	0.12	0.97	2.2	2.2	0.85	6.28	10.97	97.73	相对角度姿态	6.28	10.97
Mac:DA:3E:20:B6:30:BA传感器0	-0.16	0.12	0.96	-1.34	-1.34	0.67	6.22	11.04	97.5	相对角度姿态	6.22	11.04
Mac:DA:3E:20:B6:30:BA传感器0	-0.17	0.12	0.94	-0.98	-0.98	0.73	6.08	11	97.32	相对角度姿态	6.08	11
Mac:DA:3E:20:B6:30:BA传感器0	-0.17	0.11	0.95	0.85	0.85	-1.34	6.03	11.02	97.15	相对角度姿态	6.03	11.02
Mac:DA:3E:20:B6:30:BA传感器0	-0.16	0.11	0.95	0.12	0.12	-0.61	5.93	10.98	96.85	相对角度姿态	5.93	10.98
Mac:DA:3E:20:B6:30:BA传感器0	-0.17	0.12	0.96	-1.22	-1.22	-0.55	5.94	10.9	96.61	相对角度姿态	5.94	10.9
Mac:DA:3E:20:B6:30:BA传感器0	-0.16	0.11	0.94	1.16	1.16	0.24	5.97	10.86	96.4	相对角度姿态	5.97	10.86
Mac:DA:3E:20:B6:30:BA传感器0	-0.16	0.12	0.95	0.61	0.61	1.59	6.06	10.65	96.33	相对角度姿态	6.06	10.65
Mac:DA:3E:20:B6:30:BA传感器0	-0.18	0.12	0.95	-1.16	-1.16	0.18	6.09	10.66	96.31	相对角度姿态	6.09	10.66
Mac:DA:3E:20:B6:30:BA传感器0	-0.16	0.11	0.96	0.31	0.31	0.61	6.19	10.61	96.19	相对角度姿态	6.19	10.61
Mac:DA:3E:20:B6:30:BA传感器0	-0.17	0.12	0.95	0	0	0.85	6.23	10.57	96.11	相对角度姿态	6.23	10.57
Mac:DA:3E:20:B6:30:BA传感器0	-0.17	0.13	0.95	0.31	0.31	-1.04	6.27	10.63	96.07	相对角度姿态	6.27	10.63
Mac:DA:3E:20:B6:30:BA传感器0	-0.17	0.11	0.93	-0.49	-0.49	1.59	6.21	10.87	95.91	相对角度姿态	6.21	10.87
Mac:DA:3E:20:B6:30:BA传感器0	-0.17	0.11	0.93	-0.73	-0.73	0.61	6.25	10.88	95.92	相对角度姿态	6.25	10.88
Mac:DA:3E:20:B6:30:BA传感器0	-0.17	0.12	0.93	2.2	2.2	0.67	6.44	10.72	95.92	相对角度姿态	6.44	10.72
Mac:DA:3E:20:B6:30:BA传感器0	-0.15	0.12	0.96	2.38	2.38	2.62	6.82	10.57	95.99	相对角度姿态	6.82	10.57
Mac:DA:3E:20:B6:30:BA传感器0	-0.3	0.1	1.02	17.94	17.94	13.92	7.79	10.52	96.61	相对角度姿态	7.79	10.52
Mac:DA:3E:20:B6:30:BA传感器0	-0.47	0.2	1.25	23.8	23.8	0.49	10.37	10.26	97.59	相对角度姿态	10.37	10.26
Mac:DA:3E:20:B6:30:BA传感器0	-0.37	0.4	1.57	-3.36	-3.36	-11.23	11.44	8.98	97.32	相对角度姿态	11.44	8.98
Mac:DA:3E:20:B6:30:BA传感器0	-0.26	0.59	1.44	-76.42	-76.42	12.82	6.48	5.8	96.99	相对角度姿态	6.48	5.8
Mac:DA:3E:20:B6:30:BA传感器0	-0.08	0.55	0.97	-120.06	-120.06	-26.31	-2.64	6	96.56	相对角度姿态	-2.64	6
Mac:DA:3E:20:B6:30:BA传感器0	0.21	-0.28	-0.03	-64.39	-64.39	-107.91	-14.46	11.53	86.82	相对角度姿态	-14.46	11.53
Mac:DA:3E:20:B6:30:BA传感器0	0.3	-0.57	0.42	-24.72	-24.72	-20.02	-21.73	7.7	81.41	相对角度姿态	-21.73	7.7
Mac:DA:3E:20:B6:30:BA传感器0	0.14	-0.48	1.01	2.87	2.87	-26.55	-21.92	5.22	80.15	相对角度姿态	-21.92	5.22
Mac:DA:3E:20:B6:30:BA传感器0	-0.08	-0.27	1.07	8.06	8.06	8.3	-20.53	5.19	80.23	相对角度姿态	-20.53	5.19
Mac:DA:3E:20:B6:30:BA传感器0	-0.15	-0.34	1.02	6.71	6.71	-3.6	-20.19	5.25	81.22	相对角度姿态	-20.19	5.25
Mac:DA:3E:20:B6:30:BA传感器0	-0.29	-0.3	0.96	-10.93	-10.93	6.41	-20.1	5.32	82.3	相对角度姿态	-20.1	5.32
Mac:DA:3E:20:B6:30:BA传感器0	-0.16	-0.34	1.01	-4.7	-4.7	7.02	-20.1	5.3	83.13	相对角度姿态	-20.1	5.3
Mac:DA:3E:20:B6:30:BA传感器0	-0.19	-0.32	0.93	-7.69	-7.69	5.43	-19.77	5.63	83.65	相对角度姿态	-19.77	5.63
Mac:DA:3E:20:B6:30:BA传感器0	-0.18	-0.44	0.49	-6.23	-6.23	2.5	-20.96	5.59	85	相对角度姿态	-20.96	5.59
Mac:DA:3E:20:B6:30:BA传感器0	-0.45	-0.27	0.55	53.28	53.28	-17.46	-20.35	8.65	85.36	相对角度姿态	-20.35	8.65
Mac:DA:3E:20:B6:30:BA传感器0	-0.25	0.02	0.66	75.93	75.93	-56.09	-12.07	10.45	81.6	相对角度姿态	-12.07	10.45
Mac:DA:3E:20:B6:30:BA传感器0	-0.09	0.03	0.51	49.87	49.87	-29.17	-5.92	9.6	76.78	相对角度姿态	-5.92	9.6
Mac:DA:3E:20:B6:30:BA传感器0	0.09	0.45	1.82	104.31	104.31	-21.79	4.28	2.09	75.45	相对角度姿态	4.28	2.09
Mac:DA:3E:20:B6:30:BA传感器0	0.06	0.39	1.97	3.66	3.66	-2.56	9.5	-0.76	74.4	相对角度姿态	9.5	-0.76
Mac:DA:3E:20:B6:30:BA传感器0	-0.14	0.21	1.02	-45.84	-45.84	-8.06	6.75	0.35	74.51	相对角度姿态	6.75	0.35
Mac:DA:3E:20:B6:30:BA传感器0	-0.07	0.01	0.77	-5.43	-5.43	-7.69	3.76	0.14	73.75	相对角度姿态	3.76	0.14
Mac:DA:3E:20:B6:30:BA传感器0	0	0.03	0.95	0.06	0.06	-4.52	2.97	-0.49	73.73	相对角度姿态	2.97	-0.49
Mac:DA:3E:20:B6:30:BA传感器0	-0.01	0.04	0.98	-0.79	-0.79	-2.56	2.8	-0.4	73.81	相对角度姿态	2.8	-0.4
Mac:DA:3E:20:B6:30:BA传感器0	0.09	0.04	1.01	0	0	-13.31	3.58	-0.09	73.49	相对角度姿态	3.58	-0.09
Mac:DA:3E:20:B6:30:BA传感器0	0.4	0.08	0.98	19.29	19.29	13.49	4.61	-2.32	73.94	相对角度姿态	4.61	-2.32
Mac:DA:3E:20:B6:30:BA传感器0	0.54	0.3	1.03	-13	-13	38.94	5.94	-2	76.98	相对角度姿态	5.94	-2
Mac:DA:3E:20:B6:30:BA传感器0	0.35	0.3	0.83	-40.1	-40.1	98.51	4.05	1.02	83.47	相对角度姿态	4.05	1.02
Mac:DA:3E:20:B6:30:BA传感器0	-0.79	0.49	0.67	-9.7	-9.7	149.54	3.57	4.24	96.17	相对角度姿态	3.57	4.24
Mac:DA:3E:20:B6:30:BA传感器0	-0.94	0.18	0.91	24.29	24.29	56.82	6.3	7.41	105.01	相对角度姿态	6.3	7.41
Mac:DA:3E:20:B6:30:BA传感器0	-0.55	0.09	0.99	2.87	2.87	8.06	7.54	9.11	107.25	相对角度姿态	7.54	9.11
Mac:DA:3E:20:B6:30:BA传感器0	-0.28	0.1	1.03	-6.35	-6.35	-12.08	7.25	10.77	106.22	相对角度姿态	7.25	10.77
Mac:DA:3E:20:B6:30:BA传感器0	-0.16	0.09	0.97	-8.61	-8.61	-12.15	6.24	13.29	104.45	相对角度姿态	6.24	13.29
Mac:DA:3E:20:B6:30:BA传感器0	-0.06	0.1	0.95	-0.49	-0.49	-6.35	5.77	13.36	103.05	相对角度姿态	5.77	13.36
Mac:DA:3E:20:B6:30:BA传感器0	-0.14	0.11	0.92	-3.42	-3.42	-11.66	5.25	12.73	101.63	相对角度姿态	5.25	12.73
Mac:DA:3E:20:B6:30:BA传感器0	-0.14	0.07	0.92	-1.83	-1.83	0.31	5.15	12.4	101.01	相对角度姿态	5.15	12.4
Mac:DA:3E:20:B6:30:BA传感器0	-0.14	0.09	0.96	7.57	7.57	11.54	5.66	11.93	101.57	相对角度姿态	5.66	11.93
Mac:DA:3E:20:B6:30:BA传感器0	-0.23	0.14	0.96	1.4	1.4	3.97	6.3	12.02	102.28	相对角度姿态	6.3	12.02
Mac:DA:3E:20:B6:30:BA传感器0	-0.16	0.1	0.95	-0.85	-0.85	-1.65	6.25	12.07	101.83	相对角度姿态	6.25	12.07
Mac:DA:3E:20:B6:30:BA传感器0	-0.16	0.11	0.95	-2.69	-2.69	-0.73	6.03	11.95	101.36	相对角度姿态	6.03	11.95
Mac:DA:3E:20:B6:30:BA传感器0	-0.17	0.13	0.95	-0.55	-0.55	-0.49	6.15	11.8	101.1	相对角度姿态	6.15	11.8
Mac:DA:3E:20:B6:30:BA传感器0	-0.16	0.12	0.96	-0.92	-0.92	0.31	6.08	11.76	100.74	相对角度姿态	6.08	11.76
Mac:DA:3E:20:B6:30:BA传感器0	-0.17	0.11	0.94	-0.79	-0.79	0.24	5.91	11.77	100.52	相对角度姿态	5.91	11.77
Mac:DA:3E:20:B6:30:BA传感器0	-0.17	0.1	0.96	-0.31	-0.31	-0.31	5.89	11.78	100.08	相对角度姿态	5.89	11.78
Mac:DA:3E:20:B6:30:BA传感器0	-0.17	0.1	0.96	-0.31	-0.31	-0.31	5.89	11.78	100.08	相对角度姿态	5.89	11.78
Mac:DA:3E:20:B6:30:BA传感器0	-0.15	0.1	0.95	0.61	0.61	2.56	5.9	11.66	99.97	相对角度姿态	5.9	11.66
Mac:DA:3E:20:B6:30:BA传感器0	-0.18	0.13	0.95	-0.06	-0.06	2.08	6.02	11.63	100.03	相对角度姿态	6.02	11.63
Mac:DA:3E:20:B6:30:BA传感器0	-0.17	0.12	0.95	1.83	1.83	0.85	6.14	11.62	99.92	相对角度姿态	6.14	11.62
Mac:DA:3E:20:B6:30:BA传感器0	-0.17	0.1	0.93	-0.92	-0.92	0.49	5.93	11.38	99.78	相对角度姿态	5.93	11.38
Mac:DA:3E:20:B6:30:BA传感器0	-0.17	0.11	0.96	-0.67	-0.67	-0.61	6.05	11.21	99.62	相对角度姿态	6.05	11.21
Mac:DA:3E:20:B6:30:BA传感器0	-0.15	0.11	0.95	-0.12	-0.12	0.37	6.04	11.24	99.38	相对角度姿态	6.04	11.24
Mac:DA:3E:20:B6:30:BA传感器0	-0.18	0.12	0.95	-1.53	-1.53	-0.92	6.12	11.33	99.27	相对角度姿态	6.12	11.33
Mac:DA:3E:20:B6:30:BA传感器0	-0.18	0.11	0.94	1.04	1.04	0.55	6.23	11.72	99.07	相对角度姿态	6.23	11.72
Mac:DA:3E:20:B6:30:BA传感器0	-0.19	0.12	0.94	1.46	1.46	0.67	6.32	11.68	99.1	相对角度姿态	6.32	11.68
Mac:DA:3E:20:B6:30:BA传感器0	-0.18	0.11	0.93	1.1	1.1	0.61	6.41	11.73	98.98	相对角度姿态	6.41	11.73
Mac:DA:3E:20:B6:30:BA传感器0	-0.17	0.13	0.94	0.61	0.61	-0.31	6.59	11.61	98.86	相对角度姿态	6.59	11.61
Mac:DA:3E:20:B6:30:BA传感器0	-0.19	0.13	0.92	1.16	1.16	0.67	6.76	11.57	98.84	相对角度姿态	6.76	11.57
Mac:DA:3E:20:B6:30:BA传感器0	-0.18	0.12	0.93	0.06	0.06	1.34	6.94	11.46	98.81	相对角度姿态	6.94	11.46
Mac:DA:3E:20:B6:30:BA传感器0	-0.19	0.14	0.96	-0.06	-0.06	0.61	7.22	11.55	98.83	相对角度姿态	7.22	11.55
Mac:DA:3E:20:B6:30:BA传感器0	-0.19	0.14	0.94	-0.98	-0.98	-0.85	7.22	11.61	98.75	相对角度姿态	7.22	11.61
Mac:DA:3E:20:B6:30:BA传感器0	-0.18	0.14	0.93	0.67	0.67	-0.18	7.24	11.56	98.61	相对角度姿态	7.24	11.56
Mac:DA:3E:20:B6:30:BA传感器0	-0.17	0.13	0.92	0.49	0.49	0.79	7.33	11.43	98.53	相对角度姿态	7.33	11.43
Mac:DA:3E:20:B6:30:BA传感器0	-0.18	0.13	0.93	1.46	1.46	0.55	7.49	11.4	98.51	相对角度姿态	7.49	11.4
Mac:DA:3E:20:B6:30:BA传感器0	-0.21	0.14	0.92	-2.32	-2.32	-1.28	7.55	11.89	98.47	相对角度姿态	7.55	11.89
Mac:DA:3E:20:B6:30:BA传感器0	-0.17	0.15	0.93	-0.43	-0.43	-0.92	7.61	11.97	98.3	相对角度姿态	7.61	11.97
Mac:DA:3E:20:B6:30:BA传感器0	-0.17	0.15	0.93	0.06	0.06	1.34	7.69	11.82	98.22	相对角度姿态	7.69	11.82
Mac:DA:3E:20:B6:30:BA传感器0	-0.2	0.14	0.96	1.34	1.34	4.94	7.87	11.69	98.51	相对角度姿态	7.87	11.69
Mac:DA:3E:20:B6:30:BA传感器0	-0.21	0.13	0.93	-2.75	-2.75	2.26	7.9	11.58	98.73	相对角度姿态	7.9	11.58
Mac:DA:3E:20:B6:30:BA传感器0	-0.18	0.12	0.88	-2.01	-2.01	-2.08	7.81	11.62	98.64	相对角度姿态	7.81	11.62
Mac:DA:3E:20:B6:30:BA传感器0	-0.17	0.14	0.91	-0.12	-0.12	-0.61	7.91	11.53	98.52	相对角度姿态	7.91	11.53
Mac:DA:3E:20:B6:30:BA传感器0	-0.19	0.15	0.94	-0.37	-0.37	0.12	8.11	11.54	98.6	相对角度姿态	8.11	11.54
Mac:DA:3E:20:B6:30:BA传感器0	-0.19	0.16	0.95	-2.26	-2.26	0.79	8.31	11.57	98.65	相对角度姿态	8.31	11.57
Mac:DA:3E:20:B6:30:BA传感器0	-0.19	0.15	0.94	4.88	4.88	0.18	8.37	11.68	98.66	相对角度姿态	8.37	11.68
Mac:DA:3E:20:B6:30:BA传感器0	-0.25	0.14	1.09	14.1	14.1	1.04	9.17	11.94	98.79	相对角度姿态	9.17	11.94
Mac:DA:3E:20:B6:30:BA传感器0	-0.3	0.39	1.65	14.83	14.83	0.61	11.02	10	99.01	相对角度姿态	11.02	10
Mac:DA:3E:20:B6:30:BA传感器0	-0.35	0.4	1.22	-52.43	-52.43	-10.86	8.88	8.37	97.87	相对角度姿态	8.88	8.37
Mac:DA:3E:20:B6:30:BA传感器0	-0.11	0.32	1.01	-30.27	-30.27	-26.37	4.66	6.35	95.18	相对角度姿态	4.66	6.35
Mac:DA:3E:20:B6:30:BA传感器0	0.01	0.19	0.53	-131.96	-131.96	-8.79	-1.26	7.68	94.03	相对角度姿态	-1.26	7.68
Mac:DA:3E:20:B6:30:BA传感器0	-0.02	-0.5	0.02	-47.06	-47.06	-2.2	-14.1	10.47	92.46	相对角度姿态	-14.1	10.47
Mac:DA:3E:20:B6:30:BA传感器0	-0.15	-0.15	0.93	-0.31	-0.31	17.46	-14.68	10.11	95.43	相对角度姿态	-14.68	10.11
Mac:DA:3E:20:B6:30:BA传感器0	-0.17	-0.25	0.91	0.12	0.12	13	-14.86	9.9	96.03	相对角度姿态	-14.86	9.9
Mac:DA:3E:20:B6:30:BA传感器0	-0.17	-0.16	1.08	14.1	14.1	3.17	-13.64	9.15	97.7	相对角度姿态	-13.64	9.15
Mac:DA:3E:20:B6:30:BA传感器0	-0.23	-0.17	1.03	7.39	7.39	-0.85	-13.38	9.45	97.89	相对角度姿态	-13.38	9.45
Mac:DA:3E:20:B6:30:BA传感器0	-0.29	-0.17	0.98	-1.59	-1.59	0.85	-13.32	9.51	98.23	相对角度姿态	-13.32	9.51
Mac:DA:3E:20:B6:30:BA传感器0	-0.28	-0.2	0.98	-3.97	-3.97	4.27	-13.39	8.84	98.27	相对角度姿态	-13.39	8.84
Mac:DA:3E:20:B6:30:BA传感器0	-0.45	-0.09	1.05	10.8	10.8	7.93	-12.12	8.05	99.7	相对角度姿态	-12.12	8.05
Mac:DA:3E:20:B6:30:BA传感器0	-0.59	0	0.94	0.98	0.98	-47.67	-12.66	7.08	98.02	相对角度姿态	-12.66	7.08
Mac:DA:3E:20:B6:30:BA传感器0	-0.46	0.19	0.84	2.2	2.2	-77.21	-12.94	7.27	91.63	相对角度姿态	-12.94	7.27
Mac:DA:3E:20:B6:30:BA传感器0	0.45	-0.15	1.45	17.03	17.03	-40.77	-8.89	3.92	75.66	相对角度姿态	-8.89	3.92
Mac:DA:3E:20:B6:30:BA传感器0	0.45	-0.15	1.45	17.03	17.03	-40.77	-8.89	3.92	75.66	相对角度姿态	-8.89	3.92
Mac:DA:3E:20:B6:30:BA传感器0	0.3	-0.36	0.94	-22.64	-22.64	-23.32	-11.79	-0.71	74.15	相对角度姿态	-11.79	-0.71
Mac:DA:3E:20:B6:30:BA传感器0	0.05	-0.26	1.06	-10.56	-10.56	-3.54	-11.51	-2.05	74.36	相对角度姿态	-11.51	-2.05
Mac:DA:3E:20:B6:30:BA传感器0	-0.08	-0.22	1.03	-6.16	-6.16	-4.09	-11.94	-1.64	74.79	相对角度姿态	-11.94	-1.64
Mac:DA:3E:20:B6:30:BA传感器0	-0.07	-0.21	1.04	0.37	0.37	-8.97	-12.73	-1.66	75.32	相对角度姿态	-12.73	-1.66
Mac:DA:3E:20:B6:30:BA传感器0	-0.03	-0.3	0.84	-13.73	-13.73	-11.9	-13.47	-0.52	74.19	相对角度姿态	-13.47	-0.52
Mac:DA:3E:20:B6:30:BA传感器0	-0.01	-0.28	0.46	-2.5	-2.5	-25.57	-16.06	0.34	73.41	相对角度姿态	-16.06	0.34
Mac:DA:3E:20:B6:30:BA传感器0	-0.01	-0.28	0.46	-2.5	-2.5	-25.57	-16.06	0.34	73.41	相对角度姿态	-16.06	0.34
Mac:DA:3E:20:B6:30:BA传感器0	0.08	-0.11	0.6	41.44	41.44	5.8	-13.26	-0.08	72.94	相对角度姿态	-13.26	-0.08
Mac:DA:3E:20:B6:30:BA传感器0	0.12	0.08	1.5	98.51	98.51	18.13	-5.38	-3.71	75.11	相对角度姿态	-5.38	-3.71
Mac:DA:3E:20:B6:30:BA传感器0	-0.13	0.42	1.94	58.23	58.23	22.71	4.35	-4.7	77.8	相对角度姿态	4.35	-4.7
Mac:DA:3E:20:B6:30:BA传感器0	-0.16	0.26	1.44	-7.14	-7.14	-11.29	6.98	-3.84	78.56	相对角度姿态	6.98	-3.84
Mac:DA:3E:20:B6:30:BA传感器0	-0.07	0.08	0.95	-21.85	-21.85	-18.74	4.74	-2.68	77.24	相对角度姿态	4.74	-2.68
Mac:DA:3E:20:B6:30:BA传感器0	0.03	0	0.82	-4.03	-4.03	-16.85	2.68	-1.99	75.79	相对角度姿态	2.68	-1.99
Mac:DA:3E:20:B6:30:BA传感器0	0.14	0.08	0.99	10.19	10.19	-32.35	3.02	-2.09	74.16	相对角度姿态	3.02	-2.09
Mac:DA:3E:20:B6:30:BA传感器0	0.39	0.09	1.06	10.68	10.68	-10.19	3.88	-3.48	73.13	相对角度姿态	3.88	-3.48
Mac:DA:3E:20:B6:30:BA传感器0	0.71	0.18	0.89	11.66	11.66	15.81	4.73	-3.54	73.33	相对角度姿态	4.73	-3.54
Mac:DA:3E:20:B6:30:BA传感器0	0.44	0.48	0.96	9.22	9.22	62.68	6.71	-1.24	77.99	相对角度姿态	6.71	-1.24
Mac:DA:3E:20:B6:30:BA传感器0	-0.27	0.44	0.82	-67.2	-67.2	113.59	4.62	2.82	87.03	相对角度姿态	4.62	2.82
Mac:DA:3E:20:B6:30:BA传感器0	-1.03	0.19	0.85	-8.79	-8.79	123.72	2.46	2.96	98.8	相对角度姿态	2.46	2.96
Mac:DA:3E:20:B6:30:BA传感器0	-0.77	0.02	1.05	17.58	17.58	7.08	4.72	5.03	105.55	相对角度姿态	4.72	5.03
Mac:DA:3E:20:B6:30:BA传感器0	-0.18	0.01	0.91	5.19	5.19	-19.71	4.91	8.22	104.44	相对角度姿态	4.91	8.22
Mac:DA:3E:20:B6:30:BA传感器0	-0.07	0.11	0.99	10.8	10.8	-16.66	6.27	10.09	102.66	相对角度姿态	6.27	10.09
Mac:DA:3E:20:B6:30:BA传感器0	-0.1	0.12	0.92	4.94	4.94	-1.77	6.59	10.65	101.66	相对角度姿态	6.59	10.65
Mac:DA:3E:20:B6:30:BA传感器0	-0.13	0.14	0.98	3.17	3.17	1.65	7.22	10.49	101.33	相对角度姿态	7.22	10.49
Mac:DA:3E:20:B6:30:BA传感器0	-0.13	0.14	0.93	4.03	4.03	2.5	7.5	10.41	101.16	相对角度姿态	7.5	10.41
Mac:DA:3E:20:B6:30:BA传感器0	-0.16	0.14	0.93	2.56	2.56	1.77	7.71	10.59	100.93	相对角度姿态	7.71	10.59
Mac:DA:3E:20:B6:30:BA传感器0	-0.13	0.14	0.94	-1.4	-1.4	-0.37	7.96	10.65	100.65	相对角度姿态	7.96	10.65
Mac:DA:3E:20:B6:30:BA传感器0	-0.16	0.15	0.94	0.61	0.61	1.4	8.16	10.73	100.61	相对角度姿态	8.16	10.73
Mac:DA:3E:20:B6:30:BA传感器0	-0.17	0.15	0.91	0.24	0.24	0.31	8.06	10.83	100.39	相对角度姿态	8.06	10.83
Mac:DA:3E:20:B6:30:BA传感器0	-0.15	0.14	0.93	1.4	1.4	-1.46	8.16	10.67	100.09	相对角度姿态	8.16	10.67
Mac:DA:3E:20:B6:30:BA传感器0	-0.15	0.15	0.94	-1.04	-1.04	0	8.37	10.64	99.74	相对角度姿态	8.37	10.64
Mac:DA:3E:20:B6:30:BA传感器0	-0.15	0.15	0.94	0.49	0.49	-0.79	8.32	10.68	99.43	相对角度姿态	8.32	10.68
Mac:DA:3E:20:B6:30:BA传感器0	-0.15	0.16	0.93	-0.92	-0.92	-0.12	8.37	10.54	99.17	相对角度姿态	8.37	10.54
Mac:DA:3E:20:B6:30:BA传感器0	-0.15	0.15	0.93	-0.43	-0.43	0.12	8.3	10.44	98.93	相对角度姿态	8.3	10.44
Mac:DA:3E:20:B6:30:BA传感器0	-0.14	0.15	0.95	-0.55	-0.55	0.43	8.28	10.29	98.71	相对角度姿态	8.28	10.29
Mac:DA:3E:20:B6:30:BA传感器0	-0.16	0.14	0.91	-1.83	-1.83	1.53	8.14	10.27	98.6	相对角度姿态	8.14	10.27
Mac:DA:3E:20:B6:30:BA传感器0	-0.14	0.15	0.94	-0.61	-0.61	1.04	8.25	10.13	98.49	相对角度姿态	8.25	10.13
Mac:DA:3E:20:B6:30:BA传感器0	-0.15	0.15	0.92	1.22	1.22	1.65	8.21	10.11	98.5	相对角度姿态	8.21	10.11
Mac:DA:3E:20:B6:30:BA传感器0	-0.15	0.15	0.93	0.49	0.49	2.38	8.38	10.04	98.53	相对角度姿态	8.38	10.04
Mac:DA:3E:20:B6:30:BA传感器0	-0.17	0.15	0.92	-0.92	-0.92	-0.18	8.54	10.13	98.44	相对角度姿态	8.54	10.13
Mac:DA:3E:20:B6:30:BA传感器0	-0.15	0.16	0.92	1.22	1.22	0.43	8.69	10.13	98.28	相对角度姿态	8.69	10.13
Mac:DA:3E:20:B6:30:BA传感器0	-0.16	0.16	0.91	-0.12	-0.12	-0.61	8.86	10.21	98.11	相对角度姿态	8.86	10.21
Mac:DA:3E:20:B6:30:BA传感器0	-0.15	0.16	0.93	1.53	1.53	1.04	9.13	10.11	98.02	相对角度姿态	9.13	10.11
Mac:DA:3E:20:B6:30:BA传感器0	-0.16	0.18	0.93	-0.55	-0.55	0.24	9.29	10.03	97.99	相对角度姿态	9.29	10.03
Mac:DA:3E:20:B6:30:BA传感器0	-0.15	0.15	0.9	-0.06	-0.06	-0.55	9.27	10.11	97.79	相对角度姿态	9.27	10.11
Mac:DA:3E:20:B6:30:BA传感器0	-0.15	0.19	0.94	1.4	1.4	-1.16	9.76	9.96	97.67	相对角度姿态	9.76	9.96
Mac:DA:3E:20:B6:30:BA传感器0	-0.16	0.17	0.91	5.55	5.55	-0.73	10.05	9.99	97.52	相对角度姿态	10.05	9.99
Mac:DA:3E:20:B6:30:BA传感器0	-0.14	0.2	0.95	4.33	4.33	0.43	10.63	9.88	97.37	相对角度姿态	10.63	9.88
Mac:DA:3E:20:B6:30:BA传感器0	-0.19	0.19	0.91	1.59	1.59	-1.59	10.64	10.29	97.36	相对角度姿态	10.64	10.29
Mac:DA:3E:20:B6:30:BA传感器0	-0.17	0.19	0.93	-1.34	-1.34	-0.85	10.65	10.39	97.21	相对角度姿态	10.65	10.39
Mac:DA:3E:20:B6:30:BA传感器0	-0.17	0.18	0.9	-0.55	-0.55	-1.95	10.55	10.37	96.96	相对角度姿态	10.55	10.37
Mac:DA:3E:20:B6:30:BA传感器0	-0.14	0.17	0.9	2.81	2.81	0.49	10.59	10.17	96.71	相对角度姿态	10.59	10.17
Mac:DA:3E:20:B6:30:BA传感器0	-0.16	0.2	0.91	1.22	1.22	3.3	10.96	9.98	96.81	相对角度姿态	10.96	9.98
Mac:DA:3E:20:B6:30:BA传感器0	-0.16	0.19	0.93	1.28	1.28	-1.71	11.22	9.76	96.8	相对角度姿态	11.22	9.76
Mac:DA:3E:20:B6:30:BA传感器0	-0.15	0.17	0.93	4.7	4.7	-2.2	11.38	9.92	96.7	相对角度姿态	11.38	9.92
Mac:DA:3E:20:B6:30:BA传感器0	-0.19	0.24	1.18	22.58	22.58	5.92	12.82	9.96	97.03	相对角度姿态	12.82	9.96
Mac:DA:3E:20:B6:30:BA传感器0	-0.37	0.32	1.26	14.47	14.47	13.67	14.57	10.11	98.64	相对角度姿态	14.57	10.11
Mac:DA:3E:20:B6:30:BA传感器0	-0.38	0.53	1.33	-0.85	-0.85	-11.05	14.72	10.78	97.9	相对角度姿态	14.72	10.78
Mac:DA:3E:20:B6:30:BA传感器0	-0.19	0.54	1.21	-62.13	-62.13	-8.85	11.12	10.31	96.09	相对角度姿态	11.12	10.31
Mac:DA:3E:20:B6:30:BA传感器0	-0.07	0.27	0.6	-113.59	-113.59	-40.71	2.45	12.39	93.91	相对角度姿态	2.45	12.39
Mac:DA:3E:20:B6:30:BA传感器0	-0.16	-0.28	0.11	-64.33	-64.33	8.36	-9.6	14.45	92.53	相对角度姿态	-9.6	14.45
Mac:DA:3E:20:B6:30:BA传感器0	-0.04	-0.35	0.61	-23.8	-23.8	5.25	-14.4	15.28	92.94	相对角度姿态	-14.4	15.28
Mac:DA:3E:20:B6:30:BA传感器0	-0.13	-0.26	0.92	13.92	13.92	14.47	-15.28	13.3	94.47	相对角度姿态	-15.28	13.3
Mac:DA:3E:20:B6:30:BA传感器0	-0.18	-0.21	0.97	5.8	5.8	8.42	-14.6	12.46	95.99	相对角度姿态	-14.6	12.46
Mac:DA:3E:20:B6:30:BA传感器0	-0.26	-0.14	1.05	-6.1	-6.1	10.68	-13.46	12.58	96.32	相对角度姿态	-13.46	12.58
Mac:DA:3E:20:B6:30:BA传感器0	-0.27	-0.21	0.93	-3.85	-3.85	4.33	-13.01	13.33	96.24	相对角度姿态	-13.01	13.33
Mac:DA:3E:20:B6:30:BA传感器0	-0.41	-0.11	1.04	-1.46	-1.46	21.85	-12.16	13.54	97.61	相对角度姿态	-12.16	13.54
Mac:DA:3E:20:B6:30:BA传感器0	-0.52	-0.11	1.01	-11.72	-11.72	6.41	-12.07	12.66	99.17	相对角度姿态	-12.07	12.66
Mac:DA:3E:20:B6:30:BA传感器0	-0.6	-0.05	0.91	-12.27	-12.27	-33.51	-12.88	11.49	97.94	相对角度姿态	-12.88	11.49
Mac:DA:3E:20:B6:30:BA传感器0	-0.6	0.02	0.93	-20.14	-20.14	-45.9	-14.29	8.81	93.79	相对角度姿态	-14.29	8.81
Mac:DA:3E:20:B6:30:BA传感器0	-0.5	0.1	0.55	17.94	17.94	-171.39	-15.76	9.38	83.39	相对角度姿态	-15.76	9.38
Mac:DA:3E:20:B6:30:BA传感器0	1.17	-0.39	1.24	69.15	69.15	-75.93	-15.19	2.5	69.04	相对角度姿态	-15.19	2.5
Mac:DA:3E:20:B6:30:BA传感器0	0.52	-0.15	1.23	19.9	19.9	-16.11	-9.28	-0.3	67.29	相对角度姿态	-9.28	-0.3
Mac:DA:3E:20:B6:30:BA传感器0	0.05	-0.18	1.1	3.85	3.85	-6.16	-9.18	-2.49	68.02	相对角度姿态	-9.18	-2.49
Mac:DA:3E:20:B6:30:BA传感器0	-0.03	-0.23	1.08	-27.04	-27.04	-6.29	-8.81	-2.14	66.43	相对角度姿态	-8.81	-2.14
Mac:DA:3E:20:B6:30:BA传感器0	-0.05	-0.19	1.06	-5.62	-5.62	7.32	-9.48	-2.19	67.87	相对角度姿态	-9.48	-2.19
Mac:DA:3E:20:B6:30:BA传感器0	0.04	-0.27	0.99	1.77	1.77	-1.16	-10.06	-1.64	68.8	相对角度姿态	-10.06	-1.64
Mac:DA:3E:20:B6:30:BA传感器0	-0.05	-0.26	1	-13.06	-13.06	-0.67	-10.5	-0.3	69.53	相对角度姿态	-10.5	-0.3
Mac:DA:3E:20:B6:30:BA传感器0	-0.04	-0.25	0.86	3.54	3.54	1.46	-10.89	1.36	70.1	相对角度姿态	-10.89	1.36
Mac:DA:3E:20:B6:30:BA传感器0	0.11	-0.24	0.58	-23.32	-23.32	13.85	-11.4	2.83	70.86	相对角度姿态	-11.4	2.83
Mac:DA:3E:20:B6:30:BA传感器0	0.32	-0.14	0.72	1.59	1.59	50.48	-10.3	1.78	74.06	相对角度姿态	-10.3	1.78
Mac:DA:3E:20:B6:30:BA传感器0	0.18	0.11	0.56	2.75	2.75	88.13	-6.97	2.38	79.57	相对角度姿态	-6.97	2.38
Mac:DA:3E:20:B6:30:BA传感器0	-0.43	0.54	1.19	5.74	5.74	128.36	-1.39	3.21	89.43	相对角度姿态	-1.39	3.21
Mac:DA:3E:20:B6:30:BA传感器0	-0.91	0.5	1.31	67.32	67.32	86.98	4.74	3.03	100.45	相对角度姿态	4.74	3.03
Mac:DA:3E:20:B6:30:BA传感器0	-0.64	0.31	1.29	51.03	51.03	26.67	11.69	4.6	105.07	相对角度姿态	11.69	4.6
Mac:DA:3E:20:B6:30:BA传感器0	-0.33	0.25	1.21	-17.52	-17.52	-2.44	13.37	6.22	106.07	相对角度姿态	13.37	6.22
Mac:DA:3E:20:B6:30:BA传感器0	-0.09	0.16	0.99	-14.83	-14.83	-6.16	11.22	7.04	105.12	相对角度姿态	11.22	7.04
Mac:DA:3E:20:B6:30:BA传感器0	-0.09	0.17	0.86	-5.8	-5.8	-4.94	9.59	7.22	104.32	相对角度姿态	9.59	7.22
Mac:DA:3E:20:B6:30:BA传感器0	-0.06	0.13	0.87	2.26	2.26	-3.54	9.18	7.24	103.62	相对角度姿态	9.18	7.24
Mac:DA:3E:20:B6:30:BA传感器0	-0.1	0.17	0.93	0.49	0.49	5	10.03	8.36	103.45	相对角度姿态	10.03	8.36
Mac:DA:3E:20:B6:30:BA传感器0	-0.14	0.2	0.93	6.77	6.77	2.99	10.55	8.89	103.63	相对角度姿态	10.55	8.89
Mac:DA:3E:20:B6:30:BA传感器0	-0.12	0.21	0.96	2.87	2.87	2.32	10.84	8.95	103.49	相对角度姿态	10.84	8.95
Mac:DA:3E:20:B6:30:BA传感器0	-0.14	0.19	0.93	0.24	0.24	1.95	10.79	8.77	103.29	相对角度姿态	10.79	8.77
Mac:DA:3E:20:B6:30:BA传感器0	-0.12	0.18	0.9	-4.7	-4.7	1.1	10.6	8.13	103.06	相对角度姿态	10.6	8.13
Mac:DA:3E:20:B6:30:BA传感器0	-0.09	0.17	0.91	3.36	3.36	0	10.57	8.04	102.84	相对角度姿态	10.57	8.04
Mac:DA:3E:20:B6:30:BA传感器0	-0.09	0.18	0.94	-5.37	-5.37	1.95	10.83	8.06	102.65	相对角度姿态	10.83	8.06
Mac:DA:3E:20:B6:30:BA传感器0	-0.14	0.2	0.91	-2.44	-2.44	1.53	10.75	7.79	102.71	相对角度姿态	10.75	7.79
Mac:DA:3E:20:B6:30:BA传感器0	-0.11	0.19	0.92	-1.28	-1.28	1.22	10.58	7.57	102.53	相对角度姿态	10.58	7.57
Mac:DA:3E:20:B6:30:BA传感器0	-0.09	0.18	0.92	0.49	0.49	1.22	10.5	7.25	102.35	相对角度姿态	10.5	7.25
Mac:DA:3E:20:B6:30:BA传感器0	-0.09	0.19	0.91	2.08	2.08	-1.89	10.62	7.25	102	相对角度姿态	10.62	7.25
Mac:DA:3E:20:B6:30:BA传感器0	-0.07	0.19	0.93	2.62	2.62	0.67	10.93	7.13	101.71	相对角度姿态	10.93	7.13
Mac:DA:3E:20:B6:30:BA传感器0	-0.12	0.22	0.93	-0.92	-0.92	0.18	11.24	7.25	101.67	相对角度姿态	11.24	7.25
Mac:DA:3E:20:B6:30:BA传感器0	-0.11	0.19	0.91	5.07	5.07	-0.12	11.33	7.33	101.51	相对角度姿态	11.33	7.33
Mac:DA:3E:20:B6:30:BA传感器0	-0.09	0.19	0.92	1.83	1.83	3.23	11.54	7.58	101.56	相对角度姿态	11.54	7.58
Mac:DA:3E:20:B6:30:BA传感器0	-0.11	0.22	0.94	1.28	1.28	2.99	11.91	7.99	101.96	相对角度姿态	11.91	7.99
Mac:DA:3E:20:B6:30:BA传感器0	-0.14	0.2	0.98	2.32	2.32	-1.04	12.12	8.26	102.12	相对角度姿态	12.12	8.26
Mac:DA:3E:20:B6:30:BA传感器0	-0.15	0.23	1.24	1.77	1.77	2.14	12.11	8.67	102.28	相对角度姿态	12.11	8.67
Mac:DA:3E:20:B6:30:BA传感器0	-0.21	0.28	1.27	-23.01	-23.01	-3.36	10.91	10.16	102.43	相对角度姿态	10.91	10.16
Mac:DA:3E:20:B6:30:BA传感器0	-0.37	0.27	1.11	-62.74	-62.74	-8.73	6.51	10.58	102.16	相对角度姿态	6.51	10.58
Mac:DA:3E:20:B6:30:BA传感器0	-0.39	0.21	1	-64.09	-64.09	-40.83	1.08	11.19	99.84	相对角度姿态	1.08	11.19
Mac:DA:3E:20:B6:30:BA传感器0	-0.31	0.06	0.72	-58.11	-58.11	-66.77	-5.91	11.56	94.67	相对角度姿态	-5.91	11.56
Mac:DA:3E:20:B6:30:BA传感器0	-0.18	-0.14	0.7	-44.49	-44.49	-70.5	-11.78	12.1	87.78	相对角度姿态	-11.78	12.1
Mac:DA:3E:20:B6:30:BA传感器0	-0.33	-0.12	0.58	-43.58	-43.58	-58.47	-16.8	11.54	81.9	相对角度姿态	-16.8	11.54
Mac:DA:3E:20:B6:30:BA传感器0	-0.04	-0.3	0.52	13.43	13.43	-98.21	-20.23	8.01	75.01	相对角度姿态	-20.23	8.01
Mac:DA:3E:20:B6:30:BA传感器0	0.14	-0.37	0.76	40.71	40.71	-74.16	-18.51	4.27	67.75	相对角度姿态	-18.51	4.27
Mac:DA:3E:20:B6:30:BA传感器0	0.04	-0.26	0.68	31.56	31.56	-51.39	-16.2	3.18	63.42	相对角度姿态	-16.2	3.18
Mac:DA:3E:20:B6:30:BA传感器0	0.05	-0.23	0.83	67.44	67.44	-29.17	-12.09	1.27	61.06	相对角度姿态	-12.09	1.27
Mac:DA:3E:20:B6:30:BA传感器0	-0.06	0.05	1.04	41.87	41.87	-3.54	-3.98	0.25	61.59	相对角度姿态	-3.98	0.25
Mac:DA:3E:20:B6:30:BA传感器0	-0.1	0.04	1.06	60.06	60.06	3.72	1.22	1.04	62.32	相对角度姿态	1.22	1.04
Mac:DA:3E:20:B6:30:BA传感器0	-0.06	0.25	1.27	66.71	66.71	19.41	8.69	0.93	64.97	相对角度姿态	8.69	0.93
Mac:DA:3E:20:B6:30:BA传感器0	-0.18	0.32	1.13	61.95	61.95	29.85	15.1	1.83	68.51	相对角度姿态	15.1	1.83
Mac:DA:3E:20:B6:30:BA传感器0	-0.19	0.35	0.99	40.65	40.65	31.31	19.69	1.9	72.77	相对角度姿态	19.69	1.9
Mac:DA:3E:20:B6:30:BA传感器0	-0.19	0.38	0.76	26.98	26.98	20.45	23	4.05	76.56	相对角度姿态	23	4.05
Mac:DA:3E:20:B6:30:BA传感器0	-0.09	0.43	0.83	30.21	30.21	23.07	26.69	6.98	80.72	相对角度姿态	26.69	6.98
Mac:DA:3E:20:B6:30:BA传感器0	-0.13	0.51	0.81	-2.5	-2.5	42.36	28.76	10.08	86.54	相对角度姿态	28.76	10.08
Mac:DA:3E:20:B6:30:BA传感器0	-0.19	0.51	0.65	-9.46	-9.46	50.23	29.45	12.21	93.4	相对角度姿态	29.45	12.21
Mac:DA:3E:20:B6:30:BA传感器0	-0.31	0.54	0.88	-23.68	-23.68	46.26	29.44	13.24	99.78	相对角度姿态	29.44	13.24
Mac:DA:3E:20:B6:30:BA传感器0	-0.32	0.49	0.9	-45.84	-45.84	42.36	27.2	13.89	105.02	相对角度姿态	27.2	13.89
Mac:DA:3E:20:B6:30:BA传感器0	-0.45	0.48	0.95	-61.77	-61.77	23.25	22.9	14.13	108.48	相对角度姿态	22.9	14.13
Mac:DA:3E:20:B6:30:BA传感器0	-0.47	0.34	0.83	-35.71	-35.71	-24.6	17.64	15.6	108.16	相对角度姿态	17.64	15.6
Mac:DA:3E:20:B6:30:BA传感器0	-0.28	0.21	0.68	-51.7	-51.7	-21.79	14.76	19.12	104.18	相对角度姿态	14.76	19.12
Mac:DA:3E:20:B6:30:BA传感器0	-0.15	0.01	0.63	-35.52	-35.52	4.88	8.94	17.46	102.8	相对角度姿态	8.94	17.46
Mac:DA:3E:20:B6:30:BA传感器0	-0.2	0.04	0.7	-10.38	-10.38	5.31	7.09	16.8	102.9	相对角度姿态	7.09	16.8
Mac:DA:3E:20:B6:30:BA传感器0	-0.25	0.11	0.93	-1.83	-1.83	0.61	6.98	16.52	103.08	相对角度姿态	6.98	16.52
Mac:DA:3E:20:B6:30:BA传感器0	-0.24	0.13	0.97	-2.75	-2.75	-1.71	6.93	16.63	102.63	相对角度姿态	6.93	16.63
Mac:DA:3E:20:B6:30:BA传感器0	-0.25	0.14	0.95	3.6	3.6	-1.83	6.86	16.38	102.22	相对角度姿态	6.86	16.38
Mac:DA:3E:20:B6:30:BA传感器0	-0.22	0.12	0.92	2.08	2.08	-2.99	6.58	15.97	101.6	相对角度姿态	6.58	15.97
Mac:DA:3E:20:B6:30:BA传感器0	-0.21	0.1	0.93	1.28	1.28	-1.16	6.6	15.75	101.08	相对角度姿态	6.6	15.75
Mac:DA:3E:20:B6:30:BA传感器0	-0.22	0.11	0.93	2.62	2.62	-0.49	6.73	15.67	100.65	相对角度姿态	6.73	15.67
Mac:DA:3E:20:B6:30:BA传感器0	-0.23	0.12	0.92	1.77	1.77	0	6.89	15.69	100.24	相对角度姿态	6.89	15.69
Mac:DA:3E:20:B6:30:BA传感器0	-0.23	0.13	0.93	0	0	-0.43	7.24	15.38	99.88	相对角度姿态	7.24	15.38
Mac:DA:3E:20:B6:30:BA传感器0	-0.22	0.1	0.88	3.66	3.66	-1.46	7.35	15.16	99.57	相对角度姿态	7.35	15.16
Mac:DA:3E:20:B6:30:BA传感器0	-0.26	0.18	0.97	6.1	6.1	-1.65	8.71	15.67	99.2	相对角度姿态	8.71	15.67
Mac:DA:3E:20:B6:30:BA传感器0	-0.24	0.15	0.94	-4.27	-4.27	1.16	8.35	15.22	98.82	相对角度姿态	8.35	15.22
Mac:DA:3E:20:B6:30:BA传感器0	-0.23	0.13	0.91	-7.14	-7.14	0.24	7.58	14.55	98.65	相对角度姿态	7.58	14.55
Mac:DA:3E:20:B6:30:BA传感器0	-0.23	0.13	0.92	-3.17	-3.17	-2.62	7.37	14.56	98.33	相对角度姿态	7.37	14.56
Mac:DA:3E:20:B6:30:BA传感器0	-0.23	0.12	0.91	0.37	0.37	-0.98	7.11	14.9	97.81	相对角度姿态	7.11	14.9
Mac:DA:3E:20:B6:30:BA传感器0	-0.23	0.12	0.91	0.37	0.37	-0.98	7.11	14.9	97.81	相对角度姿态	7.11	14.9
Mac:DA:3E:20:B6:30:BA传感器0	-0.23	0.12	0.93	-0.37	-0.37	-0.55	7.14	14.81	97.62	相对角度姿态	7.14	14.81
Mac:DA:3E:20:B6:30:BA传感器0	-0.22	0.12	0.92	-0.67	-0.67	0.31	6.95	14.46	97.54	相对角度姿态	6.95	14.46
Mac:DA:3E:20:B6:30:BA传感器0	-0.22	0.11	0.91	0.43	0.43	-1.04	6.96	14.44	97.4	相对角度姿态	6.96	14.44
Mac:DA:3E:20:B6:30:BA传感器0	-0.24	0.13	0.92	1.34	1.34	-1.34	7.2	14.72	97.31	相对角度姿态	7.2	14.72
Mac:DA:3E:20:B6:30:BA传感器0	-0.24	0.14	0.94	-1.04	-1.04	-0.18	7.44	14.76	97.2	相对角度姿态	7.44	14.76
Mac:DA:3E:20:B6:30:BA传感器0	-0.23	0.12	0.91	-1.28	-1.28	-0.37	7.26	14.48	97.13	相对角度姿态	7.26	14.48
Mac:DA:3E:20:B6:30:BA传感器0	-0.21	0.12	0.92	1.53	1.53	0.79	7.3	14.44	97.06	相对角度姿态	7.3	14.44
Mac:DA:3E:20:B6:30:BA传感器0	-0.23	0.14	0.9	4.64	4.64	-0.24	7.39	14.52	97.1	相对角度姿态	7.39	14.52
Mac:DA:3E:20:B6:30:BA传感器0	-0.23	0.14	0.92	1.65	1.65	-0.12	7.59	14.53	97.09	相对角度姿态	7.59	14.53
Mac:DA:3E:20:B6:30:BA传感器0	-0.23	0.14	0.92	0.18	0.18	0.18	7.67	14.5	97.08	相对角度姿态	7.67	14.5
Mac:DA:3E:20:B6:30:BA传感器0	-0.23	0.13	0.9	-0.92	-0.92	-0.12	7.66	14.54	97.03	相对角度姿态	7.66	14.54
Mac:DA:3E:20:B6:30:BA传感器0	-0.24	0.14	0.92	-2.26	-2.26	-0.49	7.72	14.5	97.04	相对角度姿态	7.72	14.5
Mac:DA:3E:20:B6:30:BA传感器0	-0.22	0.13	0.92	-2.99	-2.99	2.81	7.69	14.25	97.16	相对角度姿态	7.69	14.25
Mac:DA:3E:20:B6:30:BA传感器0	-0.26	0.15	0.9	0.18	0.18	0.67	7.76	14.17	97.31	相对角度姿态	7.76	14.17
Mac:DA:3E:20:B6:30:BA传感器0	-0.23	0.14	0.93	0.24	0.24	-2.32	7.91	14.14	97.14	相对角度姿态	7.91	14.14
Mac:DA:3E:20:B6:30:BA传感器0	-0.21	0.14	0.93	-1.46	-1.46	-0.55	7.92	14.08	96.97	相对角度姿态	7.92	14.08
Mac:DA:3E:20:B6:30:BA传感器0	-0.23	0.14	0.91	-0.92	-0.92	-1.22	7.9	14.06	96.9	相对角度姿态	7.9	14.06
Mac:DA:3E:20:B6:30:BA传感器0	-0.23	0.15	0.92	1.34	1.34	0.49	7.95	14.01	96.85	相对角度姿态	7.95	14.01
Mac:DA:3E:20:B6:30:BA传感器0	-0.24	0.15	0.92	-0.49	-0.49	0.31	8	13.97	96.84	相对角度姿态	8	13.97
Mac:DA:3E:20:B6:30:BA传感器0	-0.24	0.14	0.96	4.7	4.7	-0.24	8.07	13.95	96.77	相对角度姿态	8.07	13.95
Mac:DA:3E:20:B6:30:BA传感器0	-0.26	0.18	1.1	-8	-8	2.14	7.93	14.33	97.01	相对角度姿态	7.93	14.33
Mac:DA:3E:20:B6:30:BA传感器0	-0.31	0.16	1.11	-20.26	-20.26	10.31	6.56	14.69	97.7	相对角度姿态	6.56	14.69
Mac:DA:3E:20:B6:30:BA传感器0	-0.49	0.17	1.1	-29.79	-29.79	6.23	4.52	14.92	98.55	相对角度姿态	4.52	14.92
Mac:DA:3E:20:B6:30:BA传感器0	-0.51	0.13	0.97	-37.6	-37.6	-16.36	0.93	15.39	97.71	相对角度姿态	0.93	15.39
Mac:DA:3E:20:B6:30:BA传感器0	-0.38	0.07	0.9	-49.26	-49.26	-24.96	-3.78	14.93	95.15	相对角度姿态	-3.78	14.93
Mac:DA:3E:20:B6:30:BA传感器0	-0.31	0.03	0.87	-54.87	-54.87	-34.67	-8.6	13.19	92.1	相对角度姿态	-8.6	13.19
Mac:DA:3E:20:B6:30:BA传感器0	-0.23	-0.15	0.76	-36.25	-36.25	-56.46	-13.55	11.89	87.33	相对角度姿态	-13.55	11.89
Mac:DA:3E:20:B6:30:BA传感器0	-0.09	-0.27	0.73	-12.51	-12.51	-57.56	-17.43	9.01	82.18	相对角度姿态	-17.43	9.01
Mac:DA:3E:20:B6:30:BA传感器0	-0.01	-0.34	0.67	2.99	2.99	-62.68	-18.81	5.71	77.4	相对角度姿态	-18.81	5.71
Mac:DA:3E:20:B6:30:BA传感器0	0.04	-0.29	0.86	27.77	27.77	-50.66	-17.52	2.74	73.44	相对角度姿态	-17.52	2.74
Mac:DA:3E:20:B6:30:BA传感器0	0.03	-0.34	0.85	8.18	8.18	-70.31	-15.83	1.29	69.03	相对角度姿态	-15.83	1.29
Mac:DA:3E:20:B6:30:BA传感器0	-0.07	-0.23	0.88	33.14	33.14	-52.92	-13.91	0.76	64.5	相对角度姿态	-13.91	0.76
Mac:DA:3E:20:B6:30:BA传感器0	-0.02	-0.19	0.82	40.59	40.59	-46.69	-10.93	1.13	60.16	相对角度姿态	-10.93	1.13
Mac:DA:3E:20:B6:30:BA传感器0	0.27	-0.04	0.99	65.31	65.31	-18.01	-4.72	1.18	57.24	相对角度姿态	-4.72	1.18
Mac:DA:3E:20:B6:30:BA传感器0	0.12	0.12	1.09	73.67	73.67	-3.91	2.54	0.04	58.07	相对角度姿态	2.54	0.04
Mac:DA:3E:20:B6:30:BA传感器0	0.14	0.29	1.21	81.42	81.42	41.69	8.38	-1.13	61.14	相对角度姿态	8.38	-1.13
Mac:DA:3E:20:B6:30:BA传感器0	-0.1	0.35	1.1	65.25	65.25	-15.63	15.63	1.51	65.75	相对角度姿态	15.63	1.51
Mac:DA:3E:20:B6:30:BA传感器0	-0.13	0.47	1.1	52	52	28.75	22.66	4.77	69.38	相对角度姿态	22.66	4.77
Mac:DA:3E:20:B6:30:BA传感器0	-0.13	0.5	0.91	4.15	4.15	49.99	25.66	6.88	76.15	相对角度姿态	25.66	6.88
Mac:DA:3E:20:B6:30:BA传感器0	-0.23	0.46	0.78	-23.13	-23.13	68.18	25.36	10.03	84.45	相对角度姿态	25.36	10.03
Mac:DA:3E:20:B6:30:BA传感器0	-0.47	0.46	0.96	-37.6	-37.6	76.42	23.96	11.74	93.5	相对角度姿态	23.96	11.74
Mac:DA:3E:20:B6:30:BA传感器0	-0.6	0.43	1.07	-58.9	-58.9	38.57	20.45	12.13	99.81	相对角度姿态	20.45	12.13
Mac:DA:3E:20:B6:30:BA传感器0	-0.35	0.33	0.89	-64.27	-64.27	13.37	15.18	12.43	101.84	相对角度姿态	15.18	12.43
Mac:DA:3E:20:B6:30:BA传感器0	-0.21	0.16	0.76	-49.5	-49.5	10.19	9.43	12.41	102.32	相对角度姿态	9.43	12.41
Mac:DA:3E:20:B6:30:BA传感器0	-0.2	0.04	0.72	-35.03	-35.03	-0.24	4.74	12.69	102.27	相对角度姿态	4.74	12.69
Mac:DA:3E:20:B6:30:BA传感器0	-0.2	-0.01	0.75	-16.24	-16.24	-0.12	1.99	12.39	101.8	相对角度姿态	1.99	12.39
Mac:DA:3E:20:B6:30:BA传感器0	-0.15	0.02	0.84	7.81	7.81	-4.76	1.86	11.13	101.45	相对角度姿态	1.86	11.13
Mac:DA:3E:20:B6:30:BA传感器0	-0.08	0	0.93	-1.46	-1.46	-6.47	1.87	10.39	100.51	相对角度姿态	1.87	10.39
Mac:DA:3E:20:B6:30:BA传感器0	-0.13	0.04	0.97	3.48	3.48	0.67	1.96	10.48	99.92	相对角度姿态	1.96	10.48
Mac:DA:3E:20:B6:30:BA传感器0	-0.13	0.06	0.99	-0.12	-0.12	-1.77	2.13	10.5	99.57	相对角度姿态	2.13	10.5
Mac:DA:3E:20:B6:30:BA传感器0	-0.13	0.04	0.98	0	0	0	2.03	10.35	99.23	相对角度姿态	2.03	10.35
Mac:DA:3E:20:B6:30:BA传感器0	-0.13	0.03	0.97	0.85	0.85	-0.18	1.85	10.11	99.01	相对角度姿态	1.85	10.11
Mac:DA:3E:20:B6:30:BA传感器0	-0.13	0.04	0.98	-0.85	-0.85	0	1.82	9.88	98.84	相对角度姿态	1.82	9.88
Mac:DA:3E:20:B6:30:BA传感器0	-0.15	0.04	0.97	-1.4	-1.4	-0.49	1.77	9.84	98.63	相对角度姿态	1.77	9.84
Mac:DA:3E:20:B6:30:BA传感器0	-0.14	0.04	0.97	-2.32	-2.32	-1.53	1.83	9.67	98.35	相对角度姿态	1.83	9.67
Mac:DA:3E:20:B6:30:BA传感器0	-0.12	0.03	0.97	-1.77	-1.77	-1.34	1.75	9.39	98.02	相对角度姿态	1.75	9.39
Mac:DA:3E:20:B6:30:BA传感器0	-0.13	0.05	0.97	-0.12	-0.12	0.61	1.7	9.2	97.84	相对角度姿态	1.7	9.2
Mac:DA:3E:20:B6:30:BA传感器0	-0.14	0.05	0.99	-2.01	-2.01	-0.06	1.75	9.13	97.68	相对角度姿态	1.75	9.13
Mac:DA:3E:20:B6:30:BA传感器0	-0.13	0.04	0.98	-2.69	-2.69	1.4	1.74	8.92	97.64	相对角度姿态	1.74	8.92
Mac:DA:3E:20:B6:30:BA传感器0	-0.13	0.03	0.97	-0.06	-0.06	0.37	1.75	8.79	97.5	相对角度姿态	1.75	8.79
Mac:DA:3E:20:B6:30:BA传感器0	-0.12	0.04	0.96	0.73	0.73	2.2	1.81	8.64	97.42	相对角度姿态	1.81	8.64
Mac:DA:3E:20:B6:30:BA传感器0	-0.13	0.04	0.97	1.04	1.04	-0.49	2.02	8.57	97.31	相对角度姿态	2.02	8.57
Mac:DA:3E:20:B6:30:BA传感器0	-0.13	0.04	0.98	0.85	0.85	0	2.14	8.57	97.13	相对角度姿态	2.14	8.57
Mac:DA:3E:20:B6:30:BA传感器0	-0.14	0.06	0.98	-1.22	-1.22	0.18	2.3	8.55	97.02	相对角度姿态	2.3	8.55
Mac:DA:3E:20:B6:30:BA传感器0	-0.13	0.06	0.98	2.14	2.14	-0.67	2.47	8.37	96.92	相对角度姿态	2.47	8.37
Mac:DA:3E:20:B6:30:BA传感器0	-0.11	0.04	0.97	-1.59	-1.59	-0.61	2.5	8.25	96.67	相对角度姿态	2.5	8.25
Mac:DA:3E:20:B6:30:BA传感器0	-0.13	0.06	0.96	0.06	0.06	0.67	2.52	8.32	96.59	相对角度姿态	2.52	8.32
Mac:DA:3E:20:B6:30:BA传感器0	-0.13	0.06	0.97	-1.1	-1.1	0.85	2.71	8.21	96.63	相对角度姿态	2.71	8.21
Mac:DA:3E:20:B6:30:BA传感器0	-0.13	0.06	0.98	0	0	0.24	2.85	8.29	96.55	相对角度姿态	2.85	8.29
Mac:DA:3E:20:B6:30:BA传感器0	-0.13	0.06	0.98	-1.46	-1.46	-0.49	2.98	8.27	96.45	相对角度姿态	2.98	8.27
Mac:DA:3E:20:B6:30:BA传感器0	-0.13	0.06	0.97	2.26	2.26	-0.18	2.99	8.19	96.29	相对角度姿态	2.99	8.19
Mac:DA:3E:20:B6:30:BA传感器0	-0.12	0.07	0.97	1.22	1.22	-0.85	3.03	8.07	96.13	相对角度姿态	3.03	8.07
Mac:DA:3E:20:B6:30:BA传感器0	-0.13	0.07	0.97	-0.43	-0.43	-0.31	3.15	7.92	96.06	相对角度姿态	3.15	7.92
Mac:DA:3E:20:B6:30:BA传感器0	-0.13	0.08	0.96	1.53	1.53	0	3.21	7.88	96.01	相对角度姿态	3.21	7.88
Mac:DA:3E:20:B6:30:BA传感器0	-0.12	0.07	0.96	1.34	1.34	0	3.39	7.84	95.86	相对角度姿态	3.39	7.84
Mac:DA:3E:20:B6:30:BA传感器0	-0.12	0.08	0.98	1.4	1.4	0.18	3.66	7.73	95.81	相对角度姿态	3.66	7.73
Mac:DA:3E:20:B6:30:BA传感器0	-0.13	0.09	0.97	1.77	1.77	0.55	3.89	7.66	95.82	相对角度姿态	3.89	7.66
Mac:DA:3E:20:B6:30:BA传感器0	-0.11	0.08	0.97	1.34	1.34	0.24	4.1	7.45	95.75	相对角度姿态	4.1	7.45
Mac:DA:3E:20:B6:30:BA传感器0	-0.13	0.09	0.96	0.31	0.31	0.18	4.11	7.61	95.73	相对角度姿态	4.11	7.61
Mac:DA:3E:20:B6:30:BA传感器0	-0.14	0.09	0.96	0.43	0.43	0.12	4.15	7.76	95.73	相对角度姿态	4.15	7.76
Mac:DA:3E:20:B6:30:BA传感器0	-0.12	0.08	0.96	0.73	0.73	-0.61	4.23	7.73	95.67	相对角度姿态	4.23	7.73
Mac:DA:3E:20:B6:30:BA传感器0	-0.12	0.09	0.96	1.89	1.89	1.53	4.37	7.71	95.69	相对角度姿态	4.37	7.71
Mac:DA:3E:20:B6:30:BA传感器0	-0.12	0.09	0.97	-1.83	-1.83	-0.55	4.55	7.67	95.73	相对角度姿态	4.55	7.67
Mac:DA:3E:20:B6:30:BA传感器0	-0.13	0.1	0.97	-1.04	-1.04	0.85	4.61	7.66	95.7	相对角度姿态	4.61	7.66
Mac:DA:3E:20:B6:30:BA传感器0	-0.12	0.1	0.97	1.59	1.59	0	4.67	7.54	95.69	相对角度姿态	4.67	7.54
Mac:DA:3E:20:B6:30:BA传感器0	-0.13	0.1	0.95	1.04	1.04	0	4.72	7.54	95.64	相对角度姿态	4.72	7.54
Mac:DA:3E:20:B6:30:BA传感器0	-0.13	0.1	0.96	2.08	2.08	0	4.99	7.47	95.61	相对角度姿态	4.99	7.47
Mac:DA:3E:20:B6:30:BA传感器0	-0.13	0.1	1.02	5.37	5.37	0.06	5.44	7.38	95.64	相对角度姿态	5.44	7.38
Mac:DA:3E:20:B6:30:BA传感器0	-0.14	0.18	1.33	13.73	13.73	8.85	6.81	6.98	96.12	相对角度姿态	6.81	6.98
Mac:DA:3E:20:B6:30:BA传感器0	-0.26	0.35	1.37	-25.15	-25.15	16.48	7.36	8.15	97.26	相对角度姿态	7.36	8.15
Mac:DA:3E:20:B6:30:BA传感器0	-0.33	0.35	1.11	-50.9	-50.9	-10.19	4.09	9.48	97.86	相对角度姿态	4.09	9.48
Mac:DA:3E:20:B6:30:BA传感器0	-0.04	-0.32	0.4	-63.17	-63.17	-26.43	-7.68	11.81	95.36	相对角度姿态	-7.68	11.81
Mac:DA:3E:20:B6:30:BA传感器0	-0.04	-0.32	0.4	-63.17	-63.17	-26.43	-7.68	11.81	95.36	相对角度姿态	-7.68	11.81
Mac:DA:3E:20:B6:30:BA传感器0	-0.02	-0.38	0.62	-0.37	-0.37	13.67	-12.85	10.09	95.61	相对角度姿态	-12.85	10.09
Mac:DA:3E:20:B6:30:BA传感器0	-0.01	-0.28	0.96	8.36	8.36	11.41	-13.13	8.84	95.61	相对角度姿态	-13.13	8.84
Mac:DA:3E:20:B6:30:BA传感器0	-0.13	-0.17	1.03	-8.42	-8.42	12.21	-12.5	8.35	96.61	相对角度姿态	-12.5	8.35
Mac:DA:3E:20:B6:30:BA传感器0	-0.17	-0.17	1.04	-6.47	-6.47	8.79	-12.38	8.55	97.01	相对角度姿态	-12.38	8.55
Mac:DA:3E:20:B6:30:BA传感器0	-0.12	-0.21	0.98	-4.39	-4.39	-0.85	-12.77	8.29	97.18	相对角度姿态	-12.77	8.29
Mac:DA:3E:20:B6:30:BA传感器0	-0.25	-0.21	0.95	-0.79	-0.79	11.11	-12.88	8.57	97.83	相对角度姿态	-12.88	8.57
Mac:DA:3E:20:B6:30:BA传感器0	-0.35	-0.19	0.98	-1.65	-1.65	-6.77	-13.05	9.74	97.84	相对角度姿态	-13.05	9.74
Mac:DA:3E:20:B6:30:BA传感器0	-0.48	-0.24	0.81	8.54	8.54	3.6	-14.28	12.26	96.54	相对角度姿态	-14.28	12.26
Mac:DA:3E:20:B6:30:BA传感器0	-0.59	-0.17	0.9	9.28	9.28	-9.03	-12.51	11.06	97.61	相对角度姿态	-12.51	11.06
Mac:DA:3E:20:B6:30:BA传感器0	-0.43	0.28	1.09	4.82	4.82	-81.36	-9.88	6.98	95.34	相对角度姿态	-9.88	6.98
Mac:DA:3E:20:B6:30:BA传感器0	0.51	-0.11	1.1	-1.28	-1.28	-129.03	-10.11	4.88	82.83	相对角度姿态	-10.11	4.88
Mac:DA:3E:20:B6:30:BA传感器0	0.34	-0.15	1.15	7.57	7.57	-33.94	-8.46	3.57	76.2	相对角度姿态	-8.46	3.57
Mac:DA:3E:20:B6:30:BA传感器0	0.31	-0.19	1.16	-4.21	-4.21	-25.57	-8.31	0.37	74.4	相对角度姿态	-8.31	0.37
Mac:DA:3E:20:B6:30:BA传感器0	0.05	-0.19	1.05	-16.85	-16.85	0.31	-9.45	-1.3	74.77	相对角度姿态	-9.45	-1.3
Mac:DA:3E:20:B6:30:BA传感器0	-0.06	-0.18	1.02	-5.8	-5.8	-5.62	-10.46	-0.92	75.67	相对角度姿态	-10.46	-0.92
Mac:DA:3E:20:B6:30:BA传感器0	-0.19	-0.16	1.03	-4.76	-4.76	-1.65	-10.49	0.34	75.77	相对角度姿态	-10.49	0.34
Mac:DA:3E:20:B6:30:BA传感器0	-0.15	-0.22	1.01	-7.2	-7.2	2.44	-11.39	1.07	76.21	相对角度姿态	-11.39	1.07
Mac:DA:3E:20:B6:30:BA传感器0	-0.13	-0.27	0.94	-7.69	-7.69	-7.02	-12.35	1.61	76.75	相对角度姿态	-12.35	1.61
Mac:DA:3E:20:B6:30:BA传感器0	-0.12	-0.28	0.84	0.79	0.79	-3.05	-12.94	2.16	76.88	相对角度姿态	-12.94	2.16
Mac:DA:3E:20:B6:30:BA传感器0	-0.16	-0.22	0.63	-1.46	-1.46	0.37	-12.94	2.22	78.07	相对角度姿态	-12.94	2.22
Mac:DA:3E:20:B6:30:BA传感器0	-0.03	-0.23	0.54	43.82	43.82	-9.34	-12.49	1.38	78.16	相对角度姿态	-12.49	1.38
Mac:DA:3E:20:B6:30:BA传感器0	-0.04	-0.06	0.68	20.69	20.69	-16.05	-10.2	1.53	76.88	相对角度姿态	-10.2	1.53
Mac:DA:3E:20:B6:30:BA传感器0	0.13	0.04	1.43	97.29	97.29	1.89	-3.7	-1.72	76.34	相对角度姿态	-3.7	-1.72
Mac:DA:3E:20:B6:30:BA传感器0	-0.14	0.27	1.61	41.26	41.26	15.81	5.05	0.03	77.11	相对角度姿态	5.05	0.03
Mac:DA:3E:20:B6:30:BA传感器0	-0.2	0.23	1.42	-5.86	-5.86	0.73	6.77	0.72	78.12	相对角度姿态	6.77	0.72
Mac:DA:3E:20:B6:30:BA传感器0	-0.13	0.12	0.97	-23.32	-23.32	-8.61	4.71	0.49	77.88	相对角度姿态	4.71	0.49
Mac:DA:3E:20:B6:30:BA传感器0	-0.09	0.02	0.85	-2.01	-2.01	-22.46	3.21	0.46	77.06	相对角度姿态	3.21	0.46
Mac:DA:3E:20:B6:30:BA传感器0	-0.08	0.02	0.9	-0.85	-0.85	-3.23	2.93	0.49	76.23	相对角度姿态	2.93	0.49
Mac:DA:3E:20:B6:30:BA传感器0	-0.06	0.07	0.99	3.05	3.05	-1.28	3.21	0.07	76.55	相对角度姿态	3.21	0.07
Mac:DA:3E:20:B6:30:BA传感器0	0	0.07	1.01	0.18	0.18	-1.65	3.38	-0.03	76.74	相对角度姿态	3.38	-0.03
Mac:DA:3E:20:B6:30:BA传感器0	0.2	0.13	1.01	-5.25	-5.25	-1.34	3.36	-0.02	77.07	相对角度姿态	3.36	-0.02
Mac:DA:3E:20:B6:30:BA传感器0	0.35	0.17	0.94	-2.99	-2.99	2.14	3.33	0.68	77.5	相对角度姿态	3.33	0.68
Mac:DA:3E:20:B6:30:BA传感器0	0.35	0.12	0.91	1.53	1.53	43.58	3.27	1.24	80.8	相对角度姿态	3.27	1.24
Mac:DA:3E:20:B6:30:BA传感器0	0.08	0.18	0.88	10.93	10.93	79.28	4.14	1.32	88.58	相对角度姿态	4.14	1.32
Mac:DA:3E:20:B6:30:BA传感器0	-0.79	0.57	1.06	21.48	21.48	65.49	7.68	2.77	97.23	相对角度姿态	7.68	2.77
Mac:DA:3E:20:B6:30:BA传感器0	-0.55	0.11	0.99	13.31	13.31	31.07	9.51	5.21	100.41	相对角度姿态	9.51	5.21
Mac:DA:3E:20:B6:30:BA传感器0	-0.27	0.04	0.9	-3.97	-3.97	24.05	9.34	7.47	103.65	相对角度姿态	9.34	7.47
Mac:DA:3E:20:B6:30:BA传感器0	-0.2	0.18	0.94	-0.55	-0.55	2.62	9.55	8.7	104.68	相对角度姿态	9.55	8.7
Mac:DA:3E:20:B6:30:BA传感器0	-0.1	0.19	0.95	1.1	1.1	-5.68	9.61	9.22	104.1	相对角度姿态	9.61	9.22
Mac:DA:3E:20:B6:30:BA传感器0	-0.04	0.14	0.92	1.4	1.4	-4.15	9.23	9.35	102.91	相对角度姿态	9.23	9.35
Mac:DA:3E:20:B6:30:BA传感器0	-0.05	0.17	0.93	-1.04	-1.04	2.69	9.52	9.37	102.66	相对角度姿态	9.52	9.37
Mac:DA:3E:20:B6:30:BA传感器0	-0.12	0.17	0.95	4.09	4.09	0.73	9.65	9.6	102.58	相对角度姿态	9.65	9.6
Mac:DA:3E:20:B6:30:BA传感器0	-0.13	0.17	0.95	1.53	1.53	0.12	9.53	9.75	102.44	相对角度姿态	9.53	9.75
Mac:DA:3E:20:B6:30:BA传感器0	-0.14	0.16	0.9	2.5	2.5	-1.59	9.35	9.83	102.15	相对角度姿态	9.35	9.83
Mac:DA:3E:20:B6:30:BA传感器0	-0.1	0.15	0.92	2.56	2.56	-0.49	9.45	9.64	101.67	相对角度姿态	9.45	9.64
Mac:DA:3E:20:B6:30:BA传感器0	-0.1	0.16	0.93	-0.98	-0.98	2.93	9.71	9.89	101.29	相对角度姿态	9.71	9.89
Mac:DA:3E:20:B6:30:BA传感器0	-0.15	0.18	0.92	0	0	0.49	9.87	9.89	101.22	相对角度姿态	9.87	9.89
Mac:DA:3E:20:B6:30:BA传感器0	-0.13	0.17	0.92	-0.67	-0.67	0.37	9.93	9.77	100.99	相对角度姿态	9.93	9.77
Mac:DA:3E:20:B6:30:BA传感器0	-0.13	0.17	0.92	-3.6	-3.6	-0.31	9.92	9.74	100.65	相对角度姿态	9.92	9.74
Mac:DA:3E:20:B6:30:BA传感器0	-0.13	0.18	0.93	-0.37	-0.37	-0.73	9.96	9.59	100.3	相对角度姿态	9.96	9.59
Mac:DA:3E:20:B6:30:BA传感器0	-0.14	0.18	0.92	-0.79	-0.79	-1.16	9.92	9.54	99.96	相对角度姿态	9.92	9.54
Mac:DA:3E:20:B6:30:BA传感器0	-0.14	0.18	0.92	-0.37	-0.37	-1.53	9.89	9.38	99.67	相对角度姿态	9.89	9.38
Mac:DA:3E:20:B6:30:BA传感器0	-0.13	0.18	0.94	2.69	2.69	-0.37	9.95	9.24	99.37	相对角度姿态	9.95	9.24
Mac:DA:3E:20:B6:30:BA传感器0	-0.13	0.18	0.94	-3.97	-3.97	-1.83	9.9	9.16	99.13	相对角度姿态	9.9	9.16
Mac:DA:3E:20:B6:30:BA传感器0	-0.13	0.15	0.91	2.5	2.5	2.14	9.72	9.26	98.91	相对角度姿态	9.72	9.26
Mac:DA:3E:20:B6:30:BA传感器0	-0.14	0.19	0.93	0.06	0.06	-0.12	9.98	9.33	98.83	相对角度姿态	9.98	9.33
Mac:DA:3E:20:B6:30:BA传感器0	-0.12	0.18	0.93	0.24	0.24	-0.73	9.94	9.47	98.45	相对角度姿态	9.94	9.47
Mac:DA:3E:20:B6:30:BA传感器0	-0.15	0.19	0.93	-0.85	-0.85	-0.67	10.06	9.44	98.32	相对角度姿态	10.06	9.44
Mac:DA:3E:20:B6:30:BA传感器0	-0.14	0.18	0.92	-1.46	-1.46	-1.22	9.85	9.49	98.12	相对角度姿态	9.85	9.49
Mac:DA:3E:20:B6:30:BA传感器0	-0.14	0.18	0.93	3.3	3.3	-1.16	9.87	9.36	97.93	相对角度姿态	9.87	9.36
Mac:DA:3E:20:B6:30:BA传感器0	-0.15	0.18	0.94	-2.44	-2.44	-1.28	9.88	9.43	97.79	相对角度姿态	9.88	9.43
Mac:DA:3E:20:B6:30:BA传感器0	-0.15	0.18	0.92	-2.2	-2.2	-0.73	9.79	9.54	97.63	相对角度姿态	9.79	9.54
Mac:DA:3E:20:B6:30:BA传感器0	-0.15	0.17	0.9	-0.67	-0.67	0.06	9.76	9.43	97.49	相对角度姿态	9.76	9.43
Mac:DA:3E:20:B6:30:BA传感器0	-0.14	0.18	0.94	0.12	0.12	0.12	9.94	9.19	97.37	相对角度姿态	9.94	9.19
Mac:DA:3E:20:B6:30:BA传感器0	-0.14	0.17	0.93	-1.28	-1.28	-0.61	9.9	9.23	97.27	相对角度姿态	9.9	9.23
Mac:DA:3E:20:B6:30:BA传感器0	-0.14	0.17	0.92	-0.98	-0.98	-0.18	9.89	9.27	97.17	相对角度姿态	9.89	9.27
Mac:DA:3E:20:B6:30:BA传感器0	-0.15	0.17	0.92	0.24	0.24	1.34	9.89	9.18	97.14	相对角度姿态	9.89	9.18
Mac:DA:3E:20:B6:30:BA传感器0	-0.14	0.16	0.91	-0.55	-0.55	1.04	9.9	9.18	97.09	相对角度姿态	9.9	9.18
Mac:DA:3E:20:B6:30:BA传感器0	-0.15	0.17	0.91	0	0	-0.73	9.89	9.25	97.01	相对角度姿态	9.89	9.25
Mac:DA:3E:20:B6:30:BA传感器0	-0.13	0.18	0.94	-1.65	-1.65	-1.34	9.92	9.2	96.86	相对角度姿态	9.92	9.2
Mac:DA:3E:20:B6:30:BA传感器0	-0.16	0.19	0.93	-0.55	-0.55	-0.67	9.79	9.15	96.83	相对角度姿态	9.79	9.15
Mac:DA:3E:20:B6:30:BA传感器0	-0.12	0.18	0.93	-1.53	-1.53	-1.16	9.75	9.04	96.61	相对角度姿态	9.75	9.04
Mac:DA:3E:20:B6:30:BA传感器0	-0.14	0.18	0.91	-1.53	-1.53	0.55	9.67	9.12	96.59	相对角度姿态	9.67	9.12
Mac:DA:3E:20:B6:30:BA传感器0	-0.16	0.18	0.93	0.06	0.06	-0.49	9.73	9.19	96.65	相对角度姿态	9.73	9.19
