开始时间：2020年08月06日 13:51:57 												
传感器1	加速度X	加速度Y	加速度Z	角速度X	角速度Y	角速度Z	角度X	角度Y	角度Z	传感器2	加速度X	加速度Y
Mac:DA:3E:20:B6:30:BA传感器0	-0.04	0.02	0.99	-0.61	-0.61	0.06	1.3	2.16	93.44	相对角度姿态	1.3	2.16
Mac:DA:3E:20:B6:30:BA传感器0	-0.02	0.03	1	0.49	0.49	0.49	1.4	2.07	93.46	相对角度姿态	1.4	2.07
Mac:DA:3E:20:B6:30:BA传感器0	-0.05	0.03	0.99	0.43	0.43	-0.67	1.52	2.26	93.54	相对角度姿态	1.52	2.26
Mac:DA:3E:20:B6:30:BA传感器0	-0.03	0.03	1.01	0.31	0.31	-1.34	1.64	2.44	93.46	相对角度姿态	1.64	2.44
Mac:DA:3E:20:B6:30:BA传感器0	-0.03	0.03	1	-0.73	-0.73	-0.18	1.62	2.43	93.48	相对角度姿态	1.62	2.43
Mac:DA:3E:20:B6:30:BA传感器0	-0.05	0.03	0.99	-0.85	-0.85	0.06	1.48	2.41	93.54	相对角度姿态	1.48	2.41
Mac:DA:3E:20:B6:30:BA传感器0	-0.04	0.02	0.98	0.37	0.37	-0.49	1.4	2.4	93.52	相对角度姿态	1.4	2.4
Mac:DA:3E:20:B6:30:BA传感器0	-0.03	0.02	0.99	2.69	2.69	-0.06	1.46	2.44	93.5	相对角度姿态	1.46	2.44
Mac:DA:3E:20:B6:30:BA传感器0	-0.04	0.03	1.01	0.37	0.37	0.12	1.63	2.43	93.53	相对角度姿态	1.63	2.43
Mac:DA:3E:20:B6:30:BA传感器0	-0.05	0.02	0.98	-0.79	-0.79	0	1.61	2.46	93.58	相对角度姿态	1.61	2.46
Mac:DA:3E:20:B6:30:BA传感器0	-0.04	0.02	0.97	0.79	0.79	0	1.55	2.55	93.52	相对角度姿态	1.55	2.55
Mac:DA:3E:20:B6:30:BA传感器0	-0.03	0.04	1.01	1.4	1.4	-0.85	1.69	2.49	93.51	相对角度姿态	1.69	2.49
Mac:DA:3E:20:B6:30:BA传感器0	-0.07	0.02	0.97	0.06	0.06	2.14	1.7	2.43	93.63	相对角度姿态	1.7	2.43
Mac:DA:3E:20:B6:30:BA传感器0	-0.02	0.03	1	-2.5	-2.5	1.34	1.91	1.94	93.7	相对角度姿态	1.91	1.94
Mac:DA:3E:20:B6:30:BA传感器0	-0.03	0.05	0.99	-1.83	-1.83	-1.89	1.91	1.77	93.74	相对角度姿态	1.91	1.77
Mac:DA:3E:20:B6:30:BA传感器0	-0.03	0	0.97	-3.48	-3.48	-1.53	1.65	1.95	93.65	相对角度姿态	1.65	1.95
Mac:DA:3E:20:B6:30:BA传感器0	-0.05	0.02	0.99	0.12	0.12	4.09	1.42	1.86	93.9	相对角度姿态	1.42	1.86
Mac:DA:3E:20:B6:30:BA传感器0	-0.05	0.06	0.99	-1.04	-1.04	-0.73	1.44	2.25	93.99	相对角度姿态	1.44	2.25
Mac:DA:3E:20:B6:30:BA传感器0	0.01	0.02	1.02	-1.04	-1.04	-1.59	1.42	2.18	93.78	相对角度姿态	1.42	2.18
Mac:DA:3E:20:B6:30:BA传感器0	-0.03	0.02	0.99	-1.28	-1.28	2.93	1.22	1.86	93.87	相对角度姿态	1.22	1.86
Mac:DA:3E:20:B6:30:BA传感器0	-0.06	0.02	0.99	-0.31	-0.31	0.79	1.15	2.03	94.01	相对角度姿态	1.15	2.03
Mac:DA:3E:20:B6:30:BA传感器0	-0.03	0.01	0.99	0.31	0.31	0.43	1.13	2.11	94	相对角度姿态	1.13	2.11
Mac:DA:3E:20:B6:30:BA传感器0	-0.03	0.02	0.99	0.92	0.92	1.59	1.21	2.09	94.15	相对角度姿态	1.21	2.09
Mac:DA:3E:20:B6:30:BA传感器0	-0.07	0.02	0.99	4.88	4.88	0.49	1.41	2.19	94.37	相对角度姿态	1.41	2.19
Mac:DA:3E:20:B6:30:BA传感器0	-0.01	0.08	1.05	1.46	1.46	-0.24	1.79	2.14	94.29	相对角度姿态	1.79	2.14
Mac:DA:3E:20:B6:30:BA传感器0	-0.01	0.01	0.97	1.16	1.16	3.05	1.44	1.69	94.64	相对角度姿态	1.44	1.69
Mac:DA:3E:20:B6:30:BA传感器0	-0.03	0.03	1	1.04	1.04	2.99	1.71	1.86	94.79	相对角度姿态	1.71	1.86
Mac:DA:3E:20:B6:30:BA传感器0	-0.03	0.04	0.99	3.72	3.72	0	2.05	2.62	94.65	相对角度姿态	2.05	2.62
Mac:DA:3E:20:B6:30:BA传感器0	-0.03	0.04	0.99	3.72	3.72	0	2.05	2.62	94.65	相对角度姿态	2.05	2.62
Mac:DA:3E:20:B6:30:BA传感器0	-0.06	0.05	0.99	3.85	3.85	1.83	2.47	2.78	94.64	相对角度姿态	2.47	2.78
Mac:DA:3E:20:B6:30:BA传感器0	-0.04	0.04	0.99	-2.01	-2.01	-1.22	2.64	2.54	94.61	相对角度姿态	2.64	2.54
Mac:DA:3E:20:B6:30:BA传感器0	-0.03	0.05	0.99	2.87	2.87	-1.59	2.7	2.41	94.54	相对角度姿态	2.7	2.41
Mac:DA:3E:20:B6:30:BA传感器0	-0.02	0.05	1.01	1.95	1.95	-0.18	2.74	2.5	94.42	相对角度姿态	2.74	2.5
Mac:DA:3E:20:B6:30:BA传感器0	-0.06	0.05	0.98	0.31	0.31	0.18	2.81	2.76	94.44	相对角度姿态	2.81	2.76
Mac:DA:3E:20:B6:30:BA传感器0	-0.04	0.04	0.98	-1.1	-1.1	-0.24	2.75	2.94	94.39	相对角度姿态	2.75	2.94
Mac:DA:3E:20:B6:30:BA传感器0	-0.07	0.04	0.96	3.54	3.54	1.89	2.73	3.08	94.42	相对角度姿态	2.73	3.08
Mac:DA:3E:20:B6:30:BA传感器0	-0.05	0.05	0.99	1.16	1.16	-1.04	2.98	3.02	94.31	相对角度姿态	2.98	3.02
Mac:DA:3E:20:B6:30:BA传感器0	-0.03	0.06	0.99	-0.79	-0.79	0.37	3.09	2.96	94.21	相对角度姿态	3.09	2.96
Mac:DA:3E:20:B6:30:BA传感器0	-0.05	0.07	1	0	0	-1.28	3.03	2.91	94.33	相对角度姿态	3.03	2.91
Mac:DA:3E:20:B6:30:BA传感器0	-0.04	0.05	0.99	2.99	2.99	-0.18	2.91	2.93	94.19	相对角度姿态	2.91	2.93
Mac:DA:3E:20:B6:30:BA传感器0	-0.05	0.05	0.98	2.62	2.62	1.77	2.99	2.9	94.3	相对角度姿态	2.99	2.9
Mac:DA:3E:20:B6:30:BA传感器0	-0.05	0.04	0.97	-0.31	-0.31	3.72	2.94	3.06	94.49	相对角度姿态	2.94	3.06
Mac:DA:3E:20:B6:30:BA传感器0	-0.13	0.05	1.13	18.43	18.43	-3.48	4.1	4.35	94.47	相对角度姿态	4.1	4.35
Mac:DA:3E:20:B6:30:BA传感器0	-0.12	0.03	1.27	28.32	28.32	-21.55	6.3	5.96	93.76	相对角度姿态	6.3	5.96
Mac:DA:3E:20:B6:30:BA传感器0	-0.29	0.26	1.47	33.63	33.63	1.22	9.16	7.09	93.31	相对角度姿态	9.16	7.09
Mac:DA:3E:20:B6:30:BA传感器0	-0.05	0.58	1.45	-43.03	-43.03	23.5	10.5	3.38	93.91	相对角度姿态	10.5	3.38
Mac:DA:3E:20:B6:30:BA传感器0	0.06	0.27	0.78	-102.23	-102.23	1.34	2.89	4.6	95.39	相对角度姿态	2.89	4.6
Mac:DA:3E:20:B6:30:BA传感器0	-0.2	-0.28	0.01	-65.86	-65.86	-45.84	-8.16	11.93	92.21	相对角度姿态	-8.16	11.93
Mac:DA:3E:20:B6:30:BA传感器0	-0.05	-0.33	0.71	-2.93	-2.93	22.46	-13.89	10.45	93.19	相对角度姿态	-13.89	10.45
Mac:DA:3E:20:B6:30:BA传感器0	-0.12	-0.28	0.89	-0.98	-0.98	-6.77	-14.65	10.91	94.03	相对角度姿态	-14.65	10.91
Mac:DA:3E:20:B6:30:BA传感器0	-0.21	-0.2	0.95	-2.56	-2.56	6.35	-15.21	10.73	95.45	相对角度姿态	-15.21	10.73
Mac:DA:3E:20:B6:30:BA传感器0	-0.25	-0.21	0.95	-30.21	-30.21	-2.81	-15.27	10.05	95.85	相对角度姿态	-15.27	10.05
Mac:DA:3E:20:B6:30:BA传感器0	-0.22	-0.2	1.07	-5.62	-5.62	13.55	-15.24	9.77	95.88	相对角度姿态	-15.24	9.77
Mac:DA:3E:20:B6:30:BA传感器0	-0.23	-0.22	0.94	8.12	8.12	-3.17	-15.22	9.45	96.41	相对角度姿态	-15.22	9.45
Mac:DA:3E:20:B6:30:BA传感器0	-0.2	-0.22	1.02	3.97	3.97	10.13	-14.17	9.51	96.39	相对角度姿态	-14.17	9.51
Mac:DA:3E:20:B6:30:BA传感器0	-0.42	-0.2	0.93	1.4	1.4	9.46	-13.41	9.28	97.84	相对角度姿态	-13.41	9.28
Mac:DA:3E:20:B6:30:BA传感器0	-0.53	-0.18	0.86	7.93	7.93	-18.62	-13	9.01	97.16	相对角度姿态	-13	9.01
Mac:DA:3E:20:B6:30:BA传感器0	-0.55	0.15	1.12	4.76	4.76	-55.85	-11.55	6.44	95.38	相对角度姿态	-11.55	6.44
Mac:DA:3E:20:B6:30:BA传感器0	0.02	-0.01	0.82	18.92	18.92	-144.96	-11.48	6.03	83.61	相对角度姿态	-11.48	6.03
Mac:DA:3E:20:B6:30:BA传感器0	0.38	-0.18	1.13	-6.84	-6.84	-87.16	-11.95	1.24	74.84	相对角度姿态	-11.95	1.24
Mac:DA:3E:20:B6:30:BA传感器0	0.47	-0.21	1.2	17.09	17.09	-54.57	-10.77	-1.2	68.71	相对角度姿态	-10.77	-1.2
Mac:DA:3E:20:B6:30:BA传感器0	0.31	-0.21	1.09	-0.61	-0.61	-8.97	-10.06	-2.76	66.7	相对角度姿态	-10.06	-2.76
Mac:DA:3E:20:B6:30:BA传感器0	0.08	-0.31	1.06	-22.16	-22.16	12.21	-11.39	-4.13	68.27	相对角度姿态	-11.39	-4.13
Mac:DA:3E:20:B6:30:BA传感器0	-0.1	-0.25	1.05	-4.39	-4.39	6.9	-12.24	-3.47	70.18	相对角度姿态	-12.24	-3.47
Mac:DA:3E:20:B6:30:BA传感器0	-0.05	-0.15	1	19.23	19.23	-14.34	-10.84	-2.26	69.2	相对角度姿态	-10.84	-2.26
Mac:DA:3E:20:B6:30:BA传感器0	-0.12	-0.27	1	0.92	0.92	-1.1	-11.84	-1.47	69.21	相对角度姿态	-11.84	-1.47
Mac:DA:3E:20:B6:30:BA传感器0	-0.07	-0.3	0.94	-16.66	-16.66	-6.16	-12.44	-0.76	69.6	相对角度姿态	-12.44	-0.76
Mac:DA:3E:20:B6:30:BA传感器0	-0.12	-0.24	1.05	9.89	9.89	8.54	-11.61	-0.66	70.76	相对角度姿态	-11.61	-0.66
Mac:DA:3E:20:B6:30:BA传感器0	-0.02	-0.27	0.95	-0.85	-0.85	-1.1	-11.57	-0.68	71.54	相对角度姿态	-11.57	-0.68
Mac:DA:3E:20:B6:30:BA传感器0	0.25	-0.33	0.72	0.18	0.18	-12.45	-11.62	0.38	71.44	相对角度姿态	-11.62	0.38
Mac:DA:3E:20:B6:30:BA传感器0	0.34	-0.19	0.65	15.81	15.81	34.73	-10.97	1.69	73.56	相对角度姿态	-10.97	1.69
Mac:DA:3E:20:B6:30:BA传感器0	0.52	-0.15	0.74	58.72	58.72	54.14	-8.66	1.03	79.53	相对角度姿态	-8.66	1.03
Mac:DA:3E:20:B6:30:BA传感器0	0.04	0.38	0.88	51.51	51.51	118.1	-1.99	4.02	88.99	相对角度姿态	-1.99	4.02
Mac:DA:3E:20:B6:30:BA传感器0	-0.74	0.59	1.1	4.52	4.52	48.4	3.52	8.2	96.58	相对角度姿态	3.52	8.2
Mac:DA:3E:20:B6:30:BA传感器0	-0.73	0.05	1.19	18.43	18.43	60.55	6.27	8.94	100.79	相对角度姿态	6.27	8.94
Mac:DA:3E:20:B6:30:BA传感器0	-0.58	0.1	1.42	4.82	4.82	23.13	9.23	6.45	104.27	相对角度姿态	9.23	6.45
Mac:DA:3E:20:B6:30:BA传感器0	-0.27	0.14	1.02	23.38	23.38	-9.83	9.72	6.08	104.35	相对角度姿态	9.72	6.08
Mac:DA:3E:20:B6:30:BA传感器0	-0.02	0.08	0.91	-6.9	-6.9	-14.47	8.12	5.6	102.19	相对角度姿态	8.12	5.6
Mac:DA:3E:20:B6:30:BA传感器0	-0.05	0.11	0.91	-0.37	-0.37	0.79	7.6	6.57	101.87	相对角度姿态	7.6	6.57
Mac:DA:3E:20:B6:30:BA传感器0	-0.06	0.13	0.95	-2.08	-2.08	4.03	7.44	7.55	101.8	相对角度姿态	7.44	7.55
Mac:DA:3E:20:B6:30:BA传感器0	-0.14	0.1	0.92	3.97	3.97	7.26	7.36	8.13	102.15	相对角度姿态	7.36	8.13
Mac:DA:3E:20:B6:30:BA传感器0	-0.11	0.14	0.98	4.33	4.33	3.36	7.89	8.03	102.28	相对角度姿态	7.89	8.03
Mac:DA:3E:20:B6:30:BA传感器0	-0.12	0.15	0.97	2.08	2.08	0.79	7.99	7.77	102.13	相对角度姿态	7.99	7.77
Mac:DA:3E:20:B6:30:BA传感器0	-0.11	0.12	0.93	-0.92	-0.92	-1.83	7.85	7.66	101.68	相对角度姿态	7.85	7.66
Mac:DA:3E:20:B6:30:BA传感器0	-0.12	0.14	0.97	-1.46	-1.46	-1.16	8.05	7.71	101.34	相对角度姿态	8.05	7.71
Mac:DA:3E:20:B6:30:BA传感器0	-0.12	0.12	0.93	-1.4	-1.4	0.18	7.72	7.6	101.01	相对角度姿态	7.72	7.6
Mac:DA:3E:20:B6:30:BA传感器0	-0.14	0.13	0.95	2.75	2.75	-1.28	7.81	7.55	100.68	相对角度姿态	7.81	7.55
Mac:DA:3E:20:B6:30:BA传感器0	-0.08	0.13	0.97	1.46	1.46	-0.73	7.98	7.39	100.15	相对角度姿态	7.98	7.39
Mac:DA:3E:20:B6:30:BA传感器0	-0.09	0.11	0.94	-3.72	-3.72	0.24	7.68	7.31	99.91	相对角度姿态	7.68	7.31
Mac:DA:3E:20:B6:30:BA传感器0	-0.12	0.14	0.94	0.31	0.31	-0.24	7.81	7.43	99.73	相对角度姿态	7.81	7.43
Mac:DA:3E:20:B6:30:BA传感器0	-0.11	0.14	0.95	2.69	2.69	1.04	7.82	7.47	99.54	相对角度姿态	7.82	7.47
Mac:DA:3E:20:B6:30:BA传感器0	-0.11	0.13	0.96	2.69	2.69	2.26	8.06	7.54	99.47	相对角度姿态	8.06	7.54
Mac:DA:3E:20:B6:30:BA传感器0	-0.12	0.14	0.96	-1.65	-1.65	-0.37	8.19	7.55	99.35	相对角度姿态	8.19	7.55
Mac:DA:3E:20:B6:30:BA传感器0	-0.12	0.13	0.95	1.95	1.95	-0.12	8.16	7.67	99.14	相对角度姿态	8.16	7.67
Mac:DA:3E:20:B6:30:BA传感器0	-0.11	0.13	0.96	-1.1	-1.1	-1.28	8.22	7.59	98.94	相对角度姿态	8.22	7.59
Mac:DA:3E:20:B6:30:BA传感器0	-0.11	0.13	0.93	-1.04	-1.04	0.55	8.09	7.62	98.75	相对角度姿态	8.09	7.62
Mac:DA:3E:20:B6:30:BA传感器0	-0.09	0.14	0.95	-0.79	-0.79	2.14	8.01	7.06	98.76	相对角度姿态	8.01	7.06
Mac:DA:3E:20:B6:30:BA传感器0	-0.11	0.13	0.94	2.81	2.81	1.59	8.09	7.22	98.78	相对角度姿态	8.09	7.22
Mac:DA:3E:20:B6:30:BA传感器0	-0.12	0.14	0.95	-0.43	-0.43	0.12	8.23	7.32	98.77	相对角度姿态	8.23	7.32
Mac:DA:3E:20:B6:30:BA传感器0	-0.13	0.13	0.94	-0.73	-0.73	0	8.24	7.49	98.72	相对角度姿态	8.24	7.49
Mac:DA:3E:20:B6:30:BA传感器0	-0.13	0.13	0.94	0.18	0.18	1.53	8.23	7.65	98.67	相对角度姿态	8.23	7.65
Mac:DA:3E:20:B6:30:BA传感器0	-0.12	0.14	0.94	1.16	1.16	1.22	8.3	7.69	98.66	相对角度姿态	8.3	7.69
Mac:DA:3E:20:B6:30:BA传感器0	-0.12	0.14	0.93	-1.95	-1.95	-1.46	8.34	7.73	98.5	相对角度姿态	8.34	7.73
Mac:DA:3E:20:B6:30:BA传感器0	-0.11	0.14	0.94	2.93	2.93	0.06	8.44	7.66	98.31	相对角度姿态	8.44	7.66
Mac:DA:3E:20:B6:30:BA传感器0	-0.12	0.14	0.96	-0.43	-0.43	1.28	8.62	7.64	98.27	相对角度姿态	8.62	7.64
Mac:DA:3E:20:B6:30:BA传感器0	-0.12	0.14	0.94	0.98	0.98	-0.73	8.61	7.67	98.26	相对角度姿态	8.61	7.67
Mac:DA:3E:20:B6:30:BA传感器0	-0.11	0.15	0.95	0.12	0.12	0.24	8.65	7.73	98.11	相对角度姿态	8.65	7.73
Mac:DA:3E:20:B6:30:BA传感器0	-0.13	0.15	0.94	-1.22	-1.22	0.06	8.68	7.78	98.04	相对角度姿态	8.68	7.78
Mac:DA:3E:20:B6:30:BA传感器0	-0.11	0.14	0.94	1.04	1.04	0.12	8.7	7.75	97.99	相对角度姿态	8.7	7.75
Mac:DA:3E:20:B6:30:BA传感器0	-0.13	0.15	0.94	-0.12	-0.12	-0.55	8.85	7.79	98.03	相对角度姿态	8.85	7.79
Mac:DA:3E:20:B6:30:BA传感器0	-0.13	0.14	0.93	-1.1	-1.1	-0.43	8.85	7.99	97.91	相对角度姿态	8.85	7.99
Mac:DA:3E:20:B6:30:BA传感器0	-0.13	0.15	0.93	0.79	0.79	-0.43	8.95	7.88	97.75	相对角度姿态	8.95	7.88
Mac:DA:3E:20:B6:30:BA传感器0	-0.14	0.14	0.92	10.8	10.8	-2.44	9.39	8.59	97.55	相对角度姿态	9.39	8.59
Mac:DA:3E:20:B6:30:BA传感器0	-0.16	0.13	0.99	7.45	7.45	0.98	9.99	8.56	97.61	相对角度姿态	9.99	8.56
Mac:DA:3E:20:B6:30:BA传感器0	-0.22	0.23	1.26	16.6	16.6	-7.32	11.13	7.7	97.27	相对角度姿态	11.13	7.7
Mac:DA:3E:20:B6:30:BA传感器0	-0.1	0.34	1.63	-5.55	-5.55	-12.27	12.97	6.4	96.37	相对角度姿态	12.97	6.4
Mac:DA:3E:20:B6:30:BA传感器0	-0.2	0.44	1.27	-63.29	-63.29	10.99	9.65	6.3	96.11	相对角度姿态	9.65	6.3
Mac:DA:3E:20:B6:30:BA传感器0	0	0.2	0.81	-95.4	-95.4	17.64	2.33	5.59	97.23	相对角度姿态	2.33	5.59
Mac:DA:3E:20:B6:30:BA传感器0	0	-0.07	0.3	-91.55	-91.55	-18.92	-6.17	8.29	96.09	相对角度姿态	-6.17	8.29
Mac:DA:3E:20:B6:30:BA传感器0	-0.06	-0.36	0.44	-9.7	-9.7	-10.56	-13.29	10.65	94.48	相对角度姿态	-13.29	10.65
Mac:DA:3E:20:B6:30:BA传感器0	-0.1	-0.23	0.92	14.28	14.28	-7.2	-14.32	9.51	95.19	相对角度姿态	-14.32	9.51
Mac:DA:3E:20:B6:30:BA传感器0	-0.08	-0.29	0.96	1.83	1.83	3.97	-14.36	9.16	94.89	相对角度姿态	-14.36	9.16
Mac:DA:3E:20:B6:30:BA传感器0	-0.15	-0.22	1.01	-6.16	-6.16	-3.17	-13.72	9.11	95.39	相对角度姿态	-13.72	9.11
Mac:DA:3E:20:B6:30:BA传感器0	-0.19	-0.2	1.03	1.77	1.77	5.19	-13.35	9.03	95.6	相对角度姿态	-13.35	9.03
Mac:DA:3E:20:B6:30:BA传感器0	-0.27	-0.2	1.02	-5.8	-5.8	4.15	-13.05	8.87	96.22	相对角度姿态	-13.05	8.87
Mac:DA:3E:20:B6:30:BA传感器0	-0.45	-0.18	0.97	0.92	0.92	-6.04	-13.37	9.11	96.3	相对角度姿态	-13.37	9.11
Mac:DA:3E:20:B6:30:BA传感器0	-0.52	-0.1	1.01	-3.85	-3.85	-8.36	-13.35	8.31	95.56	相对角度姿态	-13.35	8.31
Mac:DA:3E:20:B6:30:BA传感器0	-0.37	-0.06	0.96	-4.88	-4.88	-50.6	-13.94	5.82	94.28	相对角度姿态	-13.94	5.82
Mac:DA:3E:20:B6:30:BA传感器0	-0.15	-0.08	0.91	-10.62	-10.62	-123.9	-15.47	7.48	85.44	相对角度姿态	-15.47	7.48
Mac:DA:3E:20:B6:30:BA传感器0	0.44	-0.24	0.93	2.56	2.56	-106.69	-16.35	4.8	74.08	相对角度姿态	-16.35	4.8
Mac:DA:3E:20:B6:30:BA传感器0	0.36	-0.2	1.17	37.96	37.96	-17.88	-12.34	-0.05	70.25	相对角度姿态	-12.34	-0.05
Mac:DA:3E:20:B6:30:BA传感器0	0.17	-0.23	1.11	-0.67	-0.67	-3.23	-11.78	-3.19	70.79	相对角度姿态	-11.78	-3.19
Mac:DA:3E:20:B6:30:BA传感器0	-0.11	-0.21	1.07	4.21	4.21	4.88	-11.74	-3.21	72.33	相对角度姿态	-11.74	-3.21
Mac:DA:3E:20:B6:30:BA传感器0	-0.14	-0.19	1.03	-6.04	-6.04	9.77	-12.47	-2.81	73.81	相对角度姿态	-12.47	-2.81
Mac:DA:3E:20:B6:30:BA传感器0	-0.15	-0.3	0.9	-14.77	-14.77	-4.46	-13.27	-1.32	73.48	相对角度姿态	-13.27	-1.32
Mac:DA:3E:20:B6:30:BA传感器0	-0.11	-0.26	0.86	11.72	11.72	7.87	-13.41	-1.63	74.06	相对角度姿态	-13.41	-1.63
Mac:DA:3E:20:B6:30:BA传感器0	0.06	-0.33	0.63	22.83	22.83	-14.47	-12.94	-0.85	74.54	相对角度姿态	-12.94	-0.85
Mac:DA:3E:20:B6:30:BA传感器0	-0.13	-0.25	0.36	-15.75	-15.75	-0.18	-13.19	3.64	73.58	相对角度姿态	-13.19	3.64
Mac:DA:3E:20:B6:30:BA传感器0	-0.02	0.01	0.68	87.89	87.89	-19.78	-12.37	-1.03	75.1	相对角度姿态	-12.37	-1.03
Mac:DA:3E:20:B6:30:BA传感器0	-0.11	0.25	1.75	122.56	122.56	-3.17	1.76	-2.53	74.86	相对角度姿态	1.76	-2.53
Mac:DA:3E:20:B6:30:BA传感器0	-0.03	0.23	1.67	47.06	47.06	8.67	8.83	-1.68	75.37	相对角度姿态	8.83	-1.68
Mac:DA:3E:20:B6:30:BA传感器0	-0.1	0.16	1.13	-20.69	-20.69	-2.14	9.75	0.26	76.49	相对角度姿态	9.75	0.26
Mac:DA:3E:20:B6:30:BA传感器0	-0.15	0.15	0.86	-21.36	-21.36	-7.45	8.43	1.07	76.9	相对角度姿态	8.43	1.07
Mac:DA:3E:20:B6:30:BA传感器0	-0.06	0.1	0.93	-6.84	-6.84	-7.81	8.01	1.7	76.71	相对角度姿态	8.01	1.7
Mac:DA:3E:20:B6:30:BA传感器0	-0.04	0.12	0.94	0.24	0.24	-4.21	7.82	2.09	76.66	相对角度姿态	7.82	2.09
Mac:DA:3E:20:B6:30:BA传感器0	0.02	0.12	0.92	-2.93	-2.93	1.95	7.42	1.66	76.82	相对角度姿态	7.42	1.66
Mac:DA:3E:20:B6:30:BA传感器0	0.3	0.12	1	2.69	2.69	-3.17	7.82	0.44	76.9	相对角度姿态	7.82	0.44
Mac:DA:3E:20:B6:30:BA传感器0	0.51	0.17	0.96	-3.36	-3.36	-9.77	7.65	0.08	76.77	相对角度姿态	7.65	0.08
Mac:DA:3E:20:B6:30:BA传感器0	0.28	0.43	1.06	-13.06	-13.06	44.92	7.99	3.08	79.32	相对角度姿态	7.99	3.08
Mac:DA:3E:20:B6:30:BA传感器0	-0.17	0.31	0.8	-39.12	-39.12	113.89	5.36	2.72	86.43	相对角度姿态	5.36	2.72
Mac:DA:3E:20:B6:30:BA传感器0	-0.96	0.24	0.89	-0.67	-0.67	91	6.8	2.76	96.42	相对角度姿态	6.8	2.76
Mac:DA:3E:20:B6:30:BA传感器0	-0.37	0.07	0.99	7.87	7.87	30.94	8.64	4.37	100.4	相对角度姿态	8.64	4.37
Mac:DA:3E:20:B6:30:BA传感器0	-0.27	0.02	0.94	-1.53	-1.53	12.08	8.26	8.09	102.07	相对角度姿态	8.26	8.09
Mac:DA:3E:20:B6:30:BA传感器0	-0.26	0.12	0.9	1.95	1.95	1.1	7.77	10.88	102.56	相对角度姿态	7.77	10.88
Mac:DA:3E:20:B6:30:BA传感器0	-0.09	0.16	1.03	0.12	0.12	-2.69	8.27	11.35	101.8	相对角度姿态	8.27	11.35
Mac:DA:3E:20:B6:30:BA传感器0	-0.1	0.13	0.94	-0.61	-0.61	-2.38	8.11	11.28	101.25	相对角度姿态	8.11	11.28
Mac:DA:3E:20:B6:30:BA传感器0	-0.15	0.13	0.94	2.01	2.01	-0.31	8.15	11.32	100.88	相对角度姿态	8.15	11.32
Mac:DA:3E:20:B6:30:BA传感器0	-0.15	0.09	0.92	-4.09	-4.09	1.34	8.02	11.22	100.45	相对角度姿态	8.02	11.22
Mac:DA:3E:20:B6:30:BA传感器0	-0.18	0.16	0.98	-3.48	-3.48	-3.78	8.21	11.21	100.37	相对角度姿态	8.21	11.21
Mac:DA:3E:20:B6:30:BA传感器0	-0.12	0.13	0.94	5.25	5.25	-3.66	7.97	11.17	99.55	相对角度姿态	7.97	11.17
Mac:DA:3E:20:B6:30:BA传感器0	-0.15	0.1	0.93	-1.46	-1.46	2.44	7.96	11.47	99.17	相对角度姿态	7.96	11.47
Mac:DA:3E:20:B6:30:BA传感器0	-0.15	0.13	0.93	1.4	1.4	-1.4	8.18	11.41	98.87	相对角度姿态	8.18	11.41
Mac:DA:3E:20:B6:30:BA传感器0	-0.14	0.13	0.94	-1.77	-1.77	1.04	8.21	11.06	98.57	相对角度姿态	8.21	11.06
Mac:DA:3E:20:B6:30:BA传感器0	-0.16	0.13	0.94	-1.65	-1.65	0.92	8.19	10.99	98.46	相对角度姿态	8.19	10.99
Mac:DA:3E:20:B6:30:BA传感器0	-0.18	0.13	0.94	0.49	0.49	0.98	8.21	10.9	98.37	相对角度姿态	8.21	10.9
Mac:DA:3E:20:B6:30:BA传感器0	-0.16	0.11	0.93	-2.2	-2.2	0.43	8.12	10.84	98.12	相对角度姿态	8.12	10.84
Mac:DA:3E:20:B6:30:BA传感器0	-0.15	0.13	0.94	0.98	0.98	3.3	8.17	10.82	98	相对角度姿态	8.17	10.82
Mac:DA:3E:20:B6:30:BA传感器0	-0.16	0.14	0.93	-0.24	-0.24	0.24	8.28	10.85	97.81	相对角度姿态	8.28	10.85
Mac:DA:3E:20:B6:30:BA传感器0	-0.15	0.13	0.95	-1.04	-1.04	-0.12	8.28	10.7	97.62	相对角度姿态	8.28	10.7
Mac:DA:3E:20:B6:30:BA传感器0	-0.15	0.13	0.96	-1.4	-1.4	1.59	8.21	10.54	97.44	相对角度姿态	8.21	10.54
Mac:DA:3E:20:B6:30:BA传感器0	-0.15	0.13	0.94	-1.59	-1.59	0	8.04	10.43	97.27	相对角度姿态	8.04	10.43
Mac:DA:3E:20:B6:30:BA传感器0	-0.16	0.13	0.95	-3.23	-3.23	0	7.89	10.32	97.16	相对角度姿态	7.89	10.32
Mac:DA:3E:20:B6:30:BA传感器0	-0.16	0.13	0.94	-1.1	-1.1	-0.31	7.7	10.27	97	相对角度姿态	7.7	10.27
Mac:DA:3E:20:B6:30:BA传感器0	-0.15	0.11	0.94	-2.44	-2.44	-0.24	7.39	10.16	96.8	相对角度姿态	7.39	10.16
Mac:DA:3E:20:B6:30:BA传感器0	-0.16	0.11	0.93	-1.1	-1.1	-0.98	7.16	10.18	96.64	相对角度姿态	7.16	10.18
Mac:DA:3E:20:B6:30:BA传感器0	-0.14	0.13	0.95	0.55	0.55	0.12	7.37	9.99	96.47	相对角度姿态	7.37	9.99
Mac:DA:3E:20:B6:30:BA传感器0	-0.16	0.12	0.95	1.16	1.16	1.65	7.25	9.88	96.41	相对角度姿态	7.25	9.88
Mac:DA:3E:20:B6:30:BA传感器0	-0.15	0.12	0.95	-0.18	-0.18	1.34	7.21	9.84	96.35	相对角度姿态	7.21	9.84
Mac:DA:3E:20:B6:30:BA传感器0	-0.15	0.12	0.94	-2.99	-2.99	-0.06	7.18	9.83	96.27	相对角度姿态	7.18	9.83
Mac:DA:3E:20:B6:30:BA传感器0	-0.14	0.12	0.95	1.59	1.59	2.56	7.15	9.74	96.19	相对角度姿态	7.15	9.74
Mac:DA:3E:20:B6:30:BA传感器0	-0.16	0.11	0.95	-2.69	-2.69	0.12	7.15	9.78	96.23	相对角度姿态	7.15	9.78
Mac:DA:3E:20:B6:30:BA传感器0	-0.15	0.1	1.02	-0.24	-0.24	1.34	7.18	9.78	96.25	相对角度姿态	7.18	9.78
Mac:DA:3E:20:B6:30:BA传感器0	-0.18	0.17	1.19	2.2	2.2	6.84	7.36	10.07	96.74	相对角度姿态	7.36	10.07
Mac:DA:3E:20:B6:30:BA传感器0	-0.27	0.15	1.17	-25.39	-25.39	0.98	5.79	11.72	97.09	相对角度姿态	5.79	11.72
Mac:DA:3E:20:B6:30:BA传感器0	-0.4	0.1	1.03	-40.28	-40.28	-8.06	2.49	13.04	96.49	相对角度姿态	2.49	13.04
Mac:DA:3E:20:B6:30:BA传感器0	-0.31	0.02	1.02	-40.59	-40.59	-13.79	-1.37	11	95.18	相对角度姿态	-1.37	11
Mac:DA:3E:20:B6:30:BA传感器0	-0.25	-0.01	0.97	-25.39	-25.39	-21.79	-5.3	9.98	93.01	相对角度姿态	-5.3	9.98
Mac:DA:3E:20:B6:30:BA传感器0	-0.24	-0.03	0.97	-41.56	-41.56	-22.03	-8.77	9.2	90.73	相对角度姿态	-8.77	9.2
Mac:DA:3E:20:B6:30:BA传感器0	-0.15	-0.25	0.78	-31.31	-31.31	-46.02	-13.52	8.94	86.64	相对角度姿态	-13.52	8.94
Mac:DA:3E:20:B6:30:BA传感器0	-0.15	-0.31	0.74	-17.27	-17.27	-46.57	-16.45	9.76	82.1	相对角度姿态	-16.45	9.76
Mac:DA:3E:20:B6:30:BA传感器0	-0.18	-0.27	0.87	6.16	6.16	-41.81	-17	10.24	77.14	相对角度姿态	-17	10.24
Mac:DA:3E:20:B6:30:BA传感器0	-0.08	-0.25	0.96	4.94	4.94	-27.53	-17	6.98	74.8	相对角度姿态	-17	6.98
Mac:DA:3E:20:B6:30:BA传感器0	-0.16	-0.27	0.81	10.86	10.86	-30.15	-16.26	5.71	72.38	相对角度姿态	-16.26	5.71
Mac:DA:3E:20:B6:30:BA传感器0	-0.12	-0.23	0.91	24.72	24.72	-36.62	-15.06	3.77	70.37	相对角度姿态	-15.06	3.77
Mac:DA:3E:20:B6:30:BA传感器0	-0.05	-0.18	0.99	31.13	31.13	-52.12	-12.22	2.12	66.86	相对角度姿态	-12.22	2.12
Mac:DA:3E:20:B6:30:BA传感器0	-0.07	-0.19	0.8	16.36	16.36	-47.79	-10.11	2.19	63.34	相对角度姿态	-10.11	2.19
Mac:DA:3E:20:B6:30:BA传感器0	0.13	-0.13	0.99	31.37	31.37	-44.56	-8.09	0.88	60.21	相对角度姿态	-8.09	0.88
Mac:DA:3E:20:B6:30:BA传感器0	0.14	-0.15	0.93	30.76	30.76	-4.27	-5.18	1.36	59.4	相对角度姿态	-5.18	1.36
Mac:DA:3E:20:B6:30:BA传感器0	-0.11	-0.03	1.03	27.83	27.83	15.32	-1.85	2.33	61.42	相对角度姿态	-1.85	2.33
Mac:DA:3E:20:B6:30:BA传感器0	-0.31	0.06	1.1	26.49	26.49	-7.08	1.18	3.71	62.99	相对角度姿态	1.18	3.71
Mac:DA:3E:20:B6:30:BA传感器0	-0.16	0.03	1.07	28.38	28.38	10.01	3.53	5.28	63.32	相对角度姿态	3.53	5.28
Mac:DA:3E:20:B6:30:BA传感器0	-0.14	0.19	1.14	33.39	33.39	25.02	7.61	7.51	66.28	相对角度姿态	7.61	7.51
Mac:DA:3E:20:B6:30:BA传感器0	-0.12	0.23	1.01	32.17	32.17	24.17	10.67	10.4	69.49	相对角度姿态	10.67	10.4
Mac:DA:3E:20:B6:30:BA传感器0	-0.26	0.23	0.89	26.12	26.12	26.12	14.05	14.11	73.82	相对角度姿态	14.05	14.11
Mac:DA:3E:20:B6:30:BA传感器0	-0.54	0.32	0.69	12.33	12.33	21.3	18.72	20.14	78.9	相对角度姿态	18.72	20.14
Mac:DA:3E:20:B6:30:BA传感器0	-0.27	0.29	0.76	10.19	10.19	40.89	20.32	19.8	82.02	相对角度姿态	20.32	19.8
Mac:DA:3E:20:B6:30:BA传感器0	-0.44	0.39	0.95	7.75	7.75	69.52	23.27	18.87	88.8	相对角度姿态	23.27	18.87
Mac:DA:3E:20:B6:30:BA传感器0	-0.26	0.46	0.81	-9.4	-9.4	67.63	24.57	16.42	95.37	相对角度姿态	24.57	16.42
Mac:DA:3E:20:B6:30:BA传感器0	-0.27	0.44	0.9	-31.92	-31.92	59.94	23.94	14.66	101.05	相对角度姿态	23.94	14.66
Mac:DA:3E:20:B6:30:BA传感器0	-0.42	0.43	1.07	-49.38	-49.38	45.65	21.55	13.46	105.83	相对角度姿态	21.55	13.46
Mac:DA:3E:20:B6:30:BA传感器0	-0.39	0.36	1.06	-60.24	-60.24	14.47	16.84	13.11	108.08	相对角度姿态	16.84	13.11
Mac:DA:3E:20:B6:30:BA传感器0	-0.25	0.2	0.8	-32.53	-32.53	-2.56	11.82	13.8	107.94	相对角度姿态	11.82	13.8
Mac:DA:3E:20:B6:30:BA传感器0	-0.17	0.18	0.67	-19.53	-19.53	-4.33	10.17	15.12	106.36	相对角度姿态	10.17	15.12
Mac:DA:3E:20:B6:30:BA传感器0	-0.12	0.05	0.77	-36.99	-36.99	-7.75	6.45	14.12	104.92	相对角度姿态	6.45	14.12
Mac:DA:3E:20:B6:30:BA传感器0	-0.18	-0.05	0.79	-3.48	-3.48	-9.34	3.53	14.1	103.66	相对角度姿态	3.53	14.1
Mac:DA:3E:20:B6:30:BA传感器0	-0.16	0	0.9	12.27	12.27	-5.55	3.69	13.98	102.76	相对角度姿态	3.69	13.98
Mac:DA:3E:20:B6:30:BA传感器0	-0.16	0.09	1.02	3.91	3.91	-5.68	4.71	13.66	101.99	相对角度姿态	4.71	13.66
Mac:DA:3E:20:B6:30:BA传感器0	-0.17	0.05	0.91	2.14	2.14	-5.31	4.32	13.91	100.78	相对角度姿态	4.32	13.91
Mac:DA:3E:20:B6:30:BA传感器0	-0.15	0.06	0.96	6.04	6.04	-3.66	4.66	13.34	100.01	相对角度姿态	4.66	13.34
Mac:DA:3E:20:B6:30:BA传感器0	-0.15	0.05	0.94	2.2	2.2	-6.23	4.76	13.3	99.14	相对角度姿态	4.76	13.3
Mac:DA:3E:20:B6:30:BA传感器0	-0.18	0.07	0.95	1.89	1.89	-2.08	4.91	13.06	98.57	相对角度姿态	4.91	13.06
Mac:DA:3E:20:B6:30:BA传感器0	-0.18	0.09	0.97	4.03	4.03	-0.61	5.18	12.95	98.21	相对角度姿态	5.18	12.95
Mac:DA:3E:20:B6:30:BA传感器0	-0.18	0.09	0.95	-1.4	-1.4	-0.12	5.25	12.54	97.94	相对角度姿态	5.25	12.54
Mac:DA:3E:20:B6:30:BA传感器0	-0.17	0.07	0.9	5.74	5.74	-0.43	5.31	11.98	97.58	相对角度姿态	5.31	11.98
Mac:DA:3E:20:B6:30:BA传感器0	-0.13	0.08	1.01	1.95	1.95	2.08	5.5	10.17	97.4	相对角度姿态	5.5	10.17
Mac:DA:3E:20:B6:30:BA传感器0	-0.09	0.11	1	1.04	1.04	1.77	5.35	6.84	97.56	相对角度姿态	5.35	6.84
Mac:DA:3E:20:B6:30:BA传感器0	-0.09	0.11	1	1.04	1.04	1.77	5.35	6.84	97.56	相对角度姿态	5.35	6.84
Mac:DA:3E:20:B6:30:BA传感器0	-0.06	0.08	0.98	0.06	0.06	0	5.28	6.14	97.33	相对角度姿态	5.28	6.14
Mac:DA:3E:20:B6:30:BA传感器0	-0.07	0.08	0.95	-0.18	-0.18	-0.31	5	6.03	97.1	相对角度姿态	5	6.03
Mac:DA:3E:20:B6:30:BA传感器0	-0.1	0.09	0.98	10.01	10.01	-0.24	5.2	5.91	96.94	相对角度姿态	5.2	5.91
Mac:DA:3E:20:B6:30:BA传感器0	-0.04	0.1	0.99	4.64	4.64	1.04	6.1	5.43	96.71	相对角度姿态	6.1	5.43
Mac:DA:3E:20:B6:30:BA传感器0	-0.05	0.11	0.97	-1.71	-1.71	3.23	6.16	4.66	96.6	相对角度姿态	6.16	4.66
Mac:DA:3E:20:B6:30:BA传感器0	-0.04	0.1	0.96	1.59	1.59	2.56	6.14	3.99	96.5	相对角度姿态	6.14	3.99
Mac:DA:3E:20:B6:30:BA传感器0	-0.03	0.09	0.97	-1.95	-1.95	1.04	5.87	3.53	96.34	相对角度姿态	5.87	3.53
Mac:DA:3E:20:B6:30:BA传感器0	-0.04	0.09	0.97	-0.49	-0.49	1.59	5.73	3.33	96.3	相对角度姿态	5.73	3.33
Mac:DA:3E:20:B6:30:BA传感器0	-0.05	0.1	0.97	-5.19	-5.19	-0.12	5.66	3.17	96.25	相对角度姿态	5.66	3.17
Mac:DA:3E:20:B6:30:BA传感器0	-0.04	0.09	0.97	-2.2	-2.2	0.49	5.43	3.03	96.07	相对角度姿态	5.43	3.03
Mac:DA:3E:20:B6:30:BA传感器0	-0.03	0.09	0.98	0.12	0.12	0.55	5.33	2.77	95.94	相对角度姿态	5.33	2.77
Mac:DA:3E:20:B6:30:BA传感器0	-0.04	0.09	0.97	-3.48	-3.48	-0.37	5.17	2.68	95.83	相对角度姿态	5.17	2.68
Mac:DA:3E:20:B6:30:BA传感器0	-0.02	0.09	0.98	-0.49	-0.49	1.59	5.03	2.5	95.71	相对角度姿态	5.03	2.5
Mac:DA:3E:20:B6:30:BA传感器0	-0.03	0.08	0.97	-1.71	-1.71	-0.85	4.88	2.56	95.58	相对角度姿态	4.88	2.56
Mac:DA:3E:20:B6:30:BA传感器0	-0.03	0.07	0.96	-0.31	-0.31	0.18	4.77	2.53	95.48	相对角度姿态	4.77	2.53
Mac:DA:3E:20:B6:30:BA传感器0	-0.03	0.08	0.97	1.95	1.95	-0.55	4.86	2.67	95.32	相对角度姿态	4.86	2.67
Mac:DA:3E:20:B6:30:BA传感器0	-0.04	0.09	0.99	1.71	1.71	0.06	4.96	2.75	95.22	相对角度姿态	4.96	2.75
Mac:DA:3E:20:B6:30:BA传感器0	-0.03	0.09	0.98	-2.26	-2.26	0.85	4.97	2.76	95.24	相对角度姿态	4.97	2.76
Mac:DA:3E:20:B6:30:BA传感器0	-0.04	0.08	0.97	-0.24	-0.24	0.73	4.85	2.75	95.16	相对角度姿态	4.85	2.75
Mac:DA:3E:20:B6:30:BA传感器0	-0.04	0.07	0.96	-1.53	-1.53	0.85	4.78	2.79	95.11	相对角度姿态	4.78	2.79
Mac:DA:3E:20:B6:30:BA传感器0	-0.04	0.08	0.98	0.18	0.18	-0.18	4.83	2.86	95.05	相对角度姿态	4.83	2.86
Mac:DA:3E:20:B6:30:BA传感器0	-0.04	0.08	0.97	0.92	0.92	0.79	4.87	2.87	95.02	相对角度姿态	4.87	2.87
Mac:DA:3E:20:B6:30:BA传感器0	-0.03	0.09	0.98	2.87	2.87	-0.61	5.08	2.89	94.89	相对角度姿态	5.08	2.89
Mac:DA:3E:20:B6:30:BA传感器0	-0.04	0.09	0.98	1.59	1.59	-0.49	5.25	3.04	94.86	相对角度姿态	5.25	3.04
Mac:DA:3E:20:B6:30:BA传感器0	-0.04	0.09	0.98	2.01	2.01	0	5.3	3.15	94.84	相对角度姿态	5.3	3.15
Mac:DA:3E:20:B6:30:BA传感器0	-0.04	0.09	0.98	1.04	1.04	0.98	5.34	3.16	94.82	相对角度姿态	5.34	3.16
Mac:DA:3E:20:B6:30:BA传感器0	-0.06	0.08	0.96	1.1	1.1	-0.98	5.34	3.32	94.76	相对角度姿态	5.34	3.32
Mac:DA:3E:20:B6:30:BA传感器0	-0.05	0.08	0.96	2.69	2.69	-0.49	5.48	3.44	94.72	相对角度姿态	5.48	3.44
Mac:DA:3E:20:B6:30:BA传感器0	-0.04	0.1	0.97	-0.43	-0.43	-0.67	5.65	3.47	94.69	相对角度姿态	5.65	3.47
Mac:DA:3E:20:B6:30:BA传感器0	-0.05	0.1	0.98	-0.12	-0.12	0.85	5.77	3.47	94.67	相对角度姿态	5.77	3.47
Mac:DA:3E:20:B6:30:BA传感器0	-0.06	0.09	0.95	2.56	2.56	1.16	5.91	3.47	94.71	相对角度姿态	5.91	3.47
Mac:DA:3E:20:B6:30:BA传感器0	-0.26	0.19	1.32	-1.04	-1.04	6.16	7.25	3.47	95.67	相对角度姿态	7.25	3.47
Mac:DA:3E:20:B6:30:BA传感器0	-0.26	0.19	1.32	-1.04	-1.04	6.16	7.25	3.47	95.67	相对角度姿态	7.25	3.47
Mac:DA:3E:20:B6:30:BA传感器0	-0.52	0.39	1.47	-33.69	-33.69	-5.31	6.3	4.62	95.45	相对角度姿态	6.3	4.62
Mac:DA:3E:20:B6:30:BA传感器0	-0.35	0.5	1.15	-98.57	-98.57	-48.65	0.98	4.75	93.12	相对角度姿态	0.98	4.75
Mac:DA:3E:20:B6:30:BA传感器0	0.17	-0.1	0.51	-90.45	-90.45	-86.24	-8.75	9.26	85	相对角度姿态	-8.75	9.26
Mac:DA:3E:20:B6:30:BA传感器0	0.26	-0.42	0.31	-10.07	-10.07	-12.7	-16.84	5.18	81.38	相对角度姿态	-16.84	5.18
Mac:DA:3E:20:B6:30:BA传感器0	0.12	-0.45	0.66	-7.51	-7.51	-8	-17.97	2.33	80.9	相对角度姿态	-17.97	2.33
Mac:DA:3E:20:B6:30:BA传感器0	0.05	-0.29	1.11	21.67	21.67	4.76	-16.38	-0.19	81.98	相对角度姿态	-16.38	-0.19
Mac:DA:3E:20:B6:30:BA传感器0	-0.05	-0.22	1.09	11.11	11.11	0.31	-15.15	-0.59	82.68	相对角度姿态	-15.15	-0.59
Mac:DA:3E:20:B6:30:BA传感器0	-0.04	-0.25	1.09	-2.32	-2.32	-6.77	-14.51	-1.01	82.86	相对角度姿态	-14.51	-1.01
Mac:DA:3E:20:B6:30:BA传感器0	-0.08	-0.29	0.97	-8.24	-8.24	-0.92	-14.99	-1.13	83.11	相对角度姿态	-14.99	-1.13
Mac:DA:3E:20:B6:30:BA传感器0	-0.11	-0.26	1.01	-1.53	-1.53	-2.56	-15.06	-1	83.34	相对角度姿态	-15.06	-1
Mac:DA:3E:20:B6:30:BA传感器0	-0.08	-0.24	1.05	0.43	0.43	-4.58	-14.94	-1.22	83.35	相对角度姿态	-14.94	-1.22
Mac:DA:3E:20:B6:30:BA传感器0	-0.28	-0.29	0.52	11.29	11.29	-27.71	-15.89	1.66	81.96	相对角度姿态	-15.89	1.66
Mac:DA:3E:20:B6:30:BA传感器0	-0.28	-0.29	0.52	11.29	11.29	-27.71	-15.89	1.66	81.96	相对角度姿态	-15.89	1.66
Mac:DA:3E:20:B6:30:BA传感器0	0.03	-0.37	0.31	80.93	80.93	-47.61	-14.32	4.73	78.88	相对角度姿态	-14.32	4.73
Mac:DA:3E:20:B6:30:BA传感器0	-0.22	0.25	0.98	113.4	113.4	-10.68	-4.88	5.67	77.47	相对角度姿态	-4.88	5.67
Mac:DA:3E:20:B6:30:BA传感器0	0.21	0.37	1.99	26.49	26.49	-44.56	4.28	-2.32	74.28	相对角度姿态	4.28	-2.32
Mac:DA:3E:20:B6:30:BA传感器0	0.14	0.31	1.44	-6.96	-6.96	-14.28	7.26	-3.98	72.61	相对角度姿态	7.26	-3.98
Mac:DA:3E:20:B6:30:BA传感器0	0.03	0	0.96	-15.56	-15.56	-18.31	4.86	-2.47	71.5	相对角度姿态	4.86	-2.47
Mac:DA:3E:20:B6:30:BA传感器0	-0.04	0.04	0.96	-0.43	-0.43	0.55	3.6	-1.87	71.61	相对角度姿态	3.6	-1.87
Mac:DA:3E:20:B6:30:BA传感器0	-0.09	0.06	0.94	-1.53	-1.53	-2.5	3.53	-0.53	72.08	相对角度姿态	3.53	-0.53
Mac:DA:3E:20:B6:30:BA传感器0	-0.12	0.06	1	-8.79	-8.79	-5.19	3.43	0.73	72.29	相对角度姿态	3.43	0.73
Mac:DA:3E:20:B6:30:BA传感器0	-0.15	0.03	0.96	1.16	1.16	-3.11	2.78	0.92	72.44	相对角度姿态	2.78	0.92
Mac:DA:3E:20:B6:30:BA传感器0	-0.12	0.05	0.93	-3.48	-3.48	-1.59	2.34	0.64	72.87	相对角度姿态	2.34	0.64
Mac:DA:3E:20:B6:30:BA传感器0	0.07	0.04	1.02	3.48	3.48	0.67	2.33	0.62	73.22	相对角度姿态	2.33	0.62
Mac:DA:3E:20:B6:30:BA传感器0	0.34	0.03	0.95	-10.25	-10.25	1.89	1.09	-1.11	73.8	相对角度姿态	1.09	-1.11
Mac:DA:3E:20:B6:30:BA传感器0	0.45	0.16	0.92	9.58	9.58	35.4	1.89	-1.2	75.86	相对角度姿态	1.89	-1.2
Mac:DA:3E:20:B6:30:BA传感器0	0.49	0.26	0.91	6.41	6.41	97.47	3.44	-0.68	81.61	相对角度姿态	3.44	-0.68
Mac:DA:3E:20:B6:30:BA传感器0	-0.02	0.4	0.91	-16.6	-16.6	131.59	2.93	-3.16	93.13	相对角度姿态	2.93	-3.16
Mac:DA:3E:20:B6:30:BA传感器0	-0.95	0.4	1.11	2.56	2.56	87.77	4.41	-1.29	103.42	相对角度姿态	4.41	-1.29
Mac:DA:3E:20:B6:30:BA传感器0	-0.57	-0.01	0.99	-10.19	-10.19	4.09	4.61	3.44	106.69	相对角度姿态	4.61	3.44
Mac:DA:3E:20:B6:30:BA传感器0	-0.15	0	0.98	-16.24	-16.24	-2.81	3.11	6.23	105.67	相对角度姿态	3.11	6.23
Mac:DA:3E:20:B6:30:BA传感器0	-0.04	0.04	0.96	3.91	3.91	-3.23	2.35	7.91	104.25	相对角度姿态	2.35	7.91
Mac:DA:3E:20:B6:30:BA传感器0	-0.06	0.04	1.03	-2.32	-2.32	0.79	2.52	8.75	103.49	相对角度姿态	2.52	8.75
Mac:DA:3E:20:B6:30:BA传感器0	-0.09	0.03	0.98	-2.08	-2.08	5.55	2.22	8.56	103.34	相对角度姿态	2.22	8.56
Mac:DA:3E:20:B6:30:BA传感器0	-0.15	0.06	0.95	1.22	1.22	-0.31	2.42	8.72	103.16	相对角度姿态	2.42	8.72
Mac:DA:3E:20:B6:30:BA传感器0	-0.13	0.04	0.95	4.64	4.64	-3.36	2.55	8.57	102.6	相对角度姿态	2.55	8.57
Mac:DA:3E:20:B6:30:BA传感器0	-0.16	0.05	0.95	6.59	6.59	-0.85	2.98	8.88	101.91	相对角度姿态	2.98	8.88
Mac:DA:3E:20:B6:30:BA传感器0	-0.12	0.06	0.97	2.01	2.01	0.79	3.27	8.26	101.47	相对角度姿态	3.27	8.26
Mac:DA:3E:20:B6:30:BA传感器0	-0.1	0.06	0.98	1.71	1.71	-3.72	3.28	7.41	100.93	相对角度姿态	3.28	7.41
Mac:DA:3E:20:B6:30:BA传感器0	-0.09	0.07	0.99	1.4	1.4	-3.66	3.26	7.04	100.38	相对角度姿态	3.26	7.04
Mac:DA:3E:20:B6:30:BA传感器0	-0.06	0.06	0.97	3.66	3.66	-2.32	3.33	6.96	99.84	相对角度姿态	3.33	6.96
Mac:DA:3E:20:B6:30:BA传感器0	-0.08	0.05	0.97	-3.3	-3.3	-1.46	3.44	6.97	99.47	相对角度姿态	3.44	6.97
Mac:DA:3E:20:B6:30:BA传感器0	-0.11	0.07	0.98	-1.77	-1.77	1.16	3.38	6.43	99.16	相对角度姿态	3.38	6.43
Mac:DA:3E:20:B6:30:BA传感器0	-0.06	0.06	0.99	-4.58	-4.58	1.1	3.31	5.51	98.83	相对角度姿态	3.31	5.51
Mac:DA:3E:20:B6:30:BA传感器0	-0.11	0.07	0.98	-1.95	-1.95	2.81	3.32	5.56	98.75	相对角度姿态	3.32	5.56
Mac:DA:3E:20:B6:30:BA传感器0	-0.07	0.06	0.97	-1.65	-1.65	-1.89	3.27	5.56	98.46	相对角度姿态	3.27	5.56
Mac:DA:3E:20:B6:30:BA传感器0	-0.06	0.06	0.98	-0.67	-0.67	1.1	3.19	5.38	98.16	相对角度姿态	3.19	5.38
Mac:DA:3E:20:B6:30:BA传感器0	-0.09	0.05	0.96	0.12	0.12	1.1	3.12	5.49	98.12	相对角度姿态	3.12	5.49
Mac:DA:3E:20:B6:30:BA传感器0	-0.08	0.05	1	-2.08	-2.08	0.79	3	5.27	97.99	相对角度姿态	3	5.27
Mac:DA:3E:20:B6:30:BA传感器0	-0.08	0.06	1	-0.61	-0.61	-0.43	2.89	5.26	97.81	相对角度姿态	2.89	5.26
Mac:DA:3E:20:B6:30:BA传感器0	-0.07	0.02	0.95	-0.98	-0.98	-2.08	2.49	5.37	97.47	相对角度姿态	2.49	5.37
Mac:DA:3E:20:B6:30:BA传感器0	-0.06	0.03	0.97	-1.4	-1.4	1.04	2.51	5.5	97.19	相对角度姿态	2.51	5.5
Mac:DA:3E:20:B6:30:BA传感器0	-0.08	0.04	0.99	0	0	0.98	2.53	5.45	97.09	相对角度姿态	2.53	5.45
Mac:DA:3E:20:B6:30:BA传感器0	-0.06	0.04	0.98	-4.03	-4.03	1.22	2.45	4.93	97.05	相对角度姿态	2.45	4.93
Mac:DA:3E:20:B6:30:BA传感器0	-0.07	0.03	0.98	-2.26	-2.26	0.37	2.48	4.94	96.9	相对角度姿态	2.48	4.94
Mac:DA:3E:20:B6:30:BA传感器0	-0.08	0.05	0.99	0.85	0.85	-1.34	2.59	5.03	96.69	相对角度姿态	2.59	5.03
Mac:DA:3E:20:B6:30:BA传感器0	-0.09	0.07	0.99	4.15	4.15	-1.53	2.83	5.23	96.45	相对角度姿态	2.83	5.23
Mac:DA:3E:20:B6:30:BA传感器0	-0.08	0.04	0.97	1.95	1.95	-0.85	2.78	5.29	96.28	相对角度姿态	2.78	5.29
Mac:DA:3E:20:B6:30:BA传感器0	-0.1	0.05	0.98	1.1	1.1	2.75	3	5.17	96.53	相对角度姿态	3	5.17
Mac:DA:3E:20:B6:30:BA传感器0	-0.09	0.06	1	-1.83	-1.83	-0.55	3.03	5.02	96.54	相对角度姿态	3.03	5.02
