开始时间：2020年08月06日 14:10:15 
传感器1	加速度X	加速度Y	加速度Z	角速度X	角速度Y	角速度Z	角度X	角度Y	角度Z	传感器2	加速度X	加速度Y	加速度Z	角速度X	角速度Y	角速度Z	角度X	角度Y	角度Z	相对姿态角度	角度X	角度Y	
Mac:DA:3E:20:B6:30:BA传感器0	0.01	-0.02	1.02	1.40	1.40	-0.18	-0.21	1.84	86.41	相对角度姿态	-0.21	1.84		
Mac:DA:3E:20:B6:30:BA传感器0	0.01	-0.02	1.02	1.40	1.40	-0.18	-0.21	1.84	86.41	相对角度姿态	-0.21	1.84		
Mac:DA:3E:20:B6:30:BA传感器0	0.01	-0.03	1.01	2.38	2.38	0.67	-0.23	1.70	86.93	相对角度姿态	-0.23	1.70		
Mac:DA:3E:20:B6:30:BA传感器0	-0.01	-0.03	1.00	-1.71	-1.71	0.37	-0.28	1.59	87.42	相对角度姿态	-0.28	1.59		
Mac:DA:3E:20:B6:30:BA传感器0	-0.01	-0.02	1.01	-3.11	-3.11	0.37	-0.46	1.44	87.87	相对角度姿态	-0.46	1.44		
Mac:DA:3E:20:B6:30:BA传感器0	-0.00	-0.03	1.00	-1.71	-1.71	0.12	-0.62	1.46	88.19	相对角度姿态	-0.62	1.46		
Mac:DA:3E:20:B6:30:BA传感器0	0.00	-0.03	1.01	-1.22	-1.22	-0.31	-0.78	1.40	88.57	相对角度姿态	-0.78	1.40		
Mac:DA:3E:20:B6:30:BA传感器0	0.01	-0.03	1.00	0.61	0.61	-0.06	-0.94	1.36	88.91	相对角度姿态	-0.94	1.36		
Mac:DA:3E:20:B6:30:BA传感器0	-0.01	-0.04	0.99	-2.99	-2.99	-0.12	-1.10	1.43	89.69	相对角度姿态	-1.10	1.43		
Mac:DA:3E:20:B6:30:BA传感器0	-0.01	-0.04	0.99	-2.99	-2.99	-0.12	-1.10	1.43	89.69	相对角度姿态	-1.10	1.43		
Mac:DA:3E:20:B6:30:BA传感器0	0.01	-0.04	1.01	-1.77	-1.77	0.18	-1.14	1.16	89.97	相对角度姿态	-1.14	1.16		
Mac:DA:3E:20:B6:30:BA传感器0	-0.02	-0.02	1.02	-2.75	-2.75	-0.98	-1.22	1.26	90.24	相对角度姿态	-1.22	1.26		
Mac:DA:3E:20:B6:30:BA传感器0	0.00	-0.03	1.01	-3.23	-3.23	-2.44	-1.39	1.51	90.31	相对角度姿态	-1.39	1.51		
Mac:DA:3E:20:B6:30:BA传感器0	0.00	-0.02	1.01	0.31	0.31	2.08	-1.58	1.42	90.56	相对角度姿态	-1.58	1.42		
Mac:DA:3E:20:B6:30:BA传感器0	-0.03	-0.03	1.00	0.43	0.43	0.43	-1.63	1.48	90.94	相对角度姿态	-1.63	1.48		
Mac:DA:3E:20:B6:30:BA传感器0	-0.01	-0.03	1.01	3.17	3.17	0.31	-1.60	1.48	91.12	相对角度姿态	-1.60	1.48		
Mac:DA:3E:20:B6:30:BA传感器0	-0.01	-0.02	1.01	1.77	1.77	0.61	-1.39	1.53	91.42	相对角度姿态	-1.39	1.53		
Mac:DA:3E:20:B6:30:BA传感器0	-0.04	-0.02	1.00	1.59	1.59	1.77	-1.32	1.92	91.76	相对角度姿态	-1.32	1.92		
Mac:DA:3E:20:B6:30:BA传感器0	-0.02	-0.03	1.01	1.40	1.40	0.43	-1.20	2.14	92.02	相对角度姿态	-1.20	2.14		
Mac:DA:3E:20:B6:30:BA传感器0	0.01	-0.02	1.01	4.82	4.82	1.59	-0.93	2.08	92.25	相对角度姿态	-0.93	2.08		
Mac:DA:3E:20:B6:30:BA传感器0	-0.03	0.01	0.99	7.14	7.14	5.19	-0.21	2.29	92.72	相对角度姿态	-0.21	2.29		
Mac:DA:3E:20:B6:30:BA传感器0	-0.03	0.02	0.98	7.75	7.75	5.13	0.63	2.27	93.30	相对角度姿态	0.63	2.27		
Mac:DA:3E:20:B6:30:BA传感器0	-0.05	0.03	1.01	3.42	3.42	3.30	1.33	2.26	93.67	相对角度姿态	1.33	2.26		
Mac:DA:3E:20:B6:30:BA传感器0	-0.05	0.03	0.99	-0.18	-0.18	0.37	1.57	2.35	93.86	相对角度姿态	1.57	2.35		
Mac:DA:3E:20:B6:30:BA传感器0	-0.03	0.03	0.97	3.11	3.11	0.06	1.66	2.40	93.87	相对角度姿态	1.66	2.40		
Mac:DA:3E:20:B6:30:BA传感器0	-0.01	0.05	1.00	3.17	3.17	1.04	1.97	2.18	93.97	相对角度姿态	1.97	2.18		
Mac:DA:3E:20:B6:30:BA传感器0	-0.02	0.04	0.99	0.00	0.00	1.16	2.06	2.07	94.21	相对角度姿态	2.06	2.07		
Mac:DA:3E:20:B6:30:BA传感器0	-0.05	0.04	0.98	-1.46	-1.46	2.99	2.18	1.94	94.56	相对角度姿态	2.18	1.94		
Mac:DA:3E:20:B6:30:BA传感器0	0.01	0.05	1.04	7.26	7.26	0.00	2.66	1.36	94.84	相对角度姿态	2.66	1.36		
Mac:DA:3E:20:B6:30:BA传感器0	-0.01	0.05	0.99	-0.67	-0.67	0.73	2.72	1.24	95.10	相对角度姿态	2.72	1.24		
Mac:DA:3E:20:B6:30:BA传感器0	-0.03	0.08	0.96	-2.56	-2.56	0.73	2.70	1.51	95.21	相对角度姿态	2.70	1.51		
Mac:DA:3E:20:B6:30:BA传感器0	-0.00	0.06	0.98	2.56	2.56	0.67	2.73	1.40	95.25	相对角度姿态	2.73	1.40		
Mac:DA:3E:20:B6:30:BA传感器0	-0.01	0.04	0.97	1.46	1.46	0.49	2.71	1.42	95.25	相对角度姿态	2.71	1.42		
Mac:DA:3E:20:B6:30:BA传感器0	-0.02	0.06	0.98	-1.77	-1.77	-0.79	2.98	1.45	95.34	相对角度姿态	2.98	1.45		
Mac:DA:3E:20:B6:30:BA传感器0	-0.02	0.05	0.99	-0.85	-0.85	1.16	3.10	1.49	95.39	相对角度姿态	3.10	1.49		
Mac:DA:3E:20:B6:30:BA传感器0	-0.02	0.06	0.96	1.22	1.22	2.56	3.13	1.33	95.82	相对角度姿态	3.13	1.33		
Mac:DA:3E:20:B6:30:BA传感器0	0.00	0.07	0.99	0.61	0.61	3.48	3.43	1.20	96.04	相对角度姿态	3.43	1.20		
Mac:DA:3E:20:B6:30:BA传感器0	-0.04	0.06	1.00	-1.04	-1.04	0.37	3.69	1.25	96.34	相对角度姿态	3.69	1.25		
Mac:DA:3E:20:B6:30:BA传感器0	-0.14	0.07	1.07	5.92	5.92	-3.66	3.87	1.76	96.27	相对角度姿态	3.87	1.76		
Mac:DA:3E:20:B6:30:BA传感器0	-0.16	0.04	1.23	18.80	18.80	-11.66	4.87	2.08	95.50	相对角度姿态	4.87	2.08		
Mac:DA:3E:20:B6:30:BA传感器0	-0.45	0.28	1.45	12.88	12.88	-28.08	7.25	4.80	94.25	相对角度姿态	7.25	4.80		
Mac:DA:3E:20:B6:30:BA传感器0	-0.31	0.40	1.29	-41.14	-41.14	-30.33	4.14	4.04	91.43	相对角度姿态	4.14	4.04		
Mac:DA:3E:20:B6:30:BA传感器0	0.05	0.29	1.05	-53.83	-53.83	-18.86	-0.52	2.87	89.11	相对角度姿态	-0.52	2.87		
Mac:DA:3E:20:B6:30:BA传感器0	0.20	0.08	0.66	-83.68	-83.68	-48.83	-7.86	3.44	88.41	相对角度姿态	-7.86	3.44		
Mac:DA:3E:20:B6:30:BA传感器0	0.24	-0.57	0.09	-19.23	-19.23	-60.00	-17.42	9.80	78.91	相对角度姿态	-17.42	9.80		
Mac:DA:3E:20:B6:30:BA传感器0	0.04	-0.41	0.84	-4.82	-4.82	14.95	-18.97	6.79	81.00	相对角度姿态	-18.97	6.79		
Mac:DA:3E:20:B6:30:BA传感器0	-0.12	-0.29	1.06	7.08	7.08	13.49	-18.76	5.04	82.79	相对角度姿态	-18.76	5.04		
Mac:DA:3E:20:B6:30:BA传感器0	-0.22	-0.24	1.04	10.80	10.80	0.98	-17.83	4.93	83.73	相对角度姿态	-17.83	4.93		
Mac:DA:3E:20:B6:30:BA传感器0	-0.17	-0.25	1.04	-1.46	-1.46	0.00	-17.35	4.72	84.07	相对角度姿态	-17.35	4.72		
Mac:DA:3E:20:B6:30:BA传感器0	-0.18	-0.24	1.00	3.72	3.72	0.37	-16.86	5.25	84.28	相对角度姿态	-16.86	5.25		
Mac:DA:3E:20:B6:30:BA传感器0	-0.21	-0.24	1.04	2.56	2.56	-2.87	-16.81	4.89	84.95	相对角度姿态	-16.81	4.89		
Mac:DA:3E:20:B6:30:BA传感器0	-0.23	-0.25	1.01	0.18	0.18	-5.07	-16.74	4.55	85.13	相对角度姿态	-16.74	4.55		
Mac:DA:3E:20:B6:30:BA传感器0	-0.39	-0.24	0.75	12.82	12.82	-29.48	-17.05	4.89	84.48	相对角度姿态	-17.05	4.89		
Mac:DA:3E:20:B6:30:BA传感器0	-0.16	-0.33	0.72	11.60	11.60	-15.20	-16.22	5.38	81.40	相对角度姿态	-16.22	5.38		
Mac:DA:3E:20:B6:30:BA传感器0	-0.42	-0.19	0.47	43.52	43.52	-33.81	-15.63	9.28	80.11	相对角度姿态	-15.63	9.28		
Mac:DA:3E:20:B6:30:BA传感器0	-0.40	0.07	0.49	73.91	73.91	-25.70	-11.12	12.57	75.67	相对角度姿态	-11.12	12.57		
Mac:DA:3E:20:B6:30:BA传感器0	0.30	0.16	1.63	79.22	79.22	-50.90	-1.68	3.99	73.02	相对角度姿态	-1.68	3.99		
Mac:DA:3E:20:B6:30:BA传感器0	0.26	0.19	1.50	44.62	44.62	0.12	5.38	0.93	71.45	相对角度姿态	5.38	0.93		
Mac:DA:3E:20:B6:30:BA传感器0	-0.10	0.22	1.28	-26.49	-26.49	-13.85	7.84	3.21	72.51	相对角度姿态	7.84	3.21		
Mac:DA:3E:20:B6:30:BA传感器0	-0.08	0.04	1.01	-7.08	-7.08	0.43	4.37	2.47	72.28	相对角度姿态	4.37	2.47		
Mac:DA:3E:20:B6:30:BA传感器0	-0.17	0.03	0.90	-11.72	-11.72	-3.36	3.31	3.09	73.08	相对角度姿态	3.31	3.09		
Mac:DA:3E:20:B6:30:BA传感器0	-0.16	0.06	0.92	-8.67	-8.67	-8.00	2.83	3.54	73.42	相对角度姿态	2.83	3.54		
Mac:DA:3E:20:B6:30:BA传感器0	-0.14	0.04	0.97	1.53	1.53	-5.07	2.64	3.45	73.31	相对角度姿态	2.64	3.45		
Mac:DA:3E:20:B6:30:BA传感器0	-0.09	0.01	0.98	-6.23	-6.23	-11.60	2.30	3.16	73.10	相对角度姿态	2.30	3.16		
Mac:DA:3E:20:B6:30:BA传感器0	-0.02	0.10	1.03	21.18	21.18	-36.19	2.94	4.15	71.17	相对角度姿态	2.94	4.15		
Mac:DA:3E:20:B6:30:BA传感器0	0.19	0.13	1.03	15.81	15.81	-18.37	4.36	3.31	69.36	相对角度姿态	4.36	3.31		
Mac:DA:3E:20:B6:30:BA传感器0	0.35	0.17	0.90	-11.90	-11.90	3.60	4.77	3.03	69.27	相对角度姿态	4.77	3.03		
Mac:DA:3E:20:B6:30:BA传感器0	0.36	0.15	0.92	-3.11	-3.11	82.40	4.60	0.20	74.19	相对角度姿态	4.60	0.20		
Mac:DA:3E:20:B6:30:BA传感器0	-0.12	0.45	0.86	-13.31	-13.31	143.92	5.31	-0.38	86.24	相对角度姿态	5.31	-0.38		
Mac:DA:3E:20:B6:30:BA传感器0	-1.03	0.41	0.85	0.43	0.43	66.47	7.54	4.97	96.34	相对角度姿态	7.54	4.97		
Mac:DA:3E:20:B6:30:BA传感器0	-0.64	-0.08	0.88	-18.37	-18.37	27.65	6.47	8.97	100.10	相对角度姿态	6.47	8.97		
Mac:DA:3E:20:B6:30:BA传感器0	-0.38	-0.01	0.95	-0.06	-0.06	-3.17	5.38	9.12	101.41	相对角度姿态	5.38	9.12		
Mac:DA:3E:20:B6:30:BA传感器0	-0.16	0.10	1.03	-4.58	-4.58	-5.25	5.41	9.44	100.84	相对角度姿态	5.41	9.44		
Mac:DA:3E:20:B6:30:BA传感器0	-0.07	0.06	0.97	-2.93	-2.93	-5.68	4.69	9.64	99.67	相对角度姿态	4.69	9.64		
Mac:DA:3E:20:B6:30:BA传感器0	-0.02	0.08	0.97	-10.25	-10.25	0.00	4.20	8.20	99.29	相对角度姿态	4.20	8.20		
Mac:DA:3E:20:B6:30:BA传感器0	-0.07	0.09	0.97	0.31	0.31	5.55	4.00	7.66	99.20	相对角度姿态	4.00	7.66		
Mac:DA:3E:20:B6:30:BA传感器0	-0.11	0.09	0.96	0.00	0.00	2.26	4.06	7.54	99.32	相对角度姿态	4.06	7.54		
Mac:DA:3E:20:B6:30:BA传感器0	-0.08	0.08	0.98	1.59	1.59	0.31	4.25	7.52	99.05	相对角度姿态	4.25	7.52		
Mac:DA:3E:20:B6:30:BA传感器0	-0.08	0.06	0.95	-0.18	-0.18	0.85	4.29	7.28	98.77	相对角度姿态	4.29	7.28		
Mac:DA:3E:20:B6:30:BA传感器0	-0.09	0.08	0.97	-2.44	-2.44	-1.46	4.36	7.33	98.65	相对角度姿态	4.36	7.33		
Mac:DA:3E:20:B6:30:BA传感器0	-0.09	0.09	0.96	0.43	0.43	1.95	4.39	7.11	98.38	相对角度姿态	4.39	7.11		
Mac:DA:3E:20:B6:30:BA传感器0	-0.09	0.10	0.97	2.99	2.99	2.50	4.73	6.68	98.35	相对角度姿态	4.73	6.68		
Mac:DA:3E:20:B6:30:BA传感器0	-0.07	0.10	0.98	1.83	1.83	0.43	5.03	6.19	98.26	相对角度姿态	5.03	6.19		
Mac:DA:3E:20:B6:30:BA传感器0	-0.09	0.10	0.96	1.89	1.89	0.73	5.24	6.18	98.09	相对角度姿态	5.24	6.18		
Mac:DA:3E:20:B6:30:BA传感器0	-0.05	0.08	0.96	0.12	0.12	-1.40	5.03	5.89	97.81	相对角度姿态	5.03	5.89		
Mac:DA:3E:20:B6:30:BA传感器0	-0.07	0.10	0.98	-3.30	-3.30	0.43	5.06	5.86	97.70	相对角度姿态	5.06	5.86		
Mac:DA:3E:20:B6:30:BA传感器0	-0.09	0.11	0.95	2.99	2.99	1.59	5.10	5.84	97.62	相对角度姿态	5.10	5.84		
Mac:DA:3E:20:B6:30:BA传感器0	-0.08	0.10	0.96	0.18	0.18	-0.79	5.24	5.83	97.54	相对角度姿态	5.24	5.83		
Mac:DA:3E:20:B6:30:BA传感器0	-0.07	0.10	0.99	0.43	0.43	0.24	5.38	5.75	97.40	相对角度姿态	5.38	5.75		
Mac:DA:3E:20:B6:30:BA传感器0	-0.08	0.09	0.94	0.61	0.61	-0.79	5.23	5.84	97.19	相对角度姿态	5.23	5.84		
Mac:DA:3E:20:B6:30:BA传感器0	-0.08	0.11	0.96	0.12	0.12	-1.40	5.42	5.64	97.00	相对角度姿态	5.42	5.64		
Mac:DA:3E:20:B6:30:BA传感器0	-0.07	0.11	0.96	0.31	0.31	0.73	5.55	5.55	96.82	相对角度姿态	5.55	5.55		
Mac:DA:3E:20:B6:30:BA传感器0	-0.06	0.11	0.95	3.66	3.66	0.67	5.77	5.49	96.67	相对角度姿态	5.77	5.49		
Mac:DA:3E:20:B6:30:BA传感器0	-0.07	0.11	0.95	0.24	0.24	-0.73	5.99	5.52	96.51	相对角度姿态	5.99	5.52		
Mac:DA:3E:20:B6:30:BA传感器0	-0.08	0.12	0.96	4.70	4.70	0.31	6.35	5.55	96.41	相对角度姿态	6.35	5.55		
Mac:DA:3E:20:B6:30:BA传感器0	-0.06	0.12	0.94	4.27	4.27	0.61	6.66	5.39	96.25	相对角度姿态	6.66	5.39		
Mac:DA:3E:20:B6:30:BA传感器0	-0.07	0.13	0.95	4.27	4.27	2.44	7.12	5.29	96.24	相对角度姿态	7.12	5.29		
Mac:DA:3E:20:B6:30:BA传感器0	-0.08	0.13	0.96	3.36	3.36	-0.12	7.53	5.26	96.26	相对角度姿态	7.53	5.26		
Mac:DA:3E:20:B6:30:BA传感器0	-0.08	0.14	0.95	0.00	0.00	-1.22	7.76	5.31	96.19	相对角度姿态	7.76	5.31		
Mac:DA:3E:20:B6:30:BA传感器0	-0.07	0.16	0.97	2.81	2.81	0.67	8.10	5.23	96.07	相对角度姿态	8.10	5.23		
Mac:DA:3E:20:B6:30:BA传感器0	-0.10	0.13	0.95	8.54	8.54	0.37	8.41	5.33	95.95	相对角度姿态	8.41	5.33		
Mac:DA:3E:20:B6:30:BA传感器0	-0.10	0.16	1.06	20.69	20.69	-6.16	9.75	5.54	95.75	相对角度姿态	9.75	5.54		
Mac:DA:3E:20:B6:30:BA传感器0	-0.18	0.27	1.32	27.40	27.40	1.22	12.61	5.62	96.34	相对角度姿态	12.61	5.62		
Mac:DA:3E:20:B6:30:BA传感器0	-0.14	0.49	1.44	-22.83	-22.83	0.31	13.47	5.15	96.76	相对角度姿态	13.47	5.15		
Mac:DA:3E:20:B6:30:BA传感器0	-0.21	0.51	1.12	-55.30	-55.30	10.86	9.26	6.98	96.94	相对角度姿态	9.26	6.98		
Mac:DA:3E:20:B6:30:BA传感器0	-0.09	0.51	1.01	-67.75	-67.75	10.74	4.13	7.93	98.19	相对角度姿态	4.13	7.93		
Mac:DA:3E:20:B6:30:BA传感器0	0.00	-0.20	0.19	-89.05	-89.05	-56.40	-4.94	13.35	94.98	相对角度姿态	-4.94	13.35		
Mac:DA:3E:20:B6:30:BA传感器0	0.11	-0.57	0.33	-36.19	-36.19	40.77	-14.11	12.09	94.26	相对角度姿态	-14.11	12.09		
Mac:DA:3E:20:B6:30:BA传感器0	0.04	-0.32	0.95	-2.01	-2.01	-6.65	-14.05	10.02	95.36	相对角度姿态	-14.05	10.02		
Mac:DA:3E:20:B6:30:BA传感器0	-0.21	-0.11	1.10	9.46	9.46	8.30	-12.73	9.38	97.21	相对角度姿态	-12.73	9.38		
Mac:DA:3E:20:B6:30:BA传感器0	-0.25	-0.11	1.02	-2.56	-2.56	7.87	-12.10	10.24	97.46	相对角度姿态	-12.10	10.24		
Mac:DA:3E:20:B6:30:BA传感器0	-0.20	-0.15	0.97	-1.46	-1.46	3.48	-11.82	10.43	97.37	相对角度姿态	-11.82	10.43		
Mac:DA:3E:20:B6:30:BA传感器0	-0.22	-0.14	0.99	5.80	5.80	1.59	-11.23	10.59	97.70	相对角度姿态	-11.23	10.59		
Mac:DA:3E:20:B6:30:BA传感器0	-0.40	-0.14	0.99	8.73	8.73	-6.96	-10.71	10.93	98.14	相对角度姿态	-10.71	10.93		
Mac:DA:3E:20:B6:30:BA传感器0	-0.44	-0.08	0.98	2.99	2.99	-7.26	-10.37	11.25	97.36	相对角度姿态	-10.37	11.25		
Mac:DA:3E:20:B6:30:BA传感器0	-0.45	-0.01	0.98	3.78	3.78	11.90	-9.66	10.04	99.11	相对角度姿态	-9.66	10.04		
Mac:DA:3E:20:B6:30:BA传感器0	-0.59	0.09	0.77	-9.40	-9.40	-61.22	-9.73	10.86	96.47	相对角度姿态	-9.73	10.86		
Mac:DA:3E:20:B6:30:BA传感器0	-0.03	0.13	0.82	-4.58	-4.58	-178.65	-12.00	9.16	84.25	相对角度姿态	-12.00	9.16		
Mac:DA:3E:20:B6:30:BA传感器0	0.62	-0.23	1.32	11.90	11.90	-33.87	-10.60	5.28	72.05	相对角度姿态	-10.60	5.28		
Mac:DA:3E:20:B6:30:BA传感器0	0.18	-0.11	1.27	-11.84	-11.84	-26.18	-9.74	3.20	71.22	相对角度姿态	-9.74	3.20		
Mac:DA:3E:20:B6:30:BA传感器0	0.17	-0.25	1.05	-0.12	-0.12	-10.01	-11.11	1.36	70.82	相对角度姿态	-11.11	1.36		
Mac:DA:3E:20:B6:30:BA传感器0	-0.01	-0.31	0.96	-8.73	-8.73	-11.78	-12.22	0.83	71.25	相对角度姿态	-12.22	0.83		
Mac:DA:3E:20:B6:30:BA传感器0	-0.14	-0.21	1.02	10.74	10.74	-9.46	-11.96	1.87	71.45	相对角度姿态	-11.96	1.87		
Mac:DA:3E:20:B6:30:BA传感器0	-0.12	-0.23	0.97	-8.18	-8.18	-1.89	-11.80	2.51	71.49	相对角度姿态	-11.80	2.51		
Mac:DA:3E:20:B6:30:BA传感器0	0.00	-0.25	1.01	8.24	8.24	3.60	-11.49	1.84	72.20	相对角度姿态	-11.49	1.84		
Mac:DA:3E:20:B6:30:BA传感器0	0.10	-0.24	0.70	6.47	6.47	4.64	-11.43	1.69	73.32	相对角度姿态	-11.43	1.69		
Mac:DA:3E:20:B6:30:BA传感器0	0.28	-0.17	0.66	9.70	9.70	18.55	-11.40	-0.06	76.00	相对角度姿态	-11.40	-0.06		
Mac:DA:3E:20:B6:30:BA传感器0	0.45	-0.22	0.63	-9.16	-9.16	29.36	-11.79	-3.34	79.93	相对角度姿态	-11.79	-3.34		
Mac:DA:3E:20:B6:30:BA传感器0	0.13	0.52	1.21	94.54	94.54	67.99	-4.44	-1.17	85.12	相对角度姿态	-4.44	-1.17		
Mac:DA:3E:20:B6:30:BA传感器0	-0.43	0.40	1.23	46.33	46.33	76.23	2.04	2.33	92.18	相对角度姿态	2.04	2.33		
Mac:DA:3E:20:B6:30:BA传感器0	-0.88	0.20	1.31	4.15	4.15	32.90	7.30	6.97	97.88	相对角度姿态	7.30	6.97		
Mac:DA:3E:20:B6:30:BA传感器0	-0.20	0.07	0.96	-2.69	-2.69	9.16	6.17	7.13	99.13	相对角度姿态	6.17	7.13		
Mac:DA:3E:20:B6:30:BA传感器0	-0.20	0.07	0.96	-2.69	-2.69	9.16	6.17	7.13	99.13	相对角度姿态	6.17	7.13		
Mac:DA:3E:20:B6:30:BA传感器0	-0.10	0.15	0.98	1.46	1.46	12.33	6.59	7.24	99.71	相对角度姿态	6.59	7.24		
Mac:DA:3E:20:B6:30:BA传感器0	-0.11	0.11	0.94	-2.75	-2.75	5.19	6.53	7.86	100.27	相对角度姿态	6.53	7.86		
Mac:DA:3E:20:B6:30:BA传感器0	-0.12	0.11	0.93	-4.76	-4.76	4.52	6.50	7.61	100.34	相对角度姿态	6.50	7.61		
Mac:DA:3E:20:B6:30:BA传感器0	-0.17	0.13	0.92	-3.85	-3.85	2.01	6.50	7.68	100.63	相对角度姿态	6.50	7.68		
Mac:DA:3E:20:B6:30:BA传感器0	-0.11	0.12	0.97	0.24	0.24	0.73	6.65	7.42	100.52	相对角度姿态	6.65	7.42		
Mac:DA:3E:20:B6:30:BA传感器0	-0.14	0.14	0.97	-0.85	-0.85	0.06	6.66	7.40	100.41	相对角度姿态	6.66	7.40		
Mac:DA:3E:20:B6:30:BA传感器0	-0.13	0.14	0.95	-1.77	-1.77	-1.65	6.54	7.35	100.09	相对角度姿态	6.54	7.35		
Mac:DA:3E:20:B6:30:BA传感器0	-0.10	0.12	0.94	-1.22	-1.22	-1.77	6.44	7.04	99.60	相对角度姿态	6.44	7.04		
Mac:DA:3E:20:B6:30:BA传感器0	-0.09	0.12	0.96	1.89	1.89	0.55	6.46	6.75	99.32	相对角度姿态	6.46	6.75		
Mac:DA:3E:20:B6:30:BA传感器0	-0.10	0.13	0.95	-2.87	-2.87	0.06	6.53	6.57	99.11	相对角度姿态	6.53	6.57		
Mac:DA:3E:20:B6:30:BA传感器0	-0.12	0.13	0.96	-0.06	-0.06	0.06	6.57	6.69	98.93	相对角度姿态	6.57	6.69		
Mac:DA:3E:20:B6:30:BA传感器0	-0.09	0.13	0.96	-1.40	-1.40	-0.79	6.50	6.54	98.68	相对角度姿态	6.50	6.54		
Mac:DA:3E:20:B6:30:BA传感器0	-0.10	0.13	0.94	-1.83	-1.83	-1.16	6.40	6.43	98.45	相对角度姿态	6.40	6.43		
Mac:DA:3E:20:B6:30:BA传感器0	-0.11	0.13	0.94	-0.31	-0.31	-0.43	6.53	6.31	98.30	相对角度姿态	6.53	6.31		
Mac:DA:3E:20:B6:30:BA传感器0	-0.10	0.13	0.96	-0.37	-0.37	-0.12	6.57	6.26	98.16	相对角度姿态	6.57	6.26		
Mac:DA:3E:20:B6:30:BA传感器0	-0.09	0.13	0.97	-1.10	-1.10	0.73	6.58	6.16	98.10	相对角度姿态	6.58	6.16		
Mac:DA:3E:20:B6:30:BA传感器0	-0.11	0.14	0.95	0.06	0.06	0.24	6.56	6.20	98.11	相对角度姿态	6.56	6.20		
Mac:DA:3E:20:B6:30:BA传感器0	-0.11	0.13	0.96	0.00	0.00	0.18	6.59	6.13	98.00	相对角度姿态	6.59	6.13		
Mac:DA:3E:20:B6:30:BA传感器0	-0.09	0.13	0.96	1.46	1.46	0.24	6.56	6.12	97.89	相对角度姿态	6.56	6.12		
Mac:DA:3E:20:B6:30:BA传感器0	-0.08	0.13	0.96	0.37	0.37	0.92	6.58	6.08	97.83	相对角度姿态	6.58	6.08		
Mac:DA:3E:20:B6:30:BA传感器0	-0.08	0.13	0.96	1.10	1.10	0.98	6.58	6.10	97.77	相对角度姿态	6.58	6.10		
Mac:DA:3E:20:B6:30:BA传感器0	-0.09	0.13	0.97	0.55	0.55	2.87	6.65	6.18	97.78	相对角度姿态	6.65	6.18		
Mac:DA:3E:20:B6:30:BA传感器0	-0.11	0.14	0.96	-1.22	-1.22	1.04	6.69	6.24	97.84	相对角度姿态	6.69	6.24		
Mac:DA:3E:20:B6:30:BA传感器0	-0.11	0.12	0.96	1.16	1.16	-0.37	6.66	6.23	97.78	相对角度姿态	6.66	6.23		
Mac:DA:3E:20:B6:30:BA传感器0	-0.10	0.12	0.93	-2.08	-2.08	0.61	6.60	6.13	97.67	相对角度姿态	6.60	6.13		
Mac:DA:3E:20:B6:30:BA传感器0	-0.09	0.12	0.94	-1.53	-1.53	0.00	6.62	6.05	97.58	相对角度姿态	6.62	6.05		
Mac:DA:3E:20:B6:30:BA传感器0	-0.10	0.13	0.94	-1.16	-1.16	-0.73	6.88	6.02	97.51	相对角度姿态	6.88	6.02		
Mac:DA:3E:20:B6:30:BA传感器0	-0.08	0.12	0.99	4.33	4.33	0.79	7.19	6.03	97.48	相对角度姿态	7.19	6.03		
Mac:DA:3E:20:B6:30:BA传感器0	-0.20	0.20	1.16	-2.75	-2.75	7.20	8.27	8.64	99.38	相对角度姿态	8.27	8.64		
Mac:DA:3E:20:B6:30:BA传感器0	-0.20	0.20	1.16	-2.75	-2.75	7.20	8.27	8.64	99.38	相对角度姿态	8.27	8.64		
Mac:DA:3E:20:B6:30:BA传感器0	-0.30	0.20	1.13	-19.35	-19.35	0.06	7.04	10.04	100.22	相对角度姿态	7.04	10.04		
Mac:DA:3E:20:B6:30:BA传感器0	-0.30	0.11	1.04	-32.78	-32.78	-8.00	4.02	10.99	99.90	相对角度姿态	4.02	10.99		
Mac:DA:3E:20:B6:30:BA传感器0	-0.29	0.12	1.04	-28.69	-28.69	-15.50	0.77	11.52	98.83	相对角度姿态	0.77	11.52		
Mac:DA:3E:20:B6:30:BA传感器0	-0.20	0.02	1.00	-33.87	-33.87	-21.79	-3.18	12.67	96.80	相对角度姿态	-3.18	12.67		
Mac:DA:3E:20:B6:30:BA传感器0	-0.22	-0.01	0.87	-42.85	-42.85	-21.48	-7.25	14.04	94.47	相对角度姿态	-7.25	14.04		
Mac:DA:3E:20:B6:30:BA传感器0	-0.23	-0.16	0.79	-48.16	-48.16	-11.60	-11.74	13.14	92.94	相对角度姿态	-11.74	13.14		
Mac:DA:3E:20:B6:30:BA传感器0	-0.24	-0.23	0.85	-24.72	-24.72	-23.86	-15.33	11.51	91.68	相对角度姿态	-15.33	11.51		
Mac:DA:3E:20:B6:30:BA传感器0	-0.19	-0.27	0.86	-20.08	-20.08	-37.35	-17.80	11.18	88.78	相对角度姿态	-17.80	11.18		
Mac:DA:3E:20:B6:30:BA传感器0	-0.25	-0.30	0.82	3.11	3.11	-48.77	-19.34	11.00	84.69	相对角度姿态	-19.34	11.00		
Mac:DA:3E:20:B6:30:BA传感器0	-0.24	-0.31	0.91	10.99	10.99	-52.49	-20.21	8.99	80.95	相对角度姿态	-20.21	8.99		
Mac:DA:3E:20:B6:30:BA传感器0	-0.15	-0.32	0.84	1.71	1.71	-69.46	-20.50	6.77	75.96	相对角度姿态	-20.50	6.77		
Mac:DA:3E:20:B6:30:BA传感器0	-0.09	-0.40	0.79	17.03	17.03	-75.07	-21.48	5.23	69.85	相对角度姿态	-21.48	5.23		
Mac:DA:3E:20:B6:30:BA传感器0	-0.05	-0.35	0.80	32.29	32.29	-54.57	-20.02	4.92	64.51	相对角度姿态	-20.02	4.92		
Mac:DA:3E:20:B6:30:BA传感器0	-0.02	-0.33	0.80	21.06	21.06	-30.52	-17.91	4.99	61.54	相对角度姿态	-17.91	4.99		
Mac:DA:3E:20:B6:30:BA传感器0	-0.16	-0.21	0.99	48.28	48.28	-20.75	-14.13	5.32	60.22	相对角度姿态	-14.13	5.32		
Mac:DA:3E:20:B6:30:BA传感器0	-0.26	-0.12	1.06	50.60	50.60	-16.78	-10.04	5.64	59.37	相对角度姿态	-10.04	5.64		
Mac:DA:3E:20:B6:30:BA传感器0	-0.11	0.00	1.11	46.20	46.20	-19.04	-5.14	4.81	58.63	相对角度姿态	-5.14	4.81		
Mac:DA:3E:20:B6:30:BA传感器0	-0.09	0.01	1.06	53.77	53.77	22.83	-0.27	5.92	59.66	相对角度姿态	-0.27	5.92		
Mac:DA:3E:20:B6:30:BA传感器0	-0.18	0.06	1.06	44.25	44.25	18.86	4.37	7.61	62.51	相对角度姿态	4.37	7.61		
Mac:DA:3E:20:B6:30:BA传感器0	-0.25	0.15	1.06	25.27	25.27	18.49	8.50	8.09	65.30	相对角度姿态	8.50	8.09		
Mac:DA:3E:20:B6:30:BA传感器0	-0.27	0.24	1.00	27.47	27.47	27.34	11.40	7.76	68.34	相对角度姿态	11.40	7.76		
Mac:DA:3E:20:B6:30:BA传感器0	-0.17	0.20	0.93	18.19	18.19	3.42	13.40	7.40	70.29	相对角度姿态	13.40	7.40		
Mac:DA:3E:20:B6:30:BA传感器0	-0.22	0.22	0.89	51.57	51.57	22.28	16.51	6.87	72.36	相对角度姿态	16.51	6.87		
Mac:DA:3E:20:B6:30:BA传感器0	-0.15	0.34	0.87	28.50	28.50	45.53	21.58	5.75	77.06	相对角度姿态	21.58	5.75		
Mac:DA:3E:20:B6:30:BA传感器0	-0.04	0.42	0.92	10.50	10.50	51.82	23.26	5.05	82.17	相对角度姿态	23.26	5.05		
Mac:DA:3E:20:B6:30:BA传感器0	-0.10	0.48	0.89	-6.16	-6.16	49.38	24.02	6.21	88.29	相对角度姿态	24.02	6.21		
Mac:DA:3E:20:B6:30:BA传感器0	-0.15	0.40	0.81	-17.70	-17.70	45.04	23.29	6.83	93.50	相对角度姿态	23.29	6.83		
Mac:DA:3E:20:B6:30:BA传感器0	-0.16	0.41	0.85	-15.56	-15.56	50.90	22.47	7.33	98.45	相对角度姿态	22.47	7.33		
Mac:DA:3E:20:B6:30:BA传感器0	-0.20	0.38	0.95	-27.47	-27.47	43.03	21.19	7.22	103.16	相对角度姿态	21.19	7.22		
Mac:DA:3E:20:B6:30:BA传感器0	-0.25	0.36	0.97	-47.79	-47.79	30.88	18.45	8.26	107.00	相对角度姿态	18.45	8.26		
Mac:DA:3E:20:B6:30:BA传感器0	-0.25	0.28	0.95	-54.57	-54.57	15.32	14.23	9.70	109.15	相对角度姿态	14.23	9.70		
Mac:DA:3E:20:B6:30:BA传感器0	-0.18	0.17	0.91	-42.11	-42.11	8.85	10.00	10.09	109.45	相对角度姿态	10.00	10.09		
Mac:DA:3E:20:B6:30:BA传感器0	-0.18	0.14	0.82	-22.89	-22.89	-1.65	7.20	9.89	109.19	相对角度姿态	7.20	9.89		
Mac:DA:3E:20:B6:30:BA传感器0	-0.21	0.08	0.72	16.91	16.91	-41.02	6.06	11.71	106.71	相对角度姿态	6.06	11.71		
Mac:DA:3E:20:B6:30:BA传感器0	-0.07	0.05	0.87	-18.43	-18.43	-7.14	5.49	10.90	103.65	相对角度姿态	5.49	10.90		
Mac:DA:3E:20:B6:30:BA传感器0	-0.14	0.01	0.87	-12.94	-12.94	-0.43	3.84	10.89	102.71	相对角度姿态	3.84	10.89		
Mac:DA:3E:20:B6:30:BA传感器0	-0.09	0.05	0.96	2.75	2.75	2.50	3.39	10.07	102.15	相对角度姿态	3.39	10.07		
Mac:DA:3E:20:B6:30:BA传感器0	-0.11	0.04	0.97	-3.97	-3.97	-0.43	3.15	9.76	101.60	相对角度姿态	3.15	9.76		
Mac:DA:3E:20:B6:30:BA传感器0	-0.12	0.06	0.94	3.30	3.30	4.46	3.33	9.63	101.41	相对角度姿态	3.33	9.63		
Mac:DA:3E:20:B6:30:BA传感器0	-0.10	0.05	0.96	4.21	4.21	1.53	3.77	8.98	101.10	相对角度姿态	3.77	8.98		
Mac:DA:3E:20:B6:30:BA传感器0	-0.10	0.07	0.97	5.00	5.00	2.38	4.27	8.82	100.93	相对角度姿态	4.27	8.82		
Mac:DA:3E:20:B6:30:BA传感器0	-0.11	0.10	0.99	0.43	0.43	2.93	4.65	8.92	100.77	相对角度姿态	4.65	8.92		
Mac:DA:3E:20:B6:30:BA传感器0	-0.15	0.07	0.93	2.44	2.44	2.56	4.90	9.16	100.57	相对角度姿态	4.90	9.16		
Mac:DA:3E:20:B6:30:BA传感器0	-0.12	0.12	1.00	-2.20	-2.20	-2.87	5.27	8.83	100.37	相对角度姿态	5.27	8.83		
Mac:DA:3E:20:B6:30:BA传感器0	-0.11	0.10	0.96	2.08	2.08	-1.28	5.22	9.04	99.83	相对角度姿态	5.22	9.04		
Mac:DA:3E:20:B6:30:BA传感器0	-0.10	0.10	0.97	1.95	1.95	-0.73	5.34	8.92	99.44	相对角度姿态	5.34	8.92		
Mac:DA:3E:20:B6:30:BA传感器0	-0.12	0.10	0.95	0.49	0.49	1.22	5.23	8.88	99.32	相对角度姿态	5.23	8.88		
Mac:DA:3E:20:B6:30:BA传感器0	-0.14	0.09	0.94	-0.12	-0.12	0.06	5.32	8.99	99.23	相对角度姿态	5.32	8.99		
Mac:DA:3E:20:B6:30:BA传感器0	-0.13	0.10	0.94	0.92	0.92	-0.61	5.35	8.93	99.00	相对角度姿态	5.35	8.93		
Mac:DA:3E:20:B6:30:BA传感器0	-0.11	0.12	0.97	2.32	2.32	-1.40	5.64	8.68	98.69	相对角度姿态	5.64	8.68		
Mac:DA:3E:20:B6:30:BA传感器0	-0.13	0.09	0.94	-2.62	-2.62	-0.61	5.57	8.64	98.37	相对角度姿态	5.57	8.64		
Mac:DA:3E:20:B6:30:BA传感器0	-0.14	0.12	0.97	0.92	0.92	-0.37	5.68	8.66	98.13	相对角度姿态	5.68	8.66		
Mac:DA:3E:20:B6:30:BA传感器0	-0.12	0.11	0.97	-1.71	-1.71	-3.48	5.66	8.26	97.65	相对角度姿态	5.66	8.26		
Mac:DA:3E:20:B6:30:BA传感器0	-0.10	0.10	0.95	-0.31	-0.31	-2.38	5.45	8.16	97.25	相对角度姿态	5.45	8.16		
Mac:DA:3E:20:B6:30:BA传感器0	-0.12	0.13	0.95	11.60	11.60	-0.18	6.00	8.15	97.22	相对角度姿态	6.00	8.15		
Mac:DA:3E:20:B6:30:BA传感器0	-0.13	0.13	0.97	4.15	4.15	0.18	6.65	8.36	97.19	相对角度姿态	6.65	8.36		
Mac:DA:3E:20:B6:30:BA传感器0	-0.13	0.12	0.95	-1.59	-1.59	1.71	6.64	8.32	97.25	相对角度姿态	6.64	8.32		
Mac:DA:3E:20:B6:30:BA传感器0	-0.14	0.13	0.96	-1.34	-1.34	-1.28	6.58	8.47	97.22	相对角度姿态	6.58	8.47		
Mac:DA:3E:20:B6:30:BA传感器0	-0.12	0.11	0.93	0.73	0.73	-1.59	6.52	8.48	97.00	相对角度姿态	6.52	8.48		
Mac:DA:3E:20:B6:30:BA传感器0	-0.12	0.11	0.93	2.08	2.08	-0.61	6.58	8.47	96.84	相对角度姿态	6.58	8.47		
Mac:DA:3E:20:B6:30:BA传感器0	-0.14	0.12	0.94	-0.06	-0.06	-0.06	6.82	8.36	96.87	相对角度姿态	6.82	8.36		
Mac:DA:3E:20:B6:30:BA传感器0	-0.14	0.13	0.95	0.92	0.92	0.43	6.94	8.32	96.83	相对角度姿态	6.94	8.32		
Mac:DA:3E:20:B6:30:BA传感器0	-0.13	0.13	0.96	-3.36	-3.36	0.49	7.03	8.22	96.83	相对角度姿态	7.03	8.22		
Mac:DA:3E:20:B6:30:BA传感器0	-0.18	0.09	1.08	12.08	12.08	8.24	7.21	8.20	97.05	相对角度姿态	7.21	8.20		
Mac:DA:3E:20:B6:30:BA传感器0	-0.41	0.17	1.20	20.26	20.26	16.42	8.97	8.40	98.26	相对角度姿态	8.97	8.40		
Mac:DA:3E:20:B6:30:BA传感器0	-0.63	0.48	1.37	2.08	2.08	-4.39	11.69	9.22	98.73	相对角度姿态	11.69	9.22		
Mac:DA:3E:20:B6:30:BA传感器0	-0.08	0.77	1.44	-95.15	-95.15	-15.08	8.16	3.76	96.34	相对角度姿态	8.16	3.76		
Mac:DA:3E:20:B6:30:BA传感器0	0.29	-0.44	0.38	5.19	5.19	-57.98	-11.73	8.27	78.76	相对角度姿态	-11.73	8.27		
Mac:DA:3E:20:B6:30:BA传感器0	0.29	-0.44	0.38	5.19	5.19	-57.98	-11.73	8.27	78.76	相对角度姿态	-11.73	8.27		
Mac:DA:3E:20:B6:30:BA传感器0	0.25	-0.41	0.74	-29.36	-29.36	-14.34	-15.11	4.54	78.95	相对角度姿态	-15.11	4.54		
Mac:DA:3E:20:B6:30:BA传感器0	-0.11	-0.24	1.01	7.45	7.45	10.01	-15.78	3.82	79.64	相对角度姿态	-15.78	3.82		
Mac:DA:3E:20:B6:30:BA传感器0	-0.18	-0.27	1.00	-0.43	-0.43	0.49	-15.36	3.59	80.46	相对角度姿态	-15.36	3.59		
Mac:DA:3E:20:B6:30:BA传感器0	-0.14	-0.28	1.02	-4.15	-4.15	-1.34	-15.07	3.26	81.28	相对角度姿态	-15.07	3.26		
Mac:DA:3E:20:B6:30:BA传感器0	-0.23	-0.22	0.92	-4.09	-4.09	-0.06	-14.99	3.78	81.98	相对角度姿态	-14.99	3.78		
Mac:DA:3E:20:B6:30:BA传感器0	-0.29	-0.26	0.89	2.14	2.14	3.05	-15.18	3.49	82.84	相对角度姿态	-15.18	3.49		
Mac:DA:3E:20:B6:30:BA传感器0	-0.37	-0.31	0.75	4.21	4.21	-18.25	-15.31	4.35	82.38	相对角度姿态	-15.31	4.35		
Mac:DA:3E:20:B6:30:BA传感器0	-0.26	-0.19	0.76	34.12	34.12	-52.55	-13.70	4.23	79.22	相对角度姿态	-13.70	4.23		
Mac:DA:3E:20:B6:30:BA传感器0	-0.12	-0.13	0.61	54.08	54.08	-49.19	-10.38	5.43	75.00	相对角度姿态	-10.38	5.43		
Mac:DA:3E:20:B6:30:BA传感器0	-0.25	0.09	0.40	87.83	87.83	-34.91	-3.83	9.39	70.86	相对角度姿态	-3.83	9.39		
Mac:DA:3E:20:B6:30:BA传感器0	-0.06	0.59	1.79	82.34	82.34	-18.19	6.77	1.88	69.67	相对角度姿态	6.77	1.88		
Mac:DA:3E:20:B6:30:BA传感器0	0.09	0.35	1.48	48.03	48.03	-25.21	10.96	-1.59	66.58	相对角度姿态	10.96	-1.59		
Mac:DA:3E:20:B6:30:BA传感器0	0.07	0.12	1.06	-23.07	-23.07	-14.65	11.28	-0.72	66.10	相对角度姿态	11.28	-0.72		
Mac:DA:3E:20:B6:30:BA传感器0	-0.11	0.14	0.93	-18.68	-18.68	-7.63	9.71	-0.63	65.98	相对角度姿态	9.71	-0.63		
Mac:DA:3E:20:B6:30:BA传感器0	-0.11	0.16	0.98	-3.91	-3.91	-11.23	9.14	0.18	66.06	相对角度姿态	9.14	0.18		
Mac:DA:3E:20:B6:30:BA传感器0	0.08	0.15	1.01	-3.30	-3.30	-8.67	8.74	0.61	66.02	相对角度姿态	8.74	0.61		
Mac:DA:3E:20:B6:30:BA传感器0	0.35	0.20	0.93	-23.01	-23.01	8.36	6.89	-0.05	67.16	相对角度姿态	6.89	-0.05		
Mac:DA:3E:20:B6:30:BA传感器0	0.35	0.22	0.86	-19.78	-19.78	33.02	4.55	-0.85	70.05	相对角度姿态	4.55	-0.85		
Mac:DA:3E:20:B6:30:BA传感器0	0.34	0.23	0.93	-23.01	-23.01	81.85	2.83	-4.25	76.76	相对角度姿态	2.83	-4.25		
Mac:DA:3E:20:B6:30:BA传感器0	-0.47	0.31	0.87	-5.25	-5.25	112.61	2.67	-2.31	88.12	相对角度姿态	2.67	-2.31		
Mac:DA:3E:20:B6:30:BA传感器0	-0.96	0.13	0.84	12.82	12.82	86.67	4.32	3.24	98.38	相对角度姿态	4.32	3.24		
Mac:DA:3E:20:B6:30:BA传感器0	-0.55	0.03	0.92	18.86	18.86	23.44	6.80	7.76	103.24	相对角度姿态	6.80	7.76		
Mac:DA:3E:20:B6:30:BA传感器0	-0.32	0.11	0.99	-2.87	-2.87	7.08	8.33	10.35	104.46	相对角度姿态	8.33	10.35		
Mac:DA:3E:20:B6:30:BA传感器0	-0.24	0.13	0.91	4.58	4.58	-9.28	8.12	12.82	103.82	相对角度姿态	8.12	12.82		
Mac:DA:3E:20:B6:30:BA传感器0	-0.11	0.13	1.00	-4.21	-4.21	-2.99	8.23	12.66	102.86	相对角度姿态	8.23	12.66		
Mac:DA:3E:20:B6:30:BA传感器0	-0.13	0.12	0.91	-4.70	-4.70	3.23	7.92	12.54	102.29	相对角度姿态	7.92	12.54		
Mac:DA:3E:20:B6:30:BA传感器0	-0.15	0.15	0.94	1.95	1.95	-0.18	8.11	12.15	101.97	相对角度姿态	8.11	12.15		
Mac:DA:3E:20:B6:30:BA传感器0	-0.16	0.13	0.90	2.01	2.01	-1.53	8.22	12.06	101.49	相对角度姿态	8.22	12.06		
Mac:DA:3E:20:B6:30:BA传感器0	-0.14	0.15	0.94	4.21	4.21	-3.17	8.70	11.65	101.02	相对角度姿态	8.70	11.65		
Mac:DA:3E:20:B6:30:BA传感器0	-0.12	0.15	0.95	3.60	3.60	-0.37	8.95	11.21	100.58	相对角度姿态	8.95	11.21		
Mac:DA:3E:20:B6:30:BA传感器0	-0.16	0.15	0.94	-1.95	-1.95	0.06	9.07	11.17	100.36	相对角度姿态	9.07	11.17		
Mac:DA:3E:20:B6:30:BA传感器0	-0.18	0.17	0.93	1.53	1.53	-0.18	9.16	11.10	100.18	相对角度姿态	9.16	11.10		
Mac:DA:3E:20:B6:30:BA传感器0	-0.14	0.15	0.93	2.14	2.14	-1.71	9.26	10.91	99.76	相对角度姿态	9.26	10.91		
Mac:DA:3E:20:B6:30:BA传感器0	-0.15	0.17	0.92	2.62	2.62	-1.65	9.42	10.77	99.33	相对角度姿态	9.42	10.77		
Mac:DA:3E:20:B6:30:BA传感器0	-0.15	0.16	0.90	3.11	3.11	0.00	9.57	10.74	99.02	相对角度姿态	9.57	10.74		
Mac:DA:3E:20:B6:30:BA传感器0	-0.14	0.16	0.94	1.77	1.77	0.12	9.88	10.67	98.77	相对角度姿态	9.88	10.67		
Mac:DA:3E:20:B6:30:BA传感器0	-0.16	0.18	0.94	1.40	1.40	-0.06	10.07	10.73	98.55	相对角度姿态	10.07	10.73		
Mac:DA:3E:20:B6:30:BA传感器0	-0.16	0.18	0.91	0.43	0.43	-0.67	10.11	10.66	98.30	相对角度姿态	10.11	10.66		
Mac:DA:3E:20:B6:30:BA传感器0	-0.14	0.18	0.90	1.46	1.46	-0.85	10.11	10.56	98.00	相对角度姿态	10.11	10.56		
Mac:DA:3E:20:B6:30:BA传感器0	-0.15	0.17	0.92	1.46	1.46	0.31	10.29	10.63	97.82	相对角度姿态	10.29	10.63		
Mac:DA:3E:20:B6:30:BA传感器0	-0.17	0.18	0.92	0.55	0.55	0.79	10.43	10.70	97.70	相对角度姿态	10.43	10.70		
Mac:DA:3E:20:B6:30:BA传感器0	-0.12	0.19	0.92	4.46	4.46	-1.04	10.56	10.18	97.37	相对角度姿态	10.56	10.18		
Mac:DA:3E:20:B6:30:BA传感器0	-0.16	0.20	0.92	0.18	0.18	-1.46	11.10	10.17	97.17	相对角度姿态	11.10	10.17		
Mac:DA:3E:20:B6:30:BA传感器0	-0.16	0.21	0.92	4.15	4.15	0.92	11.48	10.23	97.10	相对角度姿态	11.48	10.23		
Mac:DA:3E:20:B6:30:BA传感器0	-0.17	0.20	0.92	4.94	4.94	0.06	11.93	10.43	97.05	相对角度姿态	11.93	10.43		
Mac:DA:3E:20:B6:30:BA传感器0	-0.19	0.20	0.89	9.40	9.40	-3.11	12.62	10.76	96.94	相对角度姿态	12.62	10.76		
Mac:DA:3E:20:B6:30:BA传感器0	-0.18	0.20	0.98	7.63	7.63	-0.61	13.41	10.90	96.86	相对角度姿态	13.41	10.90		
Mac:DA:3E:20:B6:30:BA传感器0	-0.17	0.28	1.33	-6.77	-6.77	-5.55	13.38	10.20	96.70	相对角度姿态	13.38	10.20		
Mac:DA:3E:20:B6:30:BA传感器0	-0.35	0.50	1.49	-33.45	-33.45	24.96	12.60	10.37	97.50	相对角度姿态	12.60	10.37		
Mac:DA:3E:20:B6:30:BA传感器0	-0.24	0.66	1.24	-35.10	-35.10	-6.96	10.65	8.37	98.45	相对角度姿态	10.65	8.37		
Mac:DA:3E:20:B6:30:BA传感器0	-0.24	0.41	0.65	-78.49	-78.49	-55.48	4.62	11.65	96.31	相对角度姿态	4.62	11.65		
Mac:DA:3E:20:B6:30:BA传感器0	0.01	-0.24	0.18	-50.84	-50.84	-46.88	-5.22	16.08	90.20	相对角度姿态	-5.22	16.08		
Mac:DA:3E:20:B6:30:BA传感器0	-0.00	-0.36	0.56	3.54	3.54	19.90	-11.86	12.86	91.42	相对角度姿态	-11.86	12.86		
Mac:DA:3E:20:B6:30:BA传感器0	-0.04	-0.30	0.86	11.66	11.66	11.05	-12.11	12.02	92.43	相对角度姿态	-12.11	12.02		
Mac:DA:3E:20:B6:30:BA传感器0	-0.15	-0.14	1.00	-5.74	-5.74	0.31	-10.54	12.22	93.65	相对角度姿态	-10.54	12.22		
Mac:DA:3E:20:B6:30:BA传感器0	-0.37	-0.13	0.95	0.37	0.37	18.31	-9.84	13.39	94.44	相对角度姿态	-9.84	13.39		
Mac:DA:3E:20:B6:30:BA传感器0	-0.42	-0.05	1.03	-1.65	-1.65	10.62	-8.64	13.33	96.30	相对角度姿态	-8.64	13.33		
Mac:DA:3E:20:B6:30:BA传感器0	-0.51	-0.01	0.97	-9.03	-9.03	19.96	-8.22	13.18	97.33	相对角度姿态	-8.22	13.18		
Mac:DA:3E:20:B6:30:BA传感器0	-0.72	-0.02	0.84	-8.73	-8.73	-9.22	-9.61	13.50	97.57	相对角度姿态	-9.61	13.50		
Mac:DA:3E:20:B6:30:BA传感器0	-0.72	0.32	1.00	-29.54	-29.54	-52.43	-9.97	9.34	95.01	相对角度姿态	-9.97	9.34		
Mac:DA:3E:20:B6:30:BA传感器0	0.20	0.18	0.64	-32.17	-32.17	-210.45	-13.31	-0.24	84.03	相对角度姿态	-13.31	-0.24		
Mac:DA:3E:20:B6:30:BA传感器0	1.04	-0.31	1.28	14.65	14.65	3.60	-10.17	-4.76	70.76	相对角度姿态	-10.17	-4.76		
Mac:DA:3E:20:B6:30:BA传感器0	0.43	-0.19	1.11	-13.61	-13.61	-31.86	-8.39	-3.94	69.49	相对角度姿态	-8.39	-3.94		
Mac:DA:3E:20:B6:30:BA传感器0	0.11	-0.16	1.16	25.51	25.51	-0.31	-9.05	-4.94	69.27	相对角度姿态	-9.05	-4.94		
Mac:DA:3E:20:B6:30:BA传感器0	0.00	-0.22	1.05	-6.90	-6.90	-19.23	-9.22	-4.94	69.60	相对角度姿态	-9.22	-4.94		
Mac:DA:3E:20:B6:30:BA传感器0	-0.07	-0.17	0.97	-5.62	-5.62	-12.70	-9.41	-4.09	69.52	相对角度姿态	-9.41	-4.09		
Mac:DA:3E:20:B6:30:BA传感器0	-0.04	-0.15	0.99	7.75	7.75	-10.44	-9.53	-3.42	69.43	相对角度姿态	-9.53	-3.42		
Mac:DA:3E:20:B6:30:BA传感器0	0.24	-0.33	0.87	10.25	10.25	-14.34	-9.59	-2.31	68.52	相对角度姿态	-9.59	-2.31		
Mac:DA:3E:20:B6:30:BA传感器0	0.28	-0.30	0.57	21.97	21.97	23.93	-11.23	-2.43	70.45	相对角度姿态	-11.23	-2.43		
Mac:DA:3E:20:B6:30:BA传感器0	0.43	0.08	0.94	18.31	18.31	37.72	-7.71	-3.09	74.85	相对角度姿态	-7.71	-3.09		
Mac:DA:3E:20:B6:30:BA传感器0	0.63	0.12	0.77	14.53	14.53	48.95	-6.10	-4.51	80.03	相对角度姿态	-6.10	-4.51		
Mac:DA:3E:20:B6:30:BA传感器0	0.53	0.33	0.75	66.04	66.04	105.71	-0.22	-2.29	87.69	相对角度姿态	-0.22	-2.29		
Mac:DA:3E:20:B6:30:BA传感器0	-0.95	1.01	1.22	55.05	55.05	149.23	7.50	-0.60	101.68	相对角度姿态	7.50	-0.60		
Mac:DA:3E:20:B6:30:BA传感器0	-1.03	0.38	1.57	20.57	20.57	-0.92	14.46	3.51	107.69	相对角度姿态	14.46	3.51		
Mac:DA:3E:20:B6:30:BA传感器0	-0.40	0.06	1.10	-16.60	-16.60	-14.16	13.37	6.14	106.61	相对角度姿态	13.37	6.14		
Mac:DA:3E:20:B6:30:BA传感器0	-0.09	0.12	0.86	-4.52	-4.52	-2.20	11.46	7.26	105.08	相对角度姿态	11.46	7.26		
Mac:DA:3E:20:B6:30:BA传感器0	-0.10	0.20	0.90	-4.70	-4.70	-0.79	11.30	7.78	104.82	相对角度姿态	11.30	7.78		
Mac:DA:3E:20:B6:30:BA传感器0	-0.05	0.18	0.92	2.69	2.69	2.93	11.43	8.10	104.53	相对角度姿态	11.43	8.10		
Mac:DA:3E:20:B6:30:BA传感器0	-0.15	0.22	0.88	-1.22	-1.22	3.23	11.90	9.20	104.86	相对角度姿态	11.90	9.20		
Mac:DA:3E:20:B6:30:BA传感器0	-0.15	0.20	0.90	-0.55	-0.55	-0.06	11.94	8.70	104.46	相对角度姿态	11.94	8.70		
Mac:DA:3E:20:B6:30:BA传感器0	-0.15	0.22	0.96	-2.14	-2.14	3.05	11.91	7.73	104.09	相对角度姿态	11.91	7.73		
Mac:DA:3E:20:B6:30:BA传感器0	-0.12	0.18	0.88	-1.16	-1.16	-2.99	11.34	7.54	103.65	相对角度姿态	11.34	7.54		
Mac:DA:3E:20:B6:30:BA传感器0	-0.12	0.18	0.89	0.98	0.98	-1.22	11.32	7.60	103.10	相对角度姿态	11.32	7.60		
Mac:DA:3E:20:B6:30:BA传感器0	-0.14	0.21	0.95	4.52	4.52	1.65	11.54	7.45	102.90	相对角度姿态	11.54	7.45		
Mac:DA:3E:20:B6:30:BA传感器0	-0.14	0.19	0.89	-5.86	-5.86	-4.52	11.72	7.94	102.37	相对角度姿态	11.72	7.94		
Mac:DA:3E:20:B6:30:BA传感器0	-0.10	0.20	0.90	-3.11	-3.11	-1.53	11.42	7.43	101.69	相对角度姿态	11.42	7.43		
Mac:DA:3E:20:B6:30:BA传感器0	-0.14	0.22	0.92	6.04	6.04	-4.64	11.77	7.94	101.21	相对角度姿态	11.77	7.94		
Mac:DA:3E:20:B6:30:BA传感器0	-0.13	0.20	0.92	1.34	1.34	1.34	11.76	7.64	101.09	相对角度姿态	11.76	7.64		
Mac:DA:3E:20:B6:30:BA传感器0	-0.16	0.20	0.89	-1.16	-1.16	0.12	11.74	7.78	101.19	相对角度姿态	11.74	7.78		
Mac:DA:3E:20:B6:30:BA传感器0	-0.12	0.19	0.90	-1.34	-1.34	0.00	11.63	7.53	100.98	相对角度姿态	11.63	7.53		
Mac:DA:3E:20:B6:30:BA传感器0	-0.13	0.20	0.91	-1.04	-1.04	0.00	11.66	7.53	100.85	相对角度姿态	11.66	7.53		
Mac:DA:3E:20:B6:30:BA传感器0	-0.11	0.19	0.92	0.00	0.00	0.55	11.73	7.57	100.75	相对角度姿态	11.73	7.57		
Mac:DA:3E:20:B6:30:BA传感器0	-0.18	0.22	0.90	-4.03	-4.03	1.46	12.12	8.49	100.85	相对角度姿态	12.12	8.49		
Mac:DA:3E:20:B6:30:BA传感器0	-0.14	0.23	0.93	0.43	0.43	1.04	12.14	8.15	100.77	相对角度姿态	12.14	8.15		
Mac:DA:3E:20:B6:30:BA传感器0	-0.14	0.21	0.90	1.34	1.34	-0.85	11.99	8.14	100.60	相对角度姿态	11.99	8.14		
Mac:DA:3E:20:B6:30:BA传感器0	-0.12	0.20	0.92	-1.34	-1.34	-0.43	12.06	7.82	100.15	相对角度姿态	12.06	7.82		
Mac:DA:3E:20:B6:30:BA传感器0	-0.12	0.20	0.92	-1.34	-1.34	-0.43	12.06	7.82	100.15	相对角度姿态	12.06	7.82		
Mac:DA:3E:20:B6:30:BA传感器0	-0.12	0.21	0.91	1.71	1.71	0.79	12.05	7.59	100.04	相对角度姿态	12.05	7.59		
Mac:DA:3E:20:B6:30:BA传感器0	-0.13	0.21	0.90	-0.49	-0.49	0.00	12.10	7.48	99.96	相对角度姿态	12.10	7.48		
Mac:DA:3E:20:B6:30:BA传感器0	-0.12	0.20	0.92	0.00	0.00	-0.06	12.24	7.40	99.84	相对角度姿态	12.24	7.40		
Mac:DA:3E:20:B6:30:BA传感器0	-0.12	0.20	0.91	-0.79	-0.79	-0.06	12.28	7.36	99.77	相对角度姿态	12.28	7.36		
Mac:DA:3E:20:B6:30:BA传感器0	-0.13	0.21	0.90	-0.18	-0.18	0.18	12.52	7.38	99.67	相对角度姿态	12.52	7.38		
Mac:DA:3E:20:B6:30:BA传感器0	-0.13	0.21	0.90	-0.18	-0.18	0.18	12.52	7.38	99.67	相对角度姿态	12.52	7.38		
Mac:DA:3E:20:B6:30:BA传感器0	-0.12	0.21	0.89	0.49	0.49	0.43	12.67	7.30	99.61	相对角度姿态	12.67	7.30		
Mac:DA:3E:20:B6:30:BA传感器0	-0.11	0.22	0.89	0.24	0.24	-1.59	12.84	7.42	99.52	相对角度姿态	12.84	7.42		
Mac:DA:3E:20:B6:30:BA传感器0	-0.12	0.23	0.90	1.28	1.28	0.55	13.15	7.44	99.52	相对角度姿态	13.15	7.44		
Mac:DA:3E:20:B6:30:BA传感器0	-0.12	0.24	0.92	0.06	0.06	1.89	13.61	7.38	99.55	相对角度姿态	13.61	7.38		
Mac:DA:3E:20:B6:30:BA传感器0	-0.17	0.26	0.92	-0.98	-0.98	0.98	14.37	8.01	99.66	相对角度姿态	14.37	8.01		
Mac:DA:3E:20:B6:30:BA传感器0	-0.23	0.28	1.08	21.18	21.18	-0.12	15.31	8.39	99.55	相对角度姿态	15.31	8.39		
Mac:DA:3E:20:B6:30:BA传感器0	-0.37	0.40	1.27	60.91	60.91	-9.40	18.19	9.67	99.28	相对角度姿态	18.19	9.67		
Mac:DA:3E:20:B6:30:BA传感器0	-0.32	0.63	1.24	31.25	31.25	-22.58	22.90	10.49	97.71	相对角度姿态	22.90	10.49		
Mac:DA:3E:20:B6:30:BA传感器0	-0.29	0.68	1.09	-54.20	-54.20	-4.94	21.67	10.54	95.93	相对角度姿态	21.67	10.54		
Mac:DA:3E:20:B6:30:BA传感器0	-0.25	0.63	0.77	-103.58	-103.58	4.46	14.64	8.71	96.64	相对角度姿态	14.64	8.71		
Mac:DA:3E:20:B6:30:BA传感器0	-0.09	0.12	0.25	-112.24	-112.24	-56.46	4.89	11.85	93.88	相对角度姿态	4.89	11.85		
Mac:DA:3E:20:B6:30:BA传感器0	0.08	-0.51	0.23	-0.43	-0.43	-17.82	-7.17	14.50	87.98	相对角度姿态	-7.17	14.50		
Mac:DA:3E:20:B6:30:BA传感器0	-0.13	-0.18	0.85	3.54	3.54	26.25	-7.64	11.81	92.17	相对角度姿态	-7.64	11.81		
Mac:DA:3E:20:B6:30:BA传感器0	-0.16	-0.14	0.95	3.23	3.23	25.94	-7.93	11.06	93.28	相对角度姿态	-7.93	11.06		
Mac:DA:3E:20:B6:30:BA传感器0	-0.24	-0.11	0.94	-4.03	-4.03	-0.79	-7.62	11.22	94.69	相对角度姿态	-7.62	11.22		
Mac:DA:3E:20:B6:30:BA传感器0	-0.27	-0.03	1.02	1.89	1.89	8.73	-7.16	11.66	95.48	相对角度姿态	-7.16	11.66		
Mac:DA:3E:20:B6:30:BA传感器0	-0.32	-0.08	0.95	-6.41	-6.41	1.04	-7.47	11.82	96.02	相对角度姿态	-7.47	11.82		
Mac:DA:3E:20:B6:30:BA传感器0	-0.43	-0.02	1.00	3.54	3.54	6.47	-7.11	11.17	97.40	相对角度姿态	-7.11	11.17		
Mac:DA:3E:20:B6:30:BA传感器0	-0.44	-0.02	1.01	-13.79	-13.79	-9.58	-6.93	11.10	96.98	相对角度姿态	-6.93	11.10		
Mac:DA:3E:20:B6:30:BA传感器0	-0.61	0.03	0.93	-10.44	-10.44	-13.18	-8.78	10.65	95.99	相对角度姿态	-8.78	10.65		
Mac:DA:3E:20:B6:30:BA传感器0	-0.53	0.06	0.76	-16.60	-16.60	-84.47	-10.39	9.20	91.35	相对角度姿态	-10.39	9.20		
Mac:DA:3E:20:B6:30:BA传感器0	0.09	0.01	0.97	14.59	14.59	-67.32	-10.49	6.05	83.18	相对角度姿态	-10.49	6.05		
Mac:DA:3E:20:B6:30:BA传感器0	0.32	-0.15	1.05	7.87	7.87	-76.48	-11.10	2.59	78.59	相对角度姿态	-11.10	2.59		
Mac:DA:3E:20:B6:30:BA传感器0	0.49	-0.32	1.15	3.91	3.91	-30.33	-10.75	1.02	73.58	相对角度姿态	-10.75	1.02		
Mac:DA:3E:20:B6:30:BA传感器0	0.19	-0.25	1.16	23.86	23.86	-24.29	-9.62	-1.01	73.06	相对角度姿态	-9.62	-1.01		
Mac:DA:3E:20:B6:30:BA传感器0	-0.06	-0.13	1.15	-20.14	-20.14	5.49	-9.27	-1.56	73.71	相对角度姿态	-9.27	-1.56		
Mac:DA:3E:20:B6:30:BA传感器0	-0.07	-0.16	1.05	2.75	2.75	-1.04	-10.64	-1.54	74.69	相对角度姿态	-10.64	-1.54		
Mac:DA:3E:20:B6:30:BA传感器0	-0.01	-0.27	0.94	7.02	7.02	-8.79	-11.49	-0.71	74.71	相对角度姿态	-11.49	-0.71		
Mac:DA:3E:20:B6:30:BA传感器0	-0.17	-0.24	0.79	-12.51	-12.51	-5.37	-11.58	0.52	74.88	相对角度姿态	-11.58	0.52		
Mac:DA:3E:20:B6:30:BA传感器0	-0.04	-0.34	0.59	8.85	8.85	-16.91	-12.72	0.17	74.54	相对角度姿态	-12.72	0.17		
Mac:DA:3E:20:B6:30:BA传感器0	-0.02	-0.19	0.50	31.68	31.68	-1.53	-11.76	0.75	74.80	相对角度姿态	-11.76	0.75		
Mac:DA:3E:20:B6:30:BA传感器0	-0.05	0.11	0.68	56.09	56.09	-21.00	-6.71	0.60	74.23	相对角度姿态	-6.71	0.60		
Mac:DA:3E:20:B6:30:BA传感器0	-0.01	0.23	1.41	61.95	61.95	-25.15	-0.03	-3.58	72.12	相对角度姿态	-0.03	-3.58		
Mac:DA:3E:20:B6:30:BA传感器0	-0.04	0.16	1.82	48.10	48.10	-14.53	7.02	-4.67	70.70	相对角度姿态	7.02	-4.67		
Mac:DA:3E:20:B6:30:BA传感器0	-0.09	0.18	1.34	-3.30	-3.30	-4.58	9.43	-3.34	71.13	相对角度姿态	9.43	-3.34		
Mac:DA:3E:20:B6:30:BA传感器0	-0.08	0.16	0.98	-21.97	-21.97	-10.38	8.67	-1.80	71.42	相对角度姿态	8.67	-1.80		
Mac:DA:3E:20:B6:30:BA传感器0	0.04	0.05	0.90	-7.75	-7.75	-1.53	6.56	-2.85	71.00	相对角度姿态	6.56	-2.85		
Mac:DA:3E:20:B6:30:BA传感器0	0.31	0.16	1.05	-11.66	-11.66	5.55	5.48	-2.81	72.73	相对角度姿态	5.48	-2.81		
Mac:DA:3E:20:B6:30:BA传感器0	0.31	0.16	1.05	-11.66	-11.66	5.55	5.48	-2.81	72.73	相对角度姿态	5.48	-2.81		
Mac:DA:3E:20:B6:30:BA传感器0	0.52	0.04	0.90	-26.67	-26.67	58.04	3.72	-3.36	76.10	相对角度姿态	3.72	-3.36		
Mac:DA:3E:20:B6:30:BA传感器0	0.32	0.30	1.14	-20.02	-20.02	85.21	2.76	-2.46	84.26	相对角度姿态	2.76	-2.46		
Mac:DA:3E:20:B6:30:BA传感器0	0.11	0.29	0.80	-32.90	-32.90	78.86	0.74	-1.43	91.44	相对角度姿态	0.74	-1.43		
Mac:DA:3E:20:B6:30:BA传感器0	-0.51	0.19	0.75	17.27	17.27	101.81	1.34	0.04	100.62	相对角度姿态	1.34	0.04		
Mac:DA:3E:20:B6:30:BA传感器0	-0.77	0.16	0.95	29.17	29.17	42.85	5.40	4.88	108.53	相对角度姿态	5.40	4.88		
Mac:DA:3E:20:B6:30:BA传感器0	-0.28	0.01	1.06	22.58	22.58	3.66	7.19	9.08	110.04	相对角度姿态	7.19	9.08		
Mac:DA:3E:20:B6:30:BA传感器0	-0.16	0.10	1.01	-0.43	-0.43	-2.32	7.56	10.85	109.97	相对角度姿态	7.56	10.85		
Mac:DA:3E:20:B6:30:BA传感器0	-0.17	0.12	0.95	-4.46	-4.46	-5.07	7.31	11.91	109.33	相对角度姿态	7.31	11.91		
Mac:DA:3E:20:B6:30:BA传感器0	-0.09	0.11	0.95	0.00	0.00	-2.99	6.73	11.17	108.29	相对角度姿态	6.73	11.17		
Mac:DA:3E:20:B6:30:BA传感器0	-0.08	0.11	0.95	0.79	0.79	-0.55	6.52	10.61	107.47	相对角度姿态	6.52	10.61		
Mac:DA:3E:20:B6:30:BA传感器0	-0.10	0.12	0.97	-2.75	-2.75	-0.37	6.38	9.65	106.78	相对角度姿态	6.38	9.65		
Mac:DA:3E:20:B6:30:BA传感器0	-0.08	0.10	0.95	1.28	1.28	0.61	6.11	9.29	106.14	相对角度姿态	6.11	9.29		
Mac:DA:3E:20:B6:30:BA传感器0	-0.10	0.12	0.97	5.92	5.92	-0.31	6.52	9.73	105.76	相对角度姿态	6.52	9.73		
Mac:DA:3E:20:B6:30:BA传感器0	-0.10	0.09	0.94	0.24	0.24	1.04	6.33	9.53	105.19	相对角度姿态	6.33	9.53		
Mac:DA:3E:20:B6:30:BA传感器0	-0.11	0.09	0.94	-3.05	-3.05	1.95	6.11	9.11	105.03	相对角度姿态	6.11	9.11		
Mac:DA:3E:20:B6:30:BA传感器0	-0.11	0.10	0.97	-3.17	-3.17	-0.61	6.05	8.75	104.71	相对角度姿态	6.05	8.75		
Mac:DA:3E:20:B6:30:BA传感器0	-0.10	0.10	0.95	-4.76	-4.76	-1.83	5.95	8.46	104.25	相对角度姿态	5.95	8.46		
Mac:DA:3E:20:B6:30:BA传感器0	-0.10	0.11	0.96	-5.00	-5.00	-1.28	5.74	8.13	103.80	相对角度姿态	5.74	8.13		
Mac:DA:3E:20:B6:30:BA传感器0	-0.08	0.11	0.98	-0.73	-0.73	1.04	5.72	7.77	103.47	相对角度姿态	5.72	7.77		
Mac:DA:3E:20:B6:30:BA传感器0	-0.11	0.12	0.97	0.24	0.24	4.15	5.70	7.72	103.34	相对角度姿态	5.70	7.72		
Mac:DA:3E:20:B6:30:BA传感器0	-0.10	0.10	0.96	1.40	1.40	-1.16	5.59	7.54	103.22	相对角度姿态	5.59	7.54		
Mac:DA:3E:20:B6:30:BA传感器0	-0.08	0.10	0.98	2.62	2.62	-0.43	5.45	7.23	102.82	相对角度姿态	5.45	7.23		
Mac:DA:3E:20:B6:30:BA传感器0	-0.08	0.10	0.94	-0.37	-0.37	-0.79	5.45	7.23	102.54	相对角度姿态	5.45	7.23		
Mac:DA:3E:20:B6:30:BA传感器0	-0.08	0.10	0.95	-1.10	-1.10	0.24	5.62	7.12	102.34	相对角度姿态	5.62	7.12		
Mac:DA:3E:20:B6:30:BA传感器0	-0.08	0.10	0.96	0.55	0.55	0.18	5.58	7.05	102.15	相对角度姿态	5.58	7.05		
Mac:DA:3E:20:B6:30:BA传感器0	-0.08	0.11	0.98	-0.43	-0.43	1.46	5.61	6.88	101.98	相对角度姿态	5.61	6.88		
Mac:DA:3E:20:B6:30:BA传感器0	-0.10	0.12	0.96	-0.43	-0.43	-0.18	5.54	6.76	101.84	相对角度姿态	5.54	6.76		
Mac:DA:3E:20:B6:30:BA传感器0	-0.10	0.11	0.97	1.53	1.53	0.31	5.58	6.61	101.63	相对角度姿态	5.58	6.61		
Mac:DA:3E:20:B6:30:BA传感器0	-0.08	0.12	0.97	-0.55	-0.55	-0.79	5.63	6.59	101.41	相对角度姿态	5.63	6.59		
Mac:DA:3E:20:B6:30:BA传感器0	-0.09	0.11	0.97	2.08	2.08	1.16	5.66	6.51	101.26	相对角度姿态	5.66	6.51		
Mac:DA:3E:20:B6:30:BA传感器0	-0.10	0.11	0.99	5.00	5.00	2.01	5.80	6.15	101.20	相对角度姿态	5.80	6.15		
Mac:DA:3E:20:B6:30:BA传感器0	-0.08	0.09	0.92	-1.34	-1.34	-2.50	5.78	6.58	100.95	相对角度姿态	5.78	6.58		
Mac:DA:3E:20:B6:30:BA传感器0	-0.07	0.12	0.97	-0.79	-0.79	0.43	5.93	6.41	100.70	相对角度姿态	5.93	6.41		
Mac:DA:3E:20:B6:30:BA传感器0	-0.08	0.11	0.95	-2.20	-2.20	1.95	6.27	6.31	100.70	相对角度姿态	6.27	6.31		
Mac:DA:3E:20:B6:30:BA传感器0	-0.08	0.11	0.95	-1.71	-1.71	0.67	6.26	6.14	100.68	相对角度姿态	6.26	6.14		
Mac:DA:3E:20:B6:30:BA传感器0	-0.10	0.13	0.96	0.12	0.12	0.18	6.38	6.24	100.66	相对角度姿态	6.38	6.24		
Mac:DA:3E:20:B6:30:BA传感器0	-0.10	0.11	0.95	-1.65	-1.65	1.10	6.40	6.21	100.61	相对角度姿态	6.40	6.21		
Mac:DA:3E:20:B6:30:BA传感器0	-0.10	0.13	0.96	-0.61	-0.61	2.20	6.54	6.11	100.77	相对角度姿态	6.54	6.11		
Mac:DA:3E:20:B6:30:BA传感器0	-0.11	0.13	0.97	-0.98	-0.98	0.00	6.70	6.19	100.77	相对角度姿态	6.70	6.19		
Mac:DA:3E:20:B6:30:BA传感器0	-0.10	0.12	0.93	-0.73	-0.73	-0.73	6.61	6.23	100.64	相对角度姿态	6.61	6.23		
Mac:DA:3E:20:B6:30:BA传感器0	-0.08	0.12	0.96	1.40	1.40	-0.24	6.63	6.09	100.49	相对角度姿态	6.63	6.09		
Mac:DA:3E:20:B6:30:BA传感器0	-0.09	0.12	0.94	0.79	0.79	-0.49	6.67	6.01	100.37	相对角度姿态	6.67	6.01		
Mac:DA:3E:20:B6:30:BA传感器0	-0.08	0.12	0.93	2.32	2.32	0.12	6.78	5.91	100.31	相对角度姿态	6.78	5.91		
