开始时间：2020年08月06日 14:39:12 
传感器1	加速度X	加速度Y	加速度Z	角速度X	角速度Y	角速度Z	角度X	角度Y	角度Z	传感器2	加速度X	加速度Y	加速度Z	角速度X	角速度Y	角速度Z	角度X	角度Y	角度Z	相对姿态角度	角度X	角度Y	
Mac:DA:3E:20:B6:30:BA传感器0	-0.01	-0.00	1.00	-1.65	-1.65	-1.95	-0.05	0.67	96.84	相对角度姿态	-0.05	0.67		
Mac:DA:3E:20:B6:30:BA传感器0	-0.00	-0.01	0.97	-1.65	-1.65	-2.69	-0.23	0.81	96.65	相对角度姿态	-0.23	0.81		
Mac:DA:3E:20:B6:30:BA传感器0	0.01	0.00	1.04	-2.20	-2.20	1.89	-0.14	0.42	96.62	相对角度姿态	-0.14	0.42		
Mac:DA:3E:20:B6:30:BA传感器0	-0.01	-0.01	1.01	-1.04	-1.04	0.00	-0.47	0.38	96.69	相对角度姿态	-0.47	0.38		
Mac:DA:3E:20:B6:30:BA传感器0	-0.02	0.01	1.01	-1.89	-1.89	-0.06	-0.63	0.59	96.69	相对角度姿态	-0.63	0.59		
Mac:DA:3E:20:B6:30:BA传感器0	-0.00	-0.00	1.00	-3.72	-3.72	-1.28	-0.93	0.44	96.60	相对角度姿态	-0.93	0.44		
Mac:DA:3E:20:B6:30:BA传感器0	0.01	-0.02	1.01	-1.40	-1.40	-0.12	-1.23	-0.01	96.50	相对角度姿态	-1.23	-0.01		
Mac:DA:3E:20:B6:30:BA传感器0	-0.01	-0.03	1.02	-1.34	-1.34	0.31	-1.32	-0.10	96.56	相对角度姿态	-1.32	-0.10		
Mac:DA:3E:20:B6:30:BA传感器0	0.02	-0.02	1.00	-1.71	-1.71	-0.55	-1.53	-0.12	96.48	相对角度姿态	-1.53	-0.12		
Mac:DA:3E:20:B6:30:BA传感器0	0.02	-0.05	1.00	0.06	0.06	0.18	-1.66	-0.20	96.45	相对角度姿态	-1.66	-0.20		
Mac:DA:3E:20:B6:30:BA传感器0	-0.04	-0.01	1.01	4.88	4.88	-2.01	-1.35	0.79	96.37	相对角度姿态	-1.35	0.79		
Mac:DA:3E:20:B6:30:BA传感器0	0.01	-0.05	1.01	4.58	4.58	0.73	-1.35	0.65	96.33	相对角度姿态	-1.35	0.65		
Mac:DA:3E:20:B6:30:BA传感器0	-0.04	-0.01	0.99	8.73	8.73	1.16	-0.86	1.62	96.53	相对角度姿态	-0.86	1.62		
Mac:DA:3E:20:B6:30:BA传感器0	-0.04	0.02	0.99	3.17	3.17	0.00	-0.38	1.89	96.72	相对角度姿态	-0.38	1.89		
Mac:DA:3E:20:B6:30:BA传感器0	-0.00	-0.00	1.02	0.79	0.79	-0.12	-0.16	1.66	96.60	相对角度姿态	-0.16	1.66		
Mac:DA:3E:20:B6:30:BA传感器0	-0.05	0.00	1.00	-0.43	-0.43	3.42	-0.18	1.43	96.87	相对角度姿态	-0.18	1.43		
Mac:DA:3E:20:B6:30:BA传感器0	-0.04	0.01	1.03	3.72	3.72	-2.81	0.10	1.79	96.80	相对角度姿态	0.10	1.79		
Mac:DA:3E:20:B6:30:BA传感器0	-0.01	-0.00	1.02	-0.12	-0.12	-1.89	0.24	1.54	96.62	相对角度姿态	0.24	1.54		
Mac:DA:3E:20:B6:30:BA传感器0	-0.02	0.01	1.01	0.55	0.55	-0.43	0.19	1.59	96.46	相对角度姿态	0.19	1.59		
Mac:DA:3E:20:B6:30:BA传感器0	0.01	-0.02	0.96	-3.48	-3.48	-2.38	-0.06	1.52	96.27	相对角度姿态	-0.06	1.52		
Mac:DA:3E:20:B6:30:BA传感器0	-0.03	0.03	0.98	1.04	1.04	2.99	0.01	1.21	96.42	相对角度姿态	0.01	1.21		
Mac:DA:3E:20:B6:30:BA传感器0	-0.03	0.02	1.03	0.98	0.98	0.12	0.25	0.97	96.51	相对角度姿态	0.25	0.97		
Mac:DA:3E:20:B6:30:BA传感器0	0.01	-0.01	0.99	1.59	1.59	0.73	0.29	0.77	96.39	相对角度姿态	0.29	0.77		
Mac:DA:3E:20:B6:30:BA传感器0	-0.01	0.01	0.99	1.10	1.10	1.53	0.42	0.62	96.52	相对角度姿态	0.42	0.62		
Mac:DA:3E:20:B6:30:BA传感器0	-0.03	0.00	0.97	2.14	2.14	-0.24	0.59	0.91	96.56	相对角度姿态	0.59	0.91		
Mac:DA:3E:20:B6:30:BA传感器0	-0.01	0.01	1.00	5.00	5.00	-0.06	0.92	0.66	96.52	相对角度姿态	0.92	0.66		
Mac:DA:3E:20:B6:30:BA传感器0	0.02	0.04	1.05	2.32	2.32	-1.04	1.27	0.31	96.38	相对角度姿态	1.27	0.31		
Mac:DA:3E:20:B6:30:BA传感器0	-0.00	0.03	1.00	-0.37	-0.37	0.12	1.28	0.38	96.32	相对角度姿态	1.28	0.38		
Mac:DA:3E:20:B6:30:BA传感器0	-0.01	0.02	0.99	-2.14	-2.14	-0.12	1.18	0.29	96.34	相对角度姿态	1.18	0.29		
Mac:DA:3E:20:B6:30:BA传感器0	-0.00	0.02	0.99	-1.95	-1.95	-1.04	1.04	0.20	96.29	相对角度姿态	1.04	0.20		
Mac:DA:3E:20:B6:30:BA传感器0	0.04	0.00	1.01	1.77	1.77	0.43	0.94	-0.32	96.25	相对角度姿态	0.94	-0.32		
Mac:DA:3E:20:B6:30:BA传感器0	0.01	0.03	1.02	0.24	0.24	-0.06	1.06	-0.25	96.39	相对角度姿态	1.06	-0.25		
Mac:DA:3E:20:B6:30:BA传感器0	0.01	0.02	1.01	0.00	0.00	-0.06	1.07	-0.37	96.35	相对角度姿态	1.07	-0.37		
Mac:DA:3E:20:B6:30:BA传感器0	0.02	0.03	1.00	0.49	0.49	-0.98	1.01	-0.20	96.25	相对角度姿态	1.01	-0.20		
Mac:DA:3E:20:B6:30:BA传感器0	0.03	0.02	1.01	1.53	1.53	0.37	1.05	-0.12	96.16	相对角度姿态	1.05	-0.12		
Mac:DA:3E:20:B6:30:BA传感器0	-0.03	0.02	0.97	3.30	3.30	1.83	1.30	0.20	96.31	相对角度姿态	1.30	0.20		
Mac:DA:3E:20:B6:30:BA传感器0	-0.00	0.02	1.04	0.79	0.79	-0.92	1.63	0.08	96.28	相对角度姿态	1.63	0.08		
Mac:DA:3E:20:B6:30:BA传感器0	-0.01	0.01	1.03	2.81	2.81	-0.37	1.81	0.39	96.22	相对角度姿态	1.81	0.39		
Mac:DA:3E:20:B6:30:BA传感器0	-0.08	0.05	1.12	2.62	2.62	-2.69	2.19	0.37	96.30	相对角度姿态	2.19	0.37		
Mac:DA:3E:20:B6:30:BA传感器0	-0.28	0.20	1.46	-23.19	-23.19	-24.96	1.71	1.09	93.85	相对角度姿态	1.71	1.09		
Mac:DA:3E:20:B6:30:BA传感器0	-0.28	0.20	1.46	-23.19	-23.19	-24.96	1.71	1.09	93.85	相对角度姿态	1.71	1.09		
Mac:DA:3E:20:B6:30:BA传感器0	-0.07	0.24	1.36	-58.96	-58.96	-32.47	-1.99	-0.68	91.24	相对角度姿态	-1.99	-0.68		
Mac:DA:3E:20:B6:30:BA传感器0	0.00	0.20	1.01	-90.33	-90.33	-29.48	-8.55	0.26	88.18	相对角度姿态	-8.55	0.26		
Mac:DA:3E:20:B6:30:BA传感器0	0.40	-0.36	0.24	-59.02	-59.02	-79.96	-17.46	2.11	82.37	相对角度姿态	-17.46	2.11		
Mac:DA:3E:20:B6:30:BA传感器0	0.16	-0.59	0.42	10.50	10.50	26.67	-22.64	3.44	80.29	相对角度姿态	-22.64	3.44		
Mac:DA:3E:20:B6:30:BA传感器0	0.11	-0.50	0.87	-28.87	-28.87	-6.90	-23.08	2.51	81.17	相对角度姿态	-23.08	2.51		
Mac:DA:3E:20:B6:30:BA传感器0	-0.17	-0.36	1.03	2.87	2.87	14.34	-23.01	1.82	83.12	相对角度姿态	-23.01	1.82		
Mac:DA:3E:20:B6:30:BA传感器0	-0.06	-0.41	1.03	-0.73	-0.73	-12.21	-22.59	1.82	83.45	相对角度姿态	-22.59	1.82		
Mac:DA:3E:20:B6:30:BA传感器0	-0.16	-0.36	1.03	0.67	0.67	-0.98	-22.08	2.31	83.72	相对角度姿态	-22.08	2.31		
Mac:DA:3E:20:B6:30:BA传感器0	-0.13	-0.37	1.00	5.86	5.86	-2.14	-22.13	2.39	84.07	相对角度姿态	-22.13	2.39		
Mac:DA:3E:20:B6:30:BA传感器0	-0.14	-0.41	0.91	5.86	5.86	2.50	-21.60	2.34	84.46	相对角度姿态	-21.60	2.34		
Mac:DA:3E:20:B6:30:BA传感器0	-0.30	-0.43	0.57	14.28	14.28	4.21	-21.21	3.54	85.31	相对角度姿态	-21.21	3.54		
Mac:DA:3E:20:B6:30:BA传感器0	-0.27	-0.31	0.52	39.06	39.06	-36.32	-19.14	6.73	84.24	相对角度姿态	-19.14	6.73		
Mac:DA:3E:20:B6:30:BA传感器0	-0.30	0.01	0.52	120.73	120.73	-10.50	-14.48	8.36	82.74	相对角度姿态	-14.48	8.36		
Mac:DA:3E:20:B6:30:BA传感器0	-0.18	0.40	1.38	101.81	101.81	-99.24	-1.85	6.27	79.28	相对角度姿态	-1.85	6.27		
Mac:DA:3E:20:B6:30:BA传感器0	0.30	0.14	1.63	40.28	40.28	-32.71	4.16	2.80	72.39	相对角度姿态	4.16	2.80		
Mac:DA:3E:20:B6:30:BA传感器0	0.09	0.16	1.42	-21.91	-21.91	-22.89	6.12	0.80	71.07	相对角度姿态	6.12	0.80		
Mac:DA:3E:20:B6:30:BA传感器0	-0.00	0.05	1.10	-23.25	-23.25	-10.50	3.25	-0.88	70.37	相对角度姿态	3.25	-0.88		
Mac:DA:3E:20:B6:30:BA传感器0	-0.06	0.02	0.93	-7.20	-7.20	0.85	1.19	-0.93	70.69	相对角度姿态	1.19	-0.93		
Mac:DA:3E:20:B6:30:BA传感器0	-0.03	0.01	0.99	-4.64	-4.64	-5.55	0.68	-1.43	71.21	相对角度姿态	0.68	-1.43		
Mac:DA:3E:20:B6:30:BA传感器0	0.01	-0.01	0.97	-2.38	-2.38	-4.64	0.62	-1.19	71.44	相对角度姿态	0.62	-1.19		
Mac:DA:3E:20:B6:30:BA传感器0	0.17	-0.01	0.95	0.55	0.55	-9.40	0.23	-2.26	71.51	相对角度姿态	0.23	-2.26		
Mac:DA:3E:20:B6:30:BA传感器0	0.46	0.04	0.94	6.96	6.96	0.06	0.64	-3.66	71.75	相对角度姿态	0.64	-3.66		
Mac:DA:3E:20:B6:30:BA传感器0	0.63	0.20	0.84	7.02	7.02	85.02	1.76	-5.64	76.03	相对角度姿态	1.76	-5.64		
Mac:DA:3E:20:B6:30:BA传感器0	0.24	0.41	1.10	16.24	16.24	134.58	2.46	-5.60	87.92	相对角度姿态	2.46	-5.60		
Mac:DA:3E:20:B6:30:BA传感器0	-0.69	0.41	0.93	-17.09	-17.09	103.88	3.53	1.58	98.70	相对角度姿态	3.53	1.58		
Mac:DA:3E:20:B6:30:BA传感器0	-0.92	0.01	0.95	-14.16	-14.16	53.34	3.70	6.92	106.64	相对角度姿态	3.70	6.92		
Mac:DA:3E:20:B6:30:BA传感器0	-0.45	-0.08	0.89	-6.41	-6.41	-3.97	2.88	9.51	108.34	相对角度姿态	2.88	9.51		
Mac:DA:3E:20:B6:30:BA传感器0	-0.13	0.02	0.98	0.98	0.98	-8.85	2.32	10.10	107.09	相对角度姿态	2.32	10.10		
Mac:DA:3E:20:B6:30:BA传感器0	-0.11	0.05	0.96	1.53	1.53	-5.80	2.09	11.41	105.83	相对角度姿态	2.09	11.41		
Mac:DA:3E:20:B6:30:BA传感器0	-0.09	0.05	1.00	2.81	2.81	-5.80	2.24	10.73	104.72	相对角度姿态	2.24	10.73		
Mac:DA:3E:20:B6:30:BA传感器0	-0.11	0.04	1.00	2.44	2.44	-4.64	2.85	9.39	103.26	相对角度姿态	2.85	9.39		
Mac:DA:3E:20:B6:30:BA传感器0	-0.11	0.04	1.00	2.44	2.44	-4.64	2.85	9.39	103.26	相对角度姿态	2.85	9.39		
Mac:DA:3E:20:B6:30:BA传感器0	-0.09	0.06	0.98	5.19	5.19	-2.08	3.04	8.90	102.52	相对角度姿态	3.04	8.90		
Mac:DA:3E:20:B6:30:BA传感器0	-0.10	0.05	0.97	1.46	1.46	-0.79	3.08	8.55	101.94	相对角度姿态	3.08	8.55		
Mac:DA:3E:20:B6:30:BA传感器0	-0.08	0.06	0.96	4.33	4.33	-2.26	3.37	8.12	101.39	相对角度姿态	3.37	8.12		
Mac:DA:3E:20:B6:30:BA传感器0	-0.10	0.05	0.98	2.14	2.14	3.11	3.59	7.65	101.05	相对角度姿态	3.59	7.65		
Mac:DA:3E:20:B6:30:BA传感器0	-0.12	0.06	0.97	-0.92	-0.92	2.38	3.68	7.61	101.05	相对角度姿态	3.68	7.61		
Mac:DA:3E:20:B6:30:BA传感器0	-0.10	0.04	0.96	2.69	2.69	-0.85	3.75	7.65	100.77	相对角度姿态	3.75	7.65		
Mac:DA:3E:20:B6:30:BA传感器0	-0.11	0.06	0.97	1.10	1.10	0.98	4.01	7.48	100.47	相对角度姿态	4.01	7.48		
Mac:DA:3E:20:B6:30:BA传感器0	-0.12	0.08	0.99	-0.49	-0.49	-0.55	4.24	7.39	100.28	相对角度姿态	4.24	7.39		
Mac:DA:3E:20:B6:30:BA传感器0	-0.10	0.08	0.98	-0.43	-0.43	-2.26	4.24	7.45	99.90	相对角度姿态	4.24	7.45		
Mac:DA:3E:20:B6:30:BA传感器0	-0.08	0.07	0.98	0.00	0.00	-1.34	4.21	7.42	99.46	相对角度姿态	4.21	7.42		
Mac:DA:3E:20:B6:30:BA传感器0	-0.09	0.07	0.98	-2.26	-2.26	1.65	4.17	7.25	99.26	相对角度姿态	4.17	7.25		
Mac:DA:3E:20:B6:30:BA传感器0	-0.12	0.06	0.96	-0.55	-0.55	1.10	4.15	7.34	99.23	相对角度姿态	4.15	7.34		
Mac:DA:3E:20:B6:30:BA传感器0	-0.11	0.08	0.99	-0.06	-0.06	0.55	4.32	7.33	99.16	相对角度姿态	4.32	7.33		
Mac:DA:3E:20:B6:30:BA传感器0	-0.12	0.07	0.97	-0.61	-0.61	-0.85	4.24	7.33	98.99	相对角度姿态	4.24	7.33		
Mac:DA:3E:20:B6:30:BA传感器0	-0.11	0.07	0.98	-1.95	-1.95	-1.34	4.19	7.21	98.77	相对角度姿态	4.19	7.21		
Mac:DA:3E:20:B6:30:BA传感器0	-0.09	0.07	0.98	-0.18	-0.18	-0.18	4.11	7.09	98.58	相对角度姿态	4.11	7.09		
Mac:DA:3E:20:B6:30:BA传感器0	-0.10	0.07	0.97	0.06	0.06	1.22	4.09	7.01	98.51	相对角度姿态	4.09	7.01		
Mac:DA:3E:20:B6:30:BA传感器0	-0.11	0.07	0.97	0.67	0.67	1.16	4.10	6.88	98.49	相对角度姿态	4.10	6.88		
Mac:DA:3E:20:B6:30:BA传感器0	-0.11	0.07	0.98	2.50	2.50	0.43	4.20	6.73	98.42	相对角度姿态	4.20	6.73		
Mac:DA:3E:20:B6:30:BA传感器0	-0.10	0.08	0.98	-0.12	-0.12	-1.83	4.36	6.50	98.25	相对角度姿态	4.36	6.50		
Mac:DA:3E:20:B6:30:BA传感器0	-0.10	0.07	0.96	3.17	3.17	-1.16	4.45	6.43	97.93	相对角度姿态	4.45	6.43		
Mac:DA:3E:20:B6:30:BA传感器0	-0.08	0.09	0.97	1.95	1.95	-1.89	4.85	6.37	97.70	相对角度姿态	4.85	6.37		
Mac:DA:3E:20:B6:30:BA传感器0	-0.12	0.11	1.00	2.93	2.93	-0.31	5.31	6.60	97.59	相对角度姿态	5.31	6.60		
Mac:DA:3E:20:B6:30:BA传感器0	-0.09	0.10	0.96	1.77	1.77	-2.44	5.47	6.61	97.27	相对角度姿态	5.47	6.61		
Mac:DA:3E:20:B6:30:BA传感器0	-0.08	0.09	1.03	16.54	16.54	0.43	5.97	6.21	97.16	相对角度姿态	5.97	6.21		
Mac:DA:3E:20:B6:30:BA传感器0	-0.18	0.22	1.20	36.19	36.19	10.38	8.74	5.14	97.53	相对角度姿态	8.74	5.14		
Mac:DA:3E:20:B6:30:BA传感器0	-0.11	0.38	1.43	27.22	27.22	-6.47	11.73	2.71	96.72	相对角度姿态	11.73	2.71		
Mac:DA:3E:20:B6:30:BA传感器0	0.09	0.37	1.30	-13.31	-13.31	-15.38	11.43	1.14	94.97	相对角度姿态	11.43	1.14		
Mac:DA:3E:20:B6:30:BA传感器0	0.01	0.53	1.34	-48.65	-48.65	15.75	7.34	1.52	95.52	相对角度姿态	7.34	1.52		
Mac:DA:3E:20:B6:30:BA传感器0	-0.09	0.08	0.33	-121.46	-121.46	-51.33	-1.93	8.67	93.67	相对角度姿态	-1.93	8.67		
Mac:DA:3E:20:B6:30:BA传感器0	-0.03	-0.36	0.32	-50.42	-50.42	68.91	-13.55	9.31	94.17	相对角度姿态	-13.55	9.31		
Mac:DA:3E:20:B6:30:BA传感器0	0.02	-0.40	0.80	-14.10	-14.10	11.60	-16.61	8.85	95.98	相对角度姿态	-16.61	8.85		
Mac:DA:3E:20:B6:30:BA传感器0	-0.13	-0.25	1.00	12.63	12.63	3.54	-16.55	8.44	97.28	相对角度姿态	-16.55	8.44		
Mac:DA:3E:20:B6:30:BA传感器0	-0.18	-0.24	1.00	-2.75	-2.75	-2.20	-15.88	7.98	97.61	相对角度姿态	-15.88	7.98		
Mac:DA:3E:20:B6:30:BA传感器0	-0.21	-0.17	1.06	2.75	2.75	6.84	-15.18	7.88	97.89	相对角度姿态	-15.18	7.88		
Mac:DA:3E:20:B6:30:BA传感器0	-0.28	-0.19	0.99	3.17	3.17	8.30	-14.69	8.47	98.65	相对角度姿态	-14.69	8.47		
Mac:DA:3E:20:B6:30:BA传感器0	-0.39	-0.22	0.91	4.39	4.39	-1.53	-14.49	8.06	99.46	相对角度姿态	-14.49	8.06		
Mac:DA:3E:20:B6:30:BA传感器0	-0.56	-0.13	0.98	20.63	20.63	-35.03	-13.89	7.87	97.79	相对角度姿态	-13.89	7.87		
Mac:DA:3E:20:B6:30:BA传感器0	-0.61	0.15	1.09	-1.53	-1.53	-61.71	-12.74	6.21	93.36	相对角度姿态	-12.74	6.21		
Mac:DA:3E:20:B6:30:BA传感器0	-0.17	0.04	0.79	1.22	1.22	-188.42	-14.61	10.23	79.46	相对角度姿态	-14.61	10.23		
Mac:DA:3E:20:B6:30:BA传感器0	0.94	-0.36	1.39	56.52	56.52	-15.01	-14.88	3.78	71.55	相对角度姿态	-14.88	3.78		
Mac:DA:3E:20:B6:30:BA传感器0	0.27	-0.24	1.10	-54.02	-54.02	-24.35	-14.43	3.26	70.82	相对角度姿态	-14.43	3.26		
Mac:DA:3E:20:B6:30:BA传感器0	-0.07	-0.36	0.99	-9.40	-9.40	2.26	-18.42	0.68	70.66	相对角度姿态	-18.42	0.68		
Mac:DA:3E:20:B6:30:BA传感器0	-0.23	-0.27	1.14	7.87	7.87	1.71	-17.87	0.60	71.82	相对角度姿态	-17.87	0.60		
Mac:DA:3E:20:B6:30:BA传感器0	-0.09	-0.33	1.00	0.43	0.43	-10.31	-18.51	0.32	71.63	相对角度姿态	-18.51	0.32		
Mac:DA:3E:20:B6:30:BA传感器0	-0.05	-0.38	0.90	-5.00	-5.00	-3.17	-18.98	0.09	71.54	相对角度姿态	-18.98	0.09		
Mac:DA:3E:20:B6:30:BA传感器0	-0.08	-0.40	0.75	5.07	5.07	-3.30	-19.22	0.37	71.95	相对角度姿态	-19.22	0.37		
Mac:DA:3E:20:B6:30:BA传感器0	-0.03	-0.45	0.60	6.10	6.10	-4.15	-19.81	-1.58	73.40	相对角度姿态	-19.81	-1.58		
Mac:DA:3E:20:B6:30:BA传感器0	-0.16	-0.28	0.45	36.56	36.56	-15.32	-18.62	-2.30	74.30	相对角度姿态	-18.62	-2.30		
Mac:DA:3E:20:B6:30:BA传感器0	0.00	-0.01	0.76	90.15	90.15	-15.63	-12.62	-2.63	73.25	相对角度姿态	-12.62	-2.63		
Mac:DA:3E:20:B6:30:BA传感器0	0.36	0.04	1.71	87.28	87.28	-18.55	-4.35	-7.41	71.76	相对角度姿态	-4.35	-7.41		
Mac:DA:3E:20:B6:30:BA传感器0	-0.18	0.19	1.54	49.99	49.99	2.14	4.09	-4.95	72.65	相对角度姿态	4.09	-4.95		
Mac:DA:3E:20:B6:30:BA传感器0	-0.14	0.08	1.24	-11.47	-11.47	-25.51	5.86	-2.38	72.20	相对角度姿态	5.86	-2.38		
Mac:DA:3E:20:B6:30:BA传感器0	-0.06	0.05	0.97	-6.35	-6.35	-10.99	4.97	-2.21	71.19	相对角度姿态	4.97	-2.21		
Mac:DA:3E:20:B6:30:BA传感器0	-0.07	0.08	0.93	-0.79	-0.79	-6.65	4.74	-1.87	71.18	相对角度姿态	4.74	-1.87		
Mac:DA:3E:20:B6:30:BA传感器0	0.02	0.03	0.94	3.60	3.60	-5.25	4.47	-2.35	70.94	相对角度姿态	4.47	-2.35		
Mac:DA:3E:20:B6:30:BA传感器0	0.06	0.09	0.99	3.91	3.91	-7.45	5.23	-2.27	71.25	相对角度姿态	5.23	-2.27		
Mac:DA:3E:20:B6:30:BA传感器0	0.29	0.12	1.01	10.13	10.13	-3.54	5.98	-2.38	71.27	相对角度姿态	5.98	-2.38		
Mac:DA:3E:20:B6:30:BA传感器0	0.51	0.17	1.02	-2.62	-2.62	56.88	6.30	-3.72	73.88	相对角度姿态	6.30	-3.72		
Mac:DA:3E:20:B6:30:BA传感器0	0.31	0.34	0.94	-3.72	-3.72	78.31	5.93	-1.77	82.03	相对角度姿态	5.93	-1.77		
Mac:DA:3E:20:B6:30:BA传感器0	0.14	0.22	1.01	-2.56	-2.56	108.58	5.55	-0.92	90.93	相对角度姿态	5.55	-0.92		
Mac:DA:3E:20:B6:30:BA传感器0	-0.94	0.50	0.94	-5.92	-5.92	124.33	7.06	1.90	102.07	相对角度姿态	7.06	1.90		
Mac:DA:3E:20:B6:30:BA传感器0	-0.43	0.03	0.78	-10.50	-10.50	11.54	7.11	4.60	106.09	相对角度姿态	7.11	4.60		
Mac:DA:3E:20:B6:30:BA传感器0	-0.22	0.11	0.94	14.65	14.65	19.59	8.11	6.35	107.74	相对角度姿态	8.11	6.35		
Mac:DA:3E:20:B6:30:BA传感器0	-0.21	0.11	0.91	4.15	4.15	2.56	8.63	9.53	108.29	相对角度姿态	8.63	9.53		
Mac:DA:3E:20:B6:30:BA传感器0	-0.15	0.17	0.99	1.83	1.83	-2.44	9.26	10.45	107.73	相对角度姿态	9.26	10.45		
Mac:DA:3E:20:B6:30:BA传感器0	-0.09	0.16	1.02	-7.81	-7.81	-7.39	9.00	9.76	106.37	相对角度姿态	9.00	9.76		
Mac:DA:3E:20:B6:30:BA传感器0	-0.07	0.10	0.93	-3.23	-3.23	-8.18	8.02	9.50	105.24	相对角度姿态	8.02	9.50		
Mac:DA:3E:20:B6:30:BA传感器0	-0.07	0.09	0.94	-0.43	-0.43	-3.91	7.71	9.02	104.09	相对角度姿态	7.71	9.02		
Mac:DA:3E:20:B6:30:BA传感器0	-0.09	0.12	0.96	5.37	5.37	-0.92	7.76	8.68	103.42	相对角度姿态	7.76	8.68		
Mac:DA:3E:20:B6:30:BA传感器0	-0.09	0.13	0.98	2.81	2.81	0.67	7.87	8.40	103.05	相对角度姿态	7.87	8.40		
Mac:DA:3E:20:B6:30:BA传感器0	-0.06	0.12	0.96	0.24	0.24	0.43	7.87	8.12	102.63	相对角度姿态	7.87	8.12		
Mac:DA:3E:20:B6:30:BA传感器0	-0.09	0.12	0.93	-0.43	-0.43	1.71	7.79	7.92	102.33	相对角度姿态	7.79	7.92		
Mac:DA:3E:20:B6:30:BA传感器0	-0.10	0.13	0.96	3.17	3.17	0.55	7.86	7.56	102.11	相对角度姿态	7.86	7.56		
Mac:DA:3E:20:B6:30:BA传感器0	-0.09	0.14	0.95	3.36	3.36	0.98	8.12	7.60	101.83	相对角度姿态	8.12	7.60		
Mac:DA:3E:20:B6:30:BA传感器0	-0.08	0.13	0.94	0.79	0.79	-1.89	8.21	7.54	101.45	相对角度姿态	8.21	7.54		
Mac:DA:3E:20:B6:30:BA传感器0	-0.08	0.14	0.97	2.08	2.08	0.43	8.43	7.46	101.23	相对角度姿态	8.43	7.46		
Mac:DA:3E:20:B6:30:BA传感器0	-0.07	0.14	1.00	-1.04	-1.04	2.75	8.41	7.44	101.06	相对角度姿态	8.41	7.44		
Mac:DA:3E:20:B6:30:BA传感器0	-0.13	0.13	1.00	-1.28	-1.28	5.86	8.38	7.83	101.32	相对角度姿态	8.38	7.83		
Mac:DA:3E:20:B6:30:BA传感器0	-0.15	0.18	1.23	-1.10	-1.10	7.93	8.61	7.47	101.81	相对角度姿态	8.61	7.47		
Mac:DA:3E:20:B6:30:BA传感器0	-0.18	0.17	1.19	-32.04	-32.04	1.10	6.97	7.74	101.93	相对角度姿态	6.97	7.74		
Mac:DA:3E:20:B6:30:BA传感器0	-0.20	0.16	1.09	-42.60	-42.60	-1.28	3.51	8.52	101.70	相对角度姿态	3.51	8.52		
Mac:DA:3E:20:B6:30:BA传感器0	-0.25	0.06	0.94	-49.93	-49.93	-13.55	-0.92	10.22	100.52	相对角度姿态	-0.92	10.22		
Mac:DA:3E:20:B6:30:BA传感器0	-0.28	-0.03	0.89	-48.77	-48.77	-20.81	-5.87	10.62	98.67	相对角度姿态	-5.87	10.62		
Mac:DA:3E:20:B6:30:BA传感器0	-0.29	-0.11	0.85	-40.47	-40.47	-35.03	-10.71	11.12	95.69	相对角度姿态	-10.71	11.12		
Mac:DA:3E:20:B6:30:BA传感器0	-0.15	-0.19	0.95	-30.21	-30.21	-39.43	-14.77	10.09	92.07	相对角度姿态	-14.77	10.09		
Mac:DA:3E:20:B6:30:BA传感器0	-0.10	-0.33	0.87	-0.61	-0.61	-53.59	-19.70	6.66	83.61	相对角度姿态	-19.70	6.66		
Mac:DA:3E:20:B6:30:BA传感器0	-0.10	-0.33	0.87	-0.61	-0.61	-53.59	-19.70	6.66	83.61	相对角度姿态	-19.70	6.66		
Mac:DA:3E:20:B6:30:BA传感器0	0.00	-0.36	0.85	1.46	1.46	-39.55	-20.29	4.56	79.11	相对角度姿态	-20.29	4.56		
Mac:DA:3E:20:B6:30:BA传感器0	0.10	-0.37	0.83	-1.59	-1.59	-47.36	-20.75	2.43	75.48	相对角度姿态	-20.75	2.43		
Mac:DA:3E:20:B6:30:BA传感器0	-0.06	-0.35	0.96	25.09	25.09	-20.08	-19.19	2.97	72.18	相对角度姿态	-19.19	2.97		
Mac:DA:3E:20:B6:30:BA传感器0	-0.12	-0.28	0.98	24.35	24.35	-33.33	-16.60	3.28	69.80	相对角度姿态	-16.60	3.28		
Mac:DA:3E:20:B6:30:BA传感器0	-0.03	-0.28	0.90	11.78	11.78	-35.95	-14.92	1.62	67.96	相对角度姿态	-14.92	1.62		
Mac:DA:3E:20:B6:30:BA传感器0	-0.10	-0.19	1.02	35.89	35.89	-34.06	-12.57	0.78	65.89	相对角度姿态	-12.57	0.78		
Mac:DA:3E:20:B6:30:BA传感器0	0.01	-0.15	1.05	30.94	30.94	-38.57	-8.99	-0.03	63.33	相对角度姿态	-8.99	-0.03		
Mac:DA:3E:20:B6:30:BA传感器0	-0.01	-0.14	0.97	38.45	38.45	-17.70	-5.83	0.49	61.54	相对角度姿态	-5.83	0.49		
Mac:DA:3E:20:B6:30:BA传感器0	-0.11	-0.03	0.97	34.79	34.79	-5.49	-1.88	1.52	61.44	相对角度姿态	-1.88	1.52		
Mac:DA:3E:20:B6:30:BA传感器0	0.00	0.01	0.97	26.37	26.37	-4.21	1.10	1.12	61.33	相对角度姿态	1.10	1.12		
Mac:DA:3E:20:B6:30:BA传感器0	-0.04	0.07	1.16	37.96	37.96	8.00	4.66	2.00	62.44	相对角度姿态	4.66	2.00		
Mac:DA:3E:20:B6:30:BA传感器0	-0.20	0.13	1.08	27.47	27.47	0.43	7.90	4.42	64.15	相对角度姿态	7.90	4.42		
Mac:DA:3E:20:B6:30:BA传感器0	-0.22	0.15	0.99	29.17	29.17	11.66	10.14	5.25	65.05	相对角度姿态	10.14	5.25		
Mac:DA:3E:20:B6:30:BA传感器0	-0.21	0.27	1.00	43.46	43.46	18.55	13.75	7.05	67.46	相对角度姿态	13.75	7.05		
Mac:DA:3E:20:B6:30:BA传感器0	-0.10	0.24	0.92	25.94	25.94	41.32	16.85	8.41	71.45	相对角度姿态	16.85	8.41		
Mac:DA:3E:20:B6:30:BA传感器0	-0.06	0.43	1.02	14.10	14.10	65.37	19.63	7.11	77.27	相对角度姿态	19.63	7.11		
Mac:DA:3E:20:B6:30:BA传感器0	-0.11	0.44	1.03	-10.25	-10.25	60.36	20.75	7.17	84.08	相对角度姿态	20.75	7.17		
Mac:DA:3E:20:B6:30:BA传感器0	-0.09	0.40	1.00	-21.79	-21.79	74.22	20.14	6.76	91.02	相对角度姿态	20.14	6.76		
Mac:DA:3E:20:B6:30:BA传感器0	-0.25	0.38	0.98	-33.08	-33.08	73.18	18.55	6.77	98.45	相对角度姿态	18.55	6.77		
Mac:DA:3E:20:B6:30:BA传感器0	-0.32	0.30	0.92	-23.07	-23.07	42.30	16.38	7.12	103.84	相对角度姿态	16.38	7.12		
Mac:DA:3E:20:B6:30:BA传感器0	-0.19	0.28	1.02	-48.16	-48.16	22.89	14.44	7.44	106.17	相对角度姿态	14.44	7.44		
Mac:DA:3E:20:B6:30:BA传感器0	-0.13	0.20	0.86	-64.58	-64.58	19.47	9.20	9.06	107.93	相对角度姿态	9.20	9.06		
Mac:DA:3E:20:B6:30:BA传感器0	-0.16	0.03	0.70	-36.44	-36.44	8.00	4.33	10.88	108.93	相对角度姿态	4.33	10.88		
Mac:DA:3E:20:B6:30:BA传感器0	-0.16	-0.08	0.70	-13.00	-13.00	3.17	1.62	12.06	108.65	相对角度姿态	1.62	12.06		
Mac:DA:3E:20:B6:30:BA传感器0	-0.11	-0.03	0.95	-3.36	-3.36	1.40	1.02	11.16	108.21	相对角度姿态	1.02	11.16		
Mac:DA:3E:20:B6:30:BA传感器0	-0.15	-0.02	0.93	-1.95	-1.95	-3.11	0.68	11.57	107.38	相对角度姿态	0.68	11.57		
Mac:DA:3E:20:B6:30:BA传感器0	-0.10	0.00	0.99	1.46	1.46	-4.94	0.82	10.89	106.31	相对角度姿态	0.82	10.89		
Mac:DA:3E:20:B6:30:BA传感器0	-0.11	0.00	0.99	6.59	6.59	-2.69	1.07	10.51	105.22	相对角度姿态	1.07	10.51		
Mac:DA:3E:20:B6:30:BA传感器0	-0.08	0.01	1.00	1.83	1.83	-4.58	1.35	9.89	104.24	相对角度姿态	1.35	9.89		
Mac:DA:3E:20:B6:30:BA传感器0	-0.07	0.02	1.00	-1.77	-1.77	-2.50	1.38	9.18	103.42	相对角度姿态	1.38	9.18		
Mac:DA:3E:20:B6:30:BA传感器0	-0.09	0.00	0.97	0.49	0.49	0.06	1.27	8.83	102.83	相对角度姿态	1.27	8.83		
Mac:DA:3E:20:B6:30:BA传感器0	-0.09	0.02	0.99	1.10	1.10	-3.42	1.43	8.31	102.35	相对角度姿态	1.43	8.31		
Mac:DA:3E:20:B6:30:BA传感器0	-0.07	0.02	1.00	-0.24	-0.24	-1.71	1.49	7.82	101.68	相对角度姿态	1.49	7.82		
Mac:DA:3E:20:B6:30:BA传感器0	-0.08	0.02	0.98	1.40	1.40	0.00	1.48	7.69	101.26	相对角度姿态	1.48	7.69		
Mac:DA:3E:20:B6:30:BA传感器0	-0.09	0.04	1.02	0.73	0.73	-2.14	1.73	7.79	100.78	相对角度姿态	1.73	7.79		
Mac:DA:3E:20:B6:30:BA传感器0	-0.08	0.02	0.98	1.83	1.83	-0.67	1.49	7.93	100.31	相对角度姿态	1.49	7.93		
Mac:DA:3E:20:B6:30:BA传感器0	-0.10	0.03	0.99	-1.83	-1.83	-1.40	1.51	7.89	100.05	相对角度姿态	1.51	7.89		
Mac:DA:3E:20:B6:30:BA传感器0	-0.10	0.02	1.00	-1.46	-1.46	0.00	1.48	7.83	99.72	相对角度姿态	1.48	7.83		
Mac:DA:3E:20:B6:30:BA传感器0	-0.12	0.01	0.98	-1.10	-1.10	-0.12	1.34	7.81	99.55	相对角度姿态	1.34	7.81		
Mac:DA:3E:20:B6:30:BA传感器0	-0.10	0.03	1.00	-0.06	-0.06	-0.37	1.43	7.60	99.22	相对角度姿态	1.43	7.60		
Mac:DA:3E:20:B6:30:BA传感器0	-0.09	0.03	1.00	-0.31	-0.31	-1.65	1.40	7.40	98.87	相对角度姿态	1.40	7.40		
Mac:DA:3E:20:B6:30:BA传感器0	-0.10	0.00	0.94	7.39	7.39	-2.75	1.48	7.66	98.39	相对角度姿态	1.48	7.66		
Mac:DA:3E:20:B6:30:BA传感器0	-0.08	0.03	0.99	0.92	0.92	0.31	1.79	7.34	98.26	相对角度姿态	1.79	7.34		
Mac:DA:3E:20:B6:30:BA传感器0	-0.11	0.04	1.01	-1.28	-1.28	1.77	2.01	7.22	98.25	相对角度姿态	2.01	7.22		
Mac:DA:3E:20:B6:30:BA传感器0	-0.11	0.04	1.00	-0.55	-0.55	0.85	2.14	7.23	98.16	相对角度姿态	2.14	7.23		
Mac:DA:3E:20:B6:30:BA传感器0	-0.10	0.04	0.98	1.34	1.34	-0.43	2.15	7.06	98.05	相对角度姿态	2.15	7.06		
Mac:DA:3E:20:B6:30:BA传感器0	-0.11	0.02	0.95	2.50	2.50	-1.59	2.21	7.15	97.76	相对角度姿态	2.21	7.15		
Mac:DA:3E:20:B6:30:BA传感器0	-0.09	0.04	0.98	1.10	1.10	-0.61	2.50	7.05	97.56	相对角度姿态	2.50	7.05		
Mac:DA:3E:20:B6:30:BA传感器0	-0.10	0.04	0.99	0.06	0.06	0.18	2.74	7.01	97.44	相对角度姿态	2.74	7.01		
Mac:DA:3E:20:B6:30:BA传感器0	-0.10	0.06	0.98	0.92	0.92	0.18	3.05	6.95	97.42	相对角度姿态	3.05	6.95		
Mac:DA:3E:20:B6:30:BA传感器0	-0.11	0.06	0.98	2.62	2.62	-0.49	3.26	6.97	97.29	相对角度姿态	3.26	6.97		
Mac:DA:3E:20:B6:30:BA传感器0	-0.11	0.06	0.98	6.84	6.84	0.31	3.59	6.94	97.11	相对角度姿态	3.59	6.94		
Mac:DA:3E:20:B6:30:BA传感器0	-0.11	0.07	0.98	3.17	3.17	0.43	3.99	6.90	97.05	相对角度姿态	3.99	6.90		
Mac:DA:3E:20:B6:30:BA传感器0	-0.12	0.09	1.02	4.21	4.21	-1.04	4.53	6.95	96.94	相对角度姿态	4.53	6.95		
Mac:DA:3E:20:B6:30:BA传感器0	-0.12	0.08	1.09	12.57	12.57	6.71	5.26	7.20	96.84	相对角度姿态	5.26	7.20		
Mac:DA:3E:20:B6:30:BA传感器0	-0.13	0.20	1.25	22.22	22.22	16.30	7.09	6.33	97.71	相对角度姿态	7.09	6.33		
Mac:DA:3E:20:B6:30:BA传感器0	-0.15	0.41	1.43	-1.77	-1.77	11.60	9.48	4.71	98.89	相对角度姿态	9.48	4.71		
Mac:DA:3E:20:B6:30:BA传感器0	-0.20	0.22	1.09	-51.03	-51.03	-23.32	6.71	7.42	97.67	相对角度姿态	6.71	7.42		
Mac:DA:3E:20:B6:30:BA传感器0	-0.14	0.24	1.15	-49.50	-49.50	21.55	2.20	9.69	96.00	相对角度姿态	2.20	9.69		
Mac:DA:3E:20:B6:30:BA传感器0	-0.10	0.02	0.44	-98.57	-98.57	-45.04	-4.58	12.88	94.88	相对角度姿态	-4.58	12.88		
Mac:DA:3E:20:B6:30:BA传感器0	-0.03	-0.53	0.39	-18.13	-18.13	9.70	-14.40	14.45	92.57	相对角度姿态	-14.40	14.45		
Mac:DA:3E:20:B6:30:BA传感器0	0.07	-0.42	0.82	2.44	2.44	-11.84	-16.19	11.64	92.96	相对角度姿态	-16.19	11.64		
Mac:DA:3E:20:B6:30:BA传感器0	-0.15	-0.19	1.05	6.35	6.35	18.01	-15.38	10.49	95.03	相对角度姿态	-15.38	10.49		
Mac:DA:3E:20:B6:30:BA传感器0	-0.31	-0.21	0.99	0.00	0.00	-1.04	-15.21	11.18	95.91	相对角度姿态	-15.21	11.18		
Mac:DA:3E:20:B6:30:BA传感器0	-0.19	-0.18	1.08	-8.30	-8.30	2.75	-15.03	10.79	95.93	相对角度姿态	-15.03	10.79		
Mac:DA:3E:20:B6:30:BA传感器0	-0.33	-0.27	0.90	3.78	3.78	3.36	-15.53	10.68	97.16	相对角度姿态	-15.53	10.68		
Mac:DA:3E:20:B6:30:BA传感器0	-0.44	-0.26	0.90	4.15	4.15	-4.70	-15.40	10.95	97.44	相对角度姿态	-15.40	10.95		
Mac:DA:3E:20:B6:30:BA传感器0	-0.54	-0.20	0.90	7.39	7.39	-23.32	-15.59	10.08	96.48	相对角度姿态	-15.59	10.08		
Mac:DA:3E:20:B6:30:BA传感器0	-0.38	0.04	1.09	29.72	29.72	-78.67	-15.05	8.61	93.52	相对角度姿态	-15.05	8.61		
Mac:DA:3E:20:B6:30:BA传感器0	-0.60	0.22	0.91	50.96	50.96	-152.71	-12.16	18.52	77.15	相对角度姿态	-12.16	18.52		
Mac:DA:3E:20:B6:30:BA传感器0	0.86	-0.32	1.19	14.47	14.47	-36.01	-11.95	11.20	66.45	相对角度姿态	-11.95	11.20		
Mac:DA:3E:20:B6:30:BA传感器0	0.24	-0.12	1.14	3.17	3.17	-26.49	-10.08	6.69	65.92	相对角度姿态	-10.08	6.69		
Mac:DA:3E:20:B6:30:BA传感器0	0.09	-0.28	1.13	-7.14	-7.14	-5.43	-11.96	3.00	65.90	相对角度姿态	-11.96	3.00		
Mac:DA:3E:20:B6:30:BA传感器0	-0.17	-0.30	1.01	-20.02	-20.02	-10.50	-14.05	1.95	66.52	相对角度姿态	-14.05	1.95		
Mac:DA:3E:20:B6:30:BA传感器0	-0.19	-0.24	1.03	13.31	13.31	5.19	-13.48	2.73	67.42	相对角度姿态	-13.48	2.73		
Mac:DA:3E:20:B6:30:BA传感器0	-0.10	-0.31	0.91	1.40	1.40	-1.95	-13.44	3.67	68.12	相对角度姿态	-13.44	3.67		
Mac:DA:3E:20:B6:30:BA传感器0	0.11	-0.34	0.80	9.28	9.28	4.58	-12.94	4.60	68.43	相对角度姿态	-12.94	4.60		
Mac:DA:3E:20:B6:30:BA传感器0	0.28	-0.30	0.53	3.72	3.72	45.53	-11.96	4.84	70.60	相对角度姿态	-11.96	4.84		
Mac:DA:3E:20:B6:30:BA传感器0	0.19	0.13	0.99	27.34	27.34	83.92	-8.91	3.82	78.02	相对角度姿态	-8.91	3.82		
Mac:DA:3E:20:B6:30:BA传感器0	0.04	0.30	0.74	29.30	29.30	85.27	-4.70	5.05	85.49	相对角度姿态	-4.70	5.05		
Mac:DA:3E:20:B6:30:BA传感器0	-0.50	0.33	0.94	65.55	65.55	116.70	2.08	6.44	93.90	相对角度姿态	2.08	6.44		
Mac:DA:3E:20:B6:30:BA传感器0	-0.84	0.45	1.50	37.96	37.96	77.03	9.16	6.38	103.45	相对角度姿态	9.16	6.38		
Mac:DA:3E:20:B6:30:BA传感器0	-0.74	0.19	1.10	-7.02	-7.02	12.39	10.84	9.84	107.14	相对角度姿态	10.84	9.84		
Mac:DA:3E:20:B6:30:BA传感器0	-0.25	0.11	0.93	-4.46	-4.46	-0.92	9.93	11.12	106.75	相对角度姿态	9.93	11.12		
Mac:DA:3E:20:B6:30:BA传感器0	-0.17	0.17	0.95	-3.66	-3.66	1.71	9.53	11.38	106.23	相对角度姿态	9.53	11.38		
Mac:DA:3E:20:B6:30:BA传感器0	-0.18	0.13	0.93	-2.99	-2.99	1.83	9.06	12.23	105.92	相对角度姿态	9.06	12.23		
Mac:DA:3E:20:B6:30:BA传感器0	-0.19	0.15	0.94	-1.28	-1.28	4.27	8.75	12.03	105.73	相对角度姿态	8.75	12.03		
Mac:DA:3E:20:B6:30:BA传感器0	-0.17	0.12	0.91	2.75	2.75	-0.06	8.42	11.33	105.21	相对角度姿态	8.42	11.33		
Mac:DA:3E:20:B6:30:BA传感器0	-0.19	0.17	0.96	2.81	2.81	-4.09	8.84	11.34	104.66	相对角度姿态	8.84	11.34		
Mac:DA:3E:20:B6:30:BA传感器0	-0.16	0.15	0.94	-3.17	-3.17	-3.60	8.57	10.84	103.91	相对角度姿态	8.57	10.84		
Mac:DA:3E:20:B6:30:BA传感器0	-0.15	0.13	0.91	-2.38	-2.38	-1.95	8.15	9.98	103.20	相对角度姿态	8.15	9.98		
Mac:DA:3E:20:B6:30:BA传感器0	-0.12	0.12	0.93	1.77	1.77	-1.77	7.80	8.94	102.42	相对角度姿态	7.80	8.94		
Mac:DA:3E:20:B6:30:BA传感器0	-0.13	0.14	0.99	0.61	0.61	0.43	7.92	8.54	102.08	相对角度姿态	7.92	8.54		
Mac:DA:3E:20:B6:30:BA传感器0	-0.16	0.11	0.93	-1.28	-1.28	-0.85	7.72	8.76	101.78	相对角度姿态	7.72	8.76		
Mac:DA:3E:20:B6:30:BA传感器0	-0.13	0.12	0.94	-0.18	-0.18	-1.16	7.64	8.57	101.40	相对角度姿态	7.64	8.57		
Mac:DA:3E:20:B6:30:BA传感器0	-0.13	0.12	0.95	-3.60	-3.60	-0.18	7.53	8.51	101.15	相对角度姿态	7.53	8.51		
Mac:DA:3E:20:B6:30:BA传感器0	-0.13	0.12	0.95	-1.40	-1.40	-0.98	7.40	8.60	100.91	相对角度姿态	7.40	8.60		
Mac:DA:3E:20:B6:30:BA传感器0	-0.12	0.12	0.97	-3.11	-3.11	0.31	7.26	8.40	100.62	相对角度姿态	7.26	8.40		
Mac:DA:3E:20:B6:30:BA传感器0	-0.14	0.14	0.97	0.85	0.85	0.98	7.25	8.36	100.57	相对角度姿态	7.25	8.36		
Mac:DA:3E:20:B6:30:BA传感器0	-0.13	0.13	0.95	-0.37	-0.37	-0.12	7.12	8.26	100.39	相对角度姿态	7.12	8.26		
Mac:DA:3E:20:B6:30:BA传感器0	-0.13	0.11	0.94	-0.37	-0.37	-0.12	6.98	8.18	100.19	相对角度姿态	6.98	8.18		
Mac:DA:3E:20:B6:30:BA传感器0	-0.13	0.12	0.97	1.34	1.34	0.12	7.00	8.07	100.04	相对角度姿态	7.00	8.07		
Mac:DA:3E:20:B6:30:BA传感器0	-0.14	0.12	0.94	0.92	0.92	0.12	7.01	8.32	99.83	相对角度姿态	7.01	8.32		
Mac:DA:3E:20:B6:30:BA传感器0	-0.10	0.12	0.97	1.71	1.71	0.98	7.01	8.35	99.67	相对角度姿态	7.01	8.35		
Mac:DA:3E:20:B6:30:BA传感器0	-0.16	0.12	0.93	-5.31	-5.31	-7.57	6.90	8.95	99.12	相对角度姿态	6.90	8.95		
Mac:DA:3E:20:B6:30:BA传感器0	-0.14	0.11	0.94	0.73	0.73	2.26	6.84	8.75	98.92	相对角度姿态	6.84	8.75		
Mac:DA:3E:20:B6:30:BA传感器0	-0.14	0.13	0.94	0.12	0.12	1.28	6.94	8.60	99.14	相对角度姿态	6.94	8.60		
Mac:DA:3E:20:B6:30:BA传感器0	-0.14	0.13	0.96	1.22	1.22	0.24	7.08	8.50	99.12	相对角度姿态	7.08	8.50		
Mac:DA:3E:20:B6:30:BA传感器0	-0.13	0.12	0.96	-1.10	-1.10	-0.12	7.04	8.38	98.94	相对角度姿态	7.04	8.38		
Mac:DA:3E:20:B6:30:BA传感器0	-0.15	0.12	0.95	0.00	0.00	0.98	6.95	8.30	98.84	相对角度姿态	6.95	8.30		
Mac:DA:3E:20:B6:30:BA传感器0	-0.14	0.12	0.95	0.43	0.43	1.40	7.03	8.24	98.84	相对角度姿态	7.03	8.24		
Mac:DA:3E:20:B6:30:BA传感器0	-0.13	0.12	0.95	0.55	0.55	-0.24	7.15	8.20	98.79	相对角度姿态	7.15	8.20		
Mac:DA:3E:20:B6:30:BA传感器0	-0.14	0.13	0.95	1.59	1.59	-0.61	7.37	8.27	98.78	相对角度姿态	7.37	8.27		
Mac:DA:3E:20:B6:30:BA传感器0	-0.13	0.13	0.96	2.08	2.08	0.73	7.53	8.15	98.77	相对角度姿态	7.53	8.15		
Mac:DA:3E:20:B6:30:BA传感器0	-0.13	0.12	0.94	-0.31	-0.31	1.22	7.56	8.11	98.76	相对角度姿态	7.56	8.11		
Mac:DA:3E:20:B6:30:BA传感器0	-0.15	0.14	0.95	0.18	0.18	0.73	7.76	8.09	98.76	相对角度姿态	7.76	8.09		
Mac:DA:3E:20:B6:30:BA传感器0	-0.13	0.12	0.94	0.73	0.73	-0.67	7.90	8.09	98.61	相对角度姿态	7.90	8.09		
Mac:DA:3E:20:B6:30:BA传感器0	-0.14	0.14	0.94	5.92	5.92	0.06	8.16	8.26	98.49	相对角度姿态	8.16	8.26		
Mac:DA:3E:20:B6:30:BA传感器0	-0.14	0.15	0.93	1.40	1.40	-0.92	8.52	8.29	98.43	相对角度姿态	8.52	8.29		
Mac:DA:3E:20:B6:30:BA传感器0	-0.15	0.15	0.94	2.56	2.56	0.31	8.78	8.32	98.45	相对角度姿态	8.78	8.32		
Mac:DA:3E:20:B6:30:BA传感器0	-0.13	0.14	0.93	0.92	0.92	0.37	8.94	8.29	98.39	相对角度姿态	8.94	8.29		
Mac:DA:3E:20:B6:30:BA传感器0	-0.12	0.16	0.94	1.95	1.95	0.06	9.15	8.20	98.37	相对角度姿态	9.15	8.20		
Mac:DA:3E:20:B6:30:BA传感器0	-0.14	0.15	0.93	1.83	1.83	0.24	9.30	8.15	98.34	相对角度姿态	9.30	8.15		
Mac:DA:3E:20:B6:30:BA传感器0	-0.14	0.16	0.94	2.26	2.26	0.98	9.43	8.14	98.33	相对角度姿态	9.43	8.14		
Mac:DA:3E:20:B6:30:BA传感器0	-0.13	0.16	0.94	-1.65	-1.65	-0.31	9.49	8.04	98.23	相对角度姿态	9.49	8.04		
Mac:DA:3E:20:B6:30:BA传感器0	-0.13	0.15	0.93	-1.34	-1.34	-0.92	9.51	8.02	98.14	相对角度姿态	9.51	8.02		
Mac:DA:3E:20:B6:30:BA传感器0	-0.14	0.17	0.92	4.39	4.39	-0.18	9.65	8.16	98.10	相对角度姿态	9.65	8.16		
Mac:DA:3E:20:B6:30:BA传感器0	-0.14	0.16	0.93	0.98	0.98	-1.83	9.83	8.26	97.98	相对角度姿态	9.83	8.26		
Mac:DA:3E:20:B6:30:BA传感器0	-0.14	0.17	0.93	1.95	1.95	0.92	10.01	8.24	97.96	相对角度姿态	10.01	8.24		
Mac:DA:3E:20:B6:30:BA传感器0	-0.14	0.18	0.94	1.22	1.22	0.49	10.22	8.15	98.04	相对角度姿态	10.22	8.15		
Mac:DA:3E:20:B6:30:BA传感器0	-0.14	0.17	0.93	-0.67	-0.67	-0.06	10.26	8.17	98.04	相对角度姿态	10.26	8.17		
Mac:DA:3E:20:B6:30:BA传感器0	-0.14	0.17	0.93	1.16	1.16	0.61	10.34	8.09	98.01	相对角度姿态	10.34	8.09		
Mac:DA:3E:20:B6:30:BA传感器0	-0.13	0.17	0.92	0.92	0.92	0.24	10.39	8.09	98.00	相对角度姿态	10.39	8.09		
Mac:DA:3E:20:B6:30:BA传感器0	-0.13	0.17	0.93	2.01	2.01	0.24	10.49	8.10	97.98	相对角度姿态	10.49	8.10		
Mac:DA:3E:20:B6:30:BA传感器0	-0.13	0.17	0.92	0.67	0.67	0.12	10.53	8.17	97.98	相对角度姿态	10.53	8.17		
Mac:DA:3E:20:B6:30:BA传感器0	-0.12	0.18	0.94	0.92	0.92	0.61	10.62	8.14	97.97	相对角度姿态	10.62	8.14		
Mac:DA:3E:20:B6:30:BA传感器0	-0.14	0.18	0.93	-0.31	-0.31	0.67	10.68	8.15	98.04	相对角度姿态	10.68	8.15		
Mac:DA:3E:20:B6:30:BA传感器0	-0.14	0.18	0.91	0.24	0.24	0.55	10.73	8.26	98.06	相对角度姿态	10.73	8.26		
Mac:DA:3E:20:B6:30:BA传感器0	-0.13	0.18	0.94	0.00	0.00	-0.67	10.87	8.28	98.01	相对角度姿态	10.87	8.28		
Mac:DA:3E:20:B6:30:BA传感器0	-0.14	0.18	0.93	1.10	1.10	-0.79	10.94	8.32	97.95	相对角度姿态	10.94	8.32		
Mac:DA:3E:20:B6:30:BA传感器0	-0.14	0.18	0.92	0.00	0.00	0.18	10.88	8.28	97.89	相对角度姿态	10.88	8.28		
Mac:DA:3E:20:B6:30:BA传感器0	-0.13	0.18	0.92	0.61	0.61	0.37	10.86	8.19	97.88	相对角度姿态	10.86	8.19		
Mac:DA:3E:20:B6:30:BA传感器0	-0.14	0.18	0.94	0.00	0.00	0.43	10.90	8.12	97.90	相对角度姿态	10.90	8.12		
Mac:DA:3E:20:B6:30:BA传感器0	-0.15	0.19	1.06	2.01	2.01	-0.18	10.92	8.01	97.89	相对角度姿态	10.92	8.01		
Mac:DA:3E:20:B6:30:BA传感器0	-0.19	0.24	1.27	-9.89	-9.89	-2.01	10.62	7.90	97.70	相对角度姿态	10.62	7.90		
Mac:DA:3E:20:B6:30:BA传感器0	-0.21	0.25	1.38	-43.46	-43.46	-3.23	8.04	7.64	97.15	相对角度姿态	8.04	7.64		
Mac:DA:3E:20:B6:30:BA传感器0	-0.33	0.22	1.14	-66.22	-66.22	-8.48	2.71	8.60	96.44	相对角度姿态	2.71	8.60		
Mac:DA:3E:20:B6:30:BA传感器0	-0.33	0.08	0.87	-70.01	-70.01	-27.47	-4.17	9.03	94.22	相对角度姿态	-4.17	9.03		
Mac:DA:3E:20:B6:30:BA传感器0	-0.20	-0.09	0.72	-57.43	-57.43	-48.46	-10.67	8.68	90.30	相对角度姿态	-10.67	8.68		
Mac:DA:3E:20:B6:30:BA传感器0	-0.15	-0.28	0.64	-49.44	-49.44	-61.65	-16.55	7.32	85.58	相对角度姿态	-16.55	7.32		
Mac:DA:3E:20:B6:30:BA传感器0	0.00	-0.35	0.74	-19.29	-19.29	-67.20	-20.48	4.06	80.93	相对角度姿态	-20.48	4.06		
Mac:DA:3E:20:B6:30:BA传感器0	0.06	-0.42	0.71	5.49	5.49	-64.94	-21.74	1.92	75.61	相对角度姿态	-21.74	1.92		
Mac:DA:3E:20:B6:30:BA传感器0	-0.15	-0.31	0.79	24.84	24.84	-52.80	-20.28	4.26	70.16	相对角度姿态	-20.28	4.26		
Mac:DA:3E:20:B6:30:BA传感器0	-0.00	-0.35	0.92	31.56	31.56	-51.39	-18.61	3.52	65.47	相对角度姿态	-18.61	3.52		
Mac:DA:3E:20:B6:30:BA传感器0	0.06	-0.31	0.86	36.87	36.87	-38.51	-15.86	2.55	62.34	相对角度姿态	-15.86	2.55		
Mac:DA:3E:20:B6:30:BA传感器0	-0.12	-0.13	1.03	43.21	43.21	1.04	-11.70	3.05	61.17	相对角度姿态	-11.70	3.05		
Mac:DA:3E:20:B6:30:BA传感器0	-0.05	-0.17	0.98	22.46	22.46	0.06	-8.38	3.83	61.24	相对角度姿态	-8.38	3.83		
Mac:DA:3E:20:B6:30:BA传感器0	-0.08	-0.03	1.11	59.20	59.20	13.12	-4.65	3.98	63.03	相对角度姿态	-4.65	3.98		
Mac:DA:3E:20:B6:30:BA传感器0	-0.24	0.03	0.94	44.86	44.86	2.69	0.62	5.71	64.59	相对角度姿态	0.62	5.71		
Mac:DA:3E:20:B6:30:BA传感器0	-0.16	0.05	1.00	41.20	41.20	9.46	5.24	5.60	65.99	相对角度姿态	5.24	5.60		
Mac:DA:3E:20:B6:30:BA传感器0	-0.10	0.14	0.97	32.78	32.78	19.65	9.48	6.06	68.04	相对角度姿态	9.48	6.06		
Mac:DA:3E:20:B6:30:BA传感器0	0.02	0.29	0.88	41.32	41.32	33.33	13.59	6.06	70.92	相对角度姿态	13.59	6.06		
Mac:DA:3E:20:B6:30:BA传感器0	0.00	0.42	1.10	39.55	39.55	61.89	18.35	4.75	75.71	相对角度姿态	18.35	4.75		
Mac:DA:3E:20:B6:30:BA传感器0	-0.12	0.45	1.16	3.48	3.48	74.40	20.82	4.58	83.03	相对角度姿态	20.82	4.58		
Mac:DA:3E:20:B6:30:BA传感器0	-0.15	0.49	1.06	-16.91	-16.91	75.74	20.87	5.59	91.69	相对角度姿态	20.87	5.59		
Mac:DA:3E:20:B6:30:BA传感器0	-0.34	0.44	1.09	-40.10	-40.10	60.91	19.31	6.90	99.21	相对角度姿态	19.31	6.90		
Mac:DA:3E:20:B6:30:BA传感器0	-0.35	0.37	1.03	-55.54	-55.54	35.89	15.54	7.95	103.93	相对角度姿态	15.54	7.95		
Mac:DA:3E:20:B6:30:BA传感器0	-0.23	0.29	0.91	-60.79	-60.79	18.01	10.91	9.27	106.11	相对角度姿态	10.91	9.27		
Mac:DA:3E:20:B6:30:BA传感器0	-0.29	-0.00	0.49	-34.55	-34.55	15.44	5.94	12.11	107.48	相对角度姿态	5.94	12.11		
Mac:DA:3E:20:B6:30:BA传感器0	-0.22	-0.04	0.67	-6.04	-6.04	-1.77	4.07	14.61	107.72	相对角度姿态	4.07	14.61		
Mac:DA:3E:20:B6:30:BA传感器0	-0.16	0.04	0.96	9.46	9.46	-0.92	4.27	13.83	107.17	相对角度姿态	4.27	13.83		
Mac:DA:3E:20:B6:30:BA传感器0	-0.15	0.06	0.99	4.94	4.94	-3.66	4.70	13.89	106.14	相对角度姿态	4.70	13.89		
Mac:DA:3E:20:B6:30:BA传感器0	-0.14	0.09	1.01	-1.28	-1.28	-6.04	4.91	13.52	105.18	相对角度姿态	4.91	13.52		
Mac:DA:3E:20:B6:30:BA传感器0	-0.17	0.08	0.92	9.70	9.70	-2.38	4.79	13.45	104.22	相对角度姿态	4.79	13.45		
Mac:DA:3E:20:B6:30:BA传感器0	-0.13	0.08	0.97	5.92	5.92	-1.04	5.30	12.54	103.51	相对角度姿态	5.30	12.54		
Mac:DA:3E:20:B6:30:BA传感器0	-0.15	0.09	0.96	-0.06	-0.06	0.00	5.45	11.94	103.08	相对角度姿态	5.45	11.94		
Mac:DA:3E:20:B6:30:BA传感器0	-0.16	0.08	0.98	4.46	4.46	-1.22	5.55	11.69	102.55	相对角度姿态	5.55	11.69		
Mac:DA:3E:20:B6:30:BA传感器0	-0.13	0.08	0.94	6.71	6.71	-1.53	5.69	11.22	102.00	相对角度姿态	5.69	11.22		
Mac:DA:3E:20:B6:30:BA传感器0	-0.12	0.09	0.92	1.22	1.22	-0.43	5.94	10.81	101.57	相对角度姿态	5.94	10.81		
Mac:DA:3E:20:B6:30:BA传感器0	-0.13	0.09	0.97	4.09	4.09	2.32	6.23	10.46	101.28	相对角度姿态	6.23	10.46		
Mac:DA:3E:20:B6:30:BA传感器0	-0.16	0.12	0.97	2.87	2.87	0.37	6.65	10.24	101.17	相对角度姿态	6.65	10.24		
Mac:DA:3E:20:B6:30:BA传感器0	-0.15	0.10	0.95	0.73	0.73	-1.65	6.70	10.16	100.81	相对角度姿态	6.70	10.16		
Mac:DA:3E:20:B6:30:BA传感器0	-0.14	0.12	0.93	0.55	0.55	-2.93	6.72	10.25	100.39	相对角度姿态	6.72	10.25		
Mac:DA:3E:20:B6:30:BA传感器0	-0.12	0.12	0.97	1.28	1.28	0.00	6.83	10.03	99.96	相对角度姿态	6.83	10.03		
Mac:DA:3E:20:B6:30:BA传感器0	-0.14	0.12	0.97	-0.49	-0.49	0.49	6.85	9.85	99.77	相对角度姿态	6.85	9.85		
Mac:DA:3E:20:B6:30:BA传感器0	-0.11	0.11	0.97	-1.59	-1.59	0.37	6.69	9.17	99.56	相对角度姿态	6.69	9.17		
Mac:DA:3E:20:B6:30:BA传感器0	-0.15	0.11	0.93	-3.05	-3.05	0.79	6.50	8.84	99.52	相对角度姿态	6.50	8.84		
Mac:DA:3E:20:B6:30:BA传感器0	-0.13	0.10	0.94	0.92	0.92	-1.34	6.41	8.81	99.32	相对角度姿态	6.41	8.81		
Mac:DA:3E:20:B6:30:BA传感器0	-0.11	0.09	0.93	9.77	9.77	-0.73	6.67	8.71	98.96	相对角度姿态	6.67	8.71		
Mac:DA:3E:20:B6:30:BA传感器0	-0.14	0.12	0.93	7.81	7.81	-1.04	7.27	8.68	98.68	相对角度姿态	7.27	8.68		
Mac:DA:3E:20:B6:30:BA传感器0	-0.14	0.12	0.92	6.53	6.53	-2.32	8.01	8.53	98.37	相对角度姿态	8.01	8.53		
Mac:DA:3E:20:B6:30:BA传感器0	-0.12	0.14	0.98	7.14	7.14	-3.60	8.75	8.49	97.95	相对角度姿态	8.75	8.49		
Mac:DA:3E:20:B6:30:BA传感器0	-0.14	0.14	1.09	13.31	13.31	1.22	9.49	8.79	97.84	相对角度姿态	9.49	8.79		
Mac:DA:3E:20:B6:30:BA传感器0	-0.17	0.22	1.36	-1.77	-1.77	7.63	10.04	8.05	98.34	相对角度姿态	10.04	8.05		
Mac:DA:3E:20:B6:30:BA传感器0	-0.19	0.56	1.62	25.94	25.94	11.35	10.89	5.33	98.31	相对角度姿态	10.89	5.33		
Mac:DA:3E:20:B6:30:BA传感器0	-0.13	0.50	1.24	-21.97	-21.97	1.77	9.79	6.14	97.40	相对角度姿态	9.79	6.14		
Mac:DA:3E:20:B6:30:BA传感器0	0.11	0.25	0.64	-93.14	-93.14	-13.43	3.57	8.61	97.31	相对角度姿态	3.57	8.61		
Mac:DA:3E:20:B6:30:BA传感器0	0.10	-0.56	0.02	-54.99	-54.99	7.39	-8.77	12.52	95.63	相对角度姿态	-8.77	12.52		
Mac:DA:3E:20:B6:30:BA传感器0	0.07	-0.45	0.60	-21.24	-21.24	-6.53	-12.78	11.57	96.28	相对角度姿态	-12.78	11.57		
Mac:DA:3E:20:B6:30:BA传感器0	-0.14	-0.17	1.05	5.19	5.19	7.81	-12.76	10.57	96.89	相对角度姿态	-12.76	10.57		
Mac:DA:3E:20:B6:30:BA传感器0	-0.31	-0.07	1.11	-6.41	-6.41	-1.71	-12.01	10.62	97.26	相对角度姿态	-12.01	10.62		
Mac:DA:3E:20:B6:30:BA传感器0	-0.41	-0.15	0.97	-15.50	-15.50	-15.81	-12.76	10.43	96.73	相对角度姿态	-12.76	10.43		
Mac:DA:3E:20:B6:30:BA传感器0	-0.59	-0.16	0.92	2.32	2.32	-45.47	-13.78	10.86	93.86	相对角度姿态	-13.78	10.86		
Mac:DA:3E:20:B6:30:BA传感器0	-0.68	-0.11	0.79	1.04	1.04	-51.03	-14.53	10.93	90.04	相对角度姿态	-14.53	10.93		
Mac:DA:3E:20:B6:30:BA传感器0	-0.07	0.00	0.80	55.54	55.54	-109.68	-13.18	7.66	81.23	相对角度姿态	-13.18	7.66		
Mac:DA:3E:20:B6:30:BA传感器0	0.50	-0.01	1.37	21.30	21.30	-47.06	-9.92	2.91	76.11	相对角度姿态	-9.92	2.91		
Mac:DA:3E:20:B6:30:BA传感器0	0.28	-0.18	1.10	-15.44	-15.44	-35.16	-11.39	1.37	73.08	相对角度姿态	-11.39	1.37		
Mac:DA:3E:20:B6:30:BA传感器0	0.14	-0.31	1.02	-22.89	-22.89	-18.55	-13.06	0.13	71.06	相对角度姿态	-13.06	0.13		
Mac:DA:3E:20:B6:30:BA传感器0	0.01	-0.31	0.95	-19.23	-19.23	-11.17	-14.17	-1.26	70.86	相对角度姿态	-14.17	-1.26		
Mac:DA:3E:20:B6:30:BA传感器0	-0.08	-0.33	0.85	-6.90	-6.90	1.53	-15.65	-1.48	71.66	相对角度姿态	-15.65	-1.48		
Mac:DA:3E:20:B6:30:BA传感器0	-0.05	-0.35	0.69	18.25	18.25	-5.74	-15.60	-0.01	71.47	相对角度姿态	-15.60	-0.01		
Mac:DA:3E:20:B6:30:BA传感器0	-0.01	-0.26	0.64	17.21	17.21	5.37	-13.69	0.43	72.01	相对角度姿态	-13.69	0.43		
Mac:DA:3E:20:B6:30:BA传感器0	-0.13	0.01	0.66	45.65	45.65	4.70	-10.04	1.86	72.56	相对角度姿态	-10.04	1.86		
Mac:DA:3E:20:B6:30:BA传感器0	0.03	0.18	0.99	82.21	82.21	-2.99	-1.94	0.88	71.55	相对角度姿态	-1.94	0.88		
Mac:DA:3E:20:B6:30:BA传感器0	-0.11	0.30	1.70	86.85	86.85	16.78	7.36	-0.02	73.13	相对角度姿态	7.36	-0.02		
Mac:DA:3E:20:B6:30:BA传感器0	-0.26	0.40	1.48	38.88	38.88	12.76	13.02	1.02	75.62	相对角度姿态	13.02	1.02		
Mac:DA:3E:20:B6:30:BA传感器0	-0.13	0.24	1.13	-8.06	-8.06	-18.07	13.61	1.42	75.64	相对角度姿态	13.61	1.42		
Mac:DA:3E:20:B6:30:BA传感器0	-0.09	0.20	0.99	-11.11	-11.11	-17.94	12.63	2.06	74.58	相对角度姿态	12.63	2.06		
Mac:DA:3E:20:B6:30:BA传感器0	-0.06	0.18	0.91	-3.42	-3.42	-15.99	11.37	2.08	73.65	相对角度姿态	11.37	2.08		
Mac:DA:3E:20:B6:30:BA传感器0	0.10	0.16	0.91	-6.29	-6.29	-15.56	10.61	2.76	72.66	相对角度姿态	10.61	2.76		
Mac:DA:3E:20:B6:30:BA传感器0	0.21	0.28	0.98	-13.18	-13.18	-14.65	10.28	3.65	72.45	相对角度姿态	10.28	3.65		
Mac:DA:3E:20:B6:30:BA传感器0	0.57	0.22	0.81	-10.74	-10.74	46.57	8.79	-0.03	73.36	相对角度姿态	8.79	-0.03		
Mac:DA:3E:20:B6:30:BA传感器0	0.34	0.47	1.03	5.25	5.25	121.95	9.63	-1.74	82.48	相对角度姿态	9.63	-1.74		
Mac:DA:3E:20:B6:30:BA传感器0	-0.22	0.40	0.90	-28.50	-28.50	134.58	9.85	3.71	95.59	相对角度姿态	9.85	3.71		
Mac:DA:3E:20:B6:30:BA传感器0	-1.20	0.36	0.80	-13.12	-13.12	77.33	11.07	8.52	108.26	相对角度姿态	11.07	8.52		
Mac:DA:3E:20:B6:30:BA传感器0	-0.44	0.04	0.76	-7.39	-7.39	-3.17	10.70	12.43	110.69	相对角度姿态	10.70	12.43		
Mac:DA:3E:20:B6:30:BA传感器0	-0.20	0.14	0.91	1.89	1.89	-2.32	10.52	14.29	110.45	相对角度姿态	10.52	14.29		
Mac:DA:3E:20:B6:30:BA传感器0	-0.24	0.17	0.90	4.15	4.15	-0.24	10.75	15.89	110.07	相对角度姿态	10.75	15.89		
Mac:DA:3E:20:B6:30:BA传感器0	-0.19	0.16	0.95	-1.22	-1.22	-6.16	10.78	15.47	109.00	相对角度姿态	10.78	15.47		
Mac:DA:3E:20:B6:30:BA传感器0	-0.16	0.16	0.94	0.00	0.00	-4.09	10.72	14.80	107.92	相对角度姿态	10.72	14.80		
Mac:DA:3E:20:B6:30:BA传感器0	-0.17	0.15	0.90	-0.55	-0.55	-0.92	10.67	14.32	107.11	相对角度姿态	10.67	14.32		
Mac:DA:3E:20:B6:30:BA传感器0	-0.19	0.17	0.92	-0.18	-0.18	0.18	10.69	13.95	106.51	相对角度姿态	10.69	13.95		
Mac:DA:3E:20:B6:30:BA传感器0	-0.19	0.18	0.95	0.49	0.49	0.06	10.65	13.49	106.03	相对角度姿态	10.65	13.49		
Mac:DA:3E:20:B6:30:BA传感器0	-0.18	0.18	0.91	1.34	1.34	-4.27	10.57	13.69	105.35	相对角度姿态	10.57	13.69		
Mac:DA:3E:20:B6:30:BA传感器0	-0.15	0.15	0.93	-1.59	-1.59	-0.55	10.28	13.24	104.58	相对角度姿态	10.28	13.24		
Mac:DA:3E:20:B6:30:BA传感器0	-0.16	0.17	0.91	-1.22	-1.22	1.46	10.17	12.83	104.22	相对角度姿态	10.17	12.83		
Mac:DA:3E:20:B6:30:BA传感器0	-0.17	0.16	0.92	1.89	1.89	-1.95	10.19	12.58	103.75	相对角度姿态	10.19	12.58		
Mac:DA:3E:20:B6:30:BA传感器0	-0.17	0.17	0.93	0.67	0.67	-0.18	10.15	12.40	103.23	相对角度姿态	10.15	12.40		
Mac:DA:3E:20:B6:30:BA传感器0	-0.18	0.16	0.92	0.31	0.31	-0.37	10.11	12.30	102.85	相对角度姿态	10.11	12.30		
Mac:DA:3E:20:B6:30:BA传感器0	-0.17	0.17	0.94	1.95	1.95	0.92	10.18	12.06	102.57	相对角度姿态	10.18	12.06		
Mac:DA:3E:20:B6:30:BA传感器0	-0.18	0.18	0.93	3.42	3.42	1.59	10.25	11.85	102.29	相对角度姿态	10.25	11.85		
Mac:DA:3E:20:B6:30:BA传感器0	-0.16	0.15	0.91	0.12	0.12	0.73	10.23	11.60	102.02	相对角度姿态	10.23	11.60		
Mac:DA:3E:20:B6:30:BA传感器0	-0.15	0.16	0.92	2.32	2.32	1.65	10.29	11.44	101.81	相对角度姿态	10.29	11.44		
Mac:DA:3E:20:B6:30:BA传感器0	-0.16	0.17	0.92	-0.37	-0.37	-1.04	10.44	11.49	101.67	相对角度姿态	10.44	11.49		
Mac:DA:3E:20:B6:30:BA传感器0	-0.15	0.17	0.91	1.22	1.22	1.46	10.43	11.41	101.52	相对角度姿态	10.43	11.41		
Mac:DA:3E:20:B6:30:BA传感器0	-0.16	0.16	0.90	2.81	2.81	1.89	10.50	11.41	101.50	相对角度姿态	10.50	11.41		
Mac:DA:3E:20:B6:30:BA传感器0	-0.17	0.18	0.92	1.40	1.40	1.89	10.71	11.40	101.51	相对角度姿态	10.71	11.40		
Mac:DA:3E:20:B6:30:BA传感器0	-0.17	0.18	0.92	0.12	0.12	1.22	10.82	11.40	101.46	相对角度姿态	10.82	11.40		
Mac:DA:3E:20:B6:30:BA传感器0	-0.18	0.19	0.93	0.00	0.00	-0.12	10.93	11.32	101.31	相对角度姿态	10.93	11.32		
Mac:DA:3E:20:B6:30:BA传感器0	-0.16	0.18	0.92	0.92	0.92	0.18	10.93	11.22	101.07	相对角度姿态	10.93	11.22		
Mac:DA:3E:20:B6:30:BA传感器0	-0.15	0.18	0.91	2.62	2.62	0.00	11.01	11.08	100.88	相对角度姿态	11.01	11.08		
Mac:DA:3E:20:B6:30:BA传感器0	-0.15	0.17	0.93	1.10	1.10	0.79	11.26	10.82	100.70	相对角度姿态	11.26	10.82		
Mac:DA:3E:20:B6:30:BA传感器0	-0.18	0.18	0.91	0.06	0.06	0.67	11.21	10.78	100.65	相对角度姿态	11.21	10.78		
Mac:DA:3E:20:B6:30:BA传感器0	-0.16	0.18	0.92	-1.22	-1.22	-1.28	11.16	10.70	100.41	相对角度姿态	11.16	10.70		
Mac:DA:3E:20:B6:30:BA传感器0	-0.16	0.18	0.92	-0.37	-0.37	0.92	11.11	10.66	100.26	相对角度姿态	11.11	10.66		
Mac:DA:3E:20:B6:30:BA传感器0	-0.17	0.17	0.91	-1.16	-1.16	-0.18	11.07	10.69	100.15	相对角度姿态	11.07	10.69		
Mac:DA:3E:20:B6:30:BA传感器0	-0.16	0.18	0.92	-1.28	-1.28	-0.06	11.07	10.61	100.04	相对角度姿态	11.07	10.61		
Mac:DA:3E:20:B6:30:BA传感器0	-0.16	0.17	0.91	-0.98	-0.98	-0.06	11.06	10.61	99.93	相对角度姿态	11.06	10.61		
Mac:DA:3E:20:B6:30:BA传感器0	-0.17	0.19	0.92	1.95	1.95	0.61	11.22	10.50	99.86	相对角度姿态	11.22	10.50		
Mac:DA:3E:20:B6:30:BA传感器0	-0.14	0.19	0.94	0.61	0.61	-0.55	11.30	10.38	99.68	相对角度姿态	11.30	10.38		
Mac:DA:3E:20:B6:30:BA传感器0	-0.17	0.19	0.92	1.40	1.40	0.43	11.38	10.48	99.65	相对角度姿态	11.38	10.48		
Mac:DA:3E:20:B6:30:BA传感器0	-0.17	0.19	0.91	0.73	0.73	-0.12	11.50	10.45	99.59	相对角度姿态	11.50	10.45		
Mac:DA:3E:20:B6:30:BA传感器0	-0.19	0.19	0.92	2.87	2.87	0.61	11.74	10.34	99.57	相对角度姿态	11.74	10.34		
Mac:DA:3E:20:B6:30:BA传感器0	-0.26	0.19	1.04	5.37	5.37	3.97	12.13	10.37	99.56	相对角度姿态	12.13	10.37		
Mac:DA:3E:20:B6:30:BA传感器0	-0.32	0.20	1.12	-6.04	-6.04	0.00	12.08	9.54	99.53	相对角度姿态	12.08	9.54		
Mac:DA:3E:20:B6:30:BA传感器0	-0.39	0.32	1.35	4.21	4.21	4.15	11.81	8.37	99.37	相对角度姿态	11.81	8.37		
Mac:DA:3E:20:B6:30:BA传感器0	-0.38	0.54	1.43	-35.64	-35.64	-4.64	10.64	7.87	98.88	相对角度姿态	10.64	7.87		
Mac:DA:3E:20:B6:30:BA传感器0	-0.19	0.52	1.03	-95.34	-95.34	-39.00	3.85	6.67	95.94	相对角度姿态	3.85	6.67		
Mac:DA:3E:20:B6:30:BA传感器0	-0.19	0.16	0.50	-57.43	-57.43	-116.70	-3.78	10.87	87.68	相对角度姿态	-3.78	10.87		
Mac:DA:3E:20:B6:30:BA传感器0	0.58	-0.40	0.48	-45.84	-45.84	-94.54	-10.63	12.30	75.39	相对角度姿态	-10.63	12.30		
Mac:DA:3E:20:B6:30:BA传感器0	0.34	-0.45	0.61	-23.07	-23.07	-8.24	-14.92	7.68	73.43	相对角度姿态	-14.92	7.68		
Mac:DA:3E:20:B6:30:BA传感器0	0.05	-0.28	1.05	10.01	10.01	3.23	-16.02	4.15	75.33	相对角度姿态	-16.02	4.15		
Mac:DA:3E:20:B6:30:BA传感器0	-0.10	-0.34	1.02	0.98	0.98	1.46	-16.09	3.49	76.46	相对角度姿态	-16.09	3.49		
Mac:DA:3E:20:B6:30:BA传感器0	-0.19	-0.34	0.94	-0.61	-0.61	-3.72	-16.40	3.39	77.56	相对角度姿态	-16.40	3.39		
Mac:DA:3E:20:B6:30:BA传感器0	-0.13	-0.39	0.85	13.98	13.98	-12.02	-16.52	3.20	77.89	相对角度姿态	-16.52	3.20		
Mac:DA:3E:20:B6:30:BA传感器0	-0.22	-0.38	0.69	25.57	25.57	-14.22	-15.56	3.86	77.96	相对角度姿态	-15.56	3.86		
Mac:DA:3E:20:B6:30:BA传感器0	-0.26	-0.31	0.54	41.87	41.87	-15.01	-13.19	5.94	77.22	相对角度姿态	-13.19	5.94		
Mac:DA:3E:20:B6:30:BA传感器0	-0.25	-0.05	0.53	70.25	70.25	-19.35	-8.40	7.36	76.43	相对角度姿态	-8.40	7.36		
Mac:DA:3E:20:B6:30:BA传感器0	-0.36	0.36	0.71	101.20	101.20	-5.43	0.16	7.79	74.79	相对角度姿态	0.16	7.79		
Mac:DA:3E:20:B6:30:BA传感器0	0.02	0.64	1.64	117.25	117.25	-64.45	12.55	4.94	69.71	相对角度姿态	12.55	4.94		
Mac:DA:3E:20:B6:30:BA传感器0	0.10	0.41	1.52	34.30	34.30	-27.34	18.98	4.00	65.60	相对角度姿态	18.98	4.00		
Mac:DA:3E:20:B6:30:BA传感器0	-0.15	0.33	1.18	-8.24	-8.24	-19.59	20.33	4.44	64.78	相对角度姿态	20.33	4.44		
Mac:DA:3E:20:B6:30:BA传感器0	-0.16	0.22	0.85	-16.24	-16.24	-0.12	18.05	3.13	63.92	相对角度姿态	18.05	3.13		
Mac:DA:3E:20:B6:30:BA传感器0	-0.13	0.25	0.91	-8.79	-8.79	-5.55	16.95	2.85	64.37	相对角度姿态	16.95	2.85		
Mac:DA:3E:20:B6:30:BA传感器0	0.06	0.25	0.93	4.15	4.15	5.80	16.12	2.36	64.91	相对角度姿态	16.12	2.36		
Mac:DA:3E:20:B6:30:BA传感器0	0.39	0.23	0.91	-12.45	-12.45	19.10	15.07	1.49	67.28	相对角度姿态	15.07	1.49		
Mac:DA:3E:20:B6:30:BA传感器0	0.36	0.42	0.91	-15.14	-15.14	70.68	14.33	2.14	73.29	相对角度姿态	14.33	2.14		
Mac:DA:3E:20:B6:30:BA传感器0	0.01	0.48	0.79	-34.61	-34.61	98.14	13.63	5.36	83.70	相对角度姿态	13.63	5.36		
Mac:DA:3E:20:B6:30:BA传感器0	-0.51	0.48	0.86	-35.28	-35.28	108.28	12.24	5.62	94.82	相对角度姿态	12.24	5.62		
Mac:DA:3E:20:B6:30:BA传感器0	-0.71	0.23	0.74	0.31	0.31	102.72	10.56	6.61	104.33	相对角度姿态	10.56	6.61		
Mac:DA:3E:20:B6:30:BA传感器0	-0.71	0.17	0.81	-0.18	-0.18	31.56	11.54	9.38	110.62	相对角度姿态	11.54	9.38		
Mac:DA:3E:20:B6:30:BA传感器0	-0.32	0.12	0.93	1.89	1.89	2.20	11.72	12.44	111.37	相对角度姿态	11.72	12.44		
Mac:DA:3E:20:B6:30:BA传感器0	-0.17	0.18	0.99	-0.55	-0.55	-7.02	11.60	14.01	110.57	相对角度姿态	11.60	14.01		
Mac:DA:3E:20:B6:30:BA传感器0	-0.10	0.18	0.96	-0.12	-0.12	-3.48	11.16	14.12	109.34	相对角度姿态	11.16	14.12		
Mac:DA:3E:20:B6:30:BA传感器0	-0.10	0.15	0.94	-0.98	-0.98	1.71	10.82	13.53	108.54	相对角度姿态	10.82	13.53		
Mac:DA:3E:20:B6:30:BA传感器0	-0.11	0.15	0.94	-0.31	-0.31	4.27	10.68	13.32	108.27	相对角度姿态	10.68	13.32		
Mac:DA:3E:20:B6:30:BA传感器0	-0.15	0.15	0.91	0.73	0.73	6.41	10.63	13.24	108.30	相对角度姿态	10.63	13.24		
Mac:DA:3E:20:B6:30:BA传感器0	-0.20	0.19	0.95	1.83	1.83	3.60	11.03	13.18	108.43	相对角度姿态	11.03	13.18		
Mac:DA:3E:20:B6:30:BA传感器0	-0.15	0.17	0.93	1.95	1.95	-1.22	10.99	12.86	107.92	相对角度姿态	10.99	12.86		
Mac:DA:3E:20:B6:30:BA传感器0	-0.15	0.17	0.93	1.53	1.53	-0.61	10.91	12.61	107.31	相对角度姿态	10.91	12.61		
Mac:DA:3E:20:B6:30:BA传感器0	-0.15	0.18	0.94	1.89	1.89	-0.18	10.89	12.23	106.77	相对角度姿态	10.89	12.23		
Mac:DA:3E:20:B6:30:BA传感器0	-0.15	0.17	0.94	0.43	0.43	-2.75	10.74	11.97	106.11	相对角度姿态	10.74	11.97		
Mac:DA:3E:20:B6:30:BA传感器0	-0.13	0.16	0.93	2.26	2.26	-1.59	10.57	11.68	105.41	相对角度姿态	10.57	11.68		
Mac:DA:3E:20:B6:30:BA传感器0	-0.14	0.16	0.94	-1.89	-1.89	-1.28	10.43	11.33	104.79	相对角度姿态	10.43	11.33		
Mac:DA:3E:20:B6:30:BA传感器0	-0.15	0.15	0.92	-1.46	-1.46	-1.28	10.16	11.22	104.35	相对角度姿态	10.16	11.22		
Mac:DA:3E:20:B6:30:BA传感器0	-0.18	0.15	0.94	1.22	1.22	-4.03	10.02	11.39	103.77	相对角度姿态	10.02	11.39		
Mac:DA:3E:20:B6:30:BA传感器0	-0.15	0.17	0.93	-2.01	-2.01	-4.70	9.69	11.13	102.98	相对角度姿态	9.69	11.13		
Mac:DA:3E:20:B6:30:BA传感器0	-0.11	0.13	0.92	-1.53	-1.53	-1.95	9.26	10.43	102.23	相对角度姿态	9.26	10.43		
Mac:DA:3E:20:B6:30:BA传感器0	-0.12	0.12	0.92	-1.71	-1.71	1.77	8.96	9.89	101.89	相对角度姿态	8.96	9.89		
Mac:DA:3E:20:B6:30:BA传感器0	-0.12	0.13	0.93	0.49	0.49	0.49	8.88	9.73	101.76	相对角度姿态	8.88	9.73		
Mac:DA:3E:20:B6:30:BA传感器0	-0.12	0.13	0.94	0.00	0.00	0.92	8.95	9.36	101.65	相对角度姿态	8.95	9.36		
Mac:DA:3E:20:B6:30:BA传感器0	-0.16	0.17	0.95	0.00	0.00	-0.37	9.17	9.44	101.72	相对角度姿态	9.17	9.44		
Mac:DA:3E:20:B6:30:BA传感器0	-0.13	0.16	0.96	-0.12	-0.12	-1.89	9.23	9.19	101.39	相对角度姿态	9.23	9.19		
Mac:DA:3E:20:B6:30:BA传感器0	-0.11	0.14	0.94	-1.59	-1.59	-1.59	9.05	8.67	101.02	相对角度姿态	9.05	8.67		
Mac:DA:3E:20:B6:30:BA传感器0	-0.10	0.15	0.97	-2.87	-2.87	-2.20	9.12	7.95	100.72	相对角度姿态	9.12	7.95		
Mac:DA:3E:20:B6:30:BA传感器0	-0.12	0.16	0.95	0.06	0.06	-0.06	8.95	7.83	100.57	相对角度姿态	8.95	7.83		
Mac:DA:3E:20:B6:30:BA传感器0	-0.11	0.14	0.95	0.49	0.49	1.28	8.92	7.68	100.40	相对角度姿态	8.92	7.68		
Mac:DA:3E:20:B6:30:BA传感器0	-0.12	0.14	0.93	0.37	0.37	1.53	8.82	7.70	100.35	相对角度姿态	8.82	7.70		
Mac:DA:3E:20:B6:30:BA传感器0	-0.11	0.15	0.95	-1.04	-1.04	-0.18	8.85	7.60	100.26	相对角度姿态	8.85	7.60		
Mac:DA:3E:20:B6:30:BA传感器0	-0.11	0.14	0.95	0.00	0.00	1.53	8.80	7.27	100.18	相对角度姿态	8.80	7.27		
Mac:DA:3E:20:B6:30:BA传感器0	-0.11	0.14	0.94	1.34	1.34	-0.67	8.81	7.16	100.10	相对角度姿态	8.81	7.16		
Mac:DA:3E:20:B6:30:BA传感器0	-0.10	0.14	0.93	-0.85	-0.85	0.00	8.71	6.97	99.98	相对角度姿态	8.71	6.97		
Mac:DA:3E:20:B6:30:BA传感器0	-0.10	0.14	0.95	-1.46	-1.46	-0.49	8.76	6.85	99.88	相对角度姿态	8.76	6.85		
Mac:DA:3E:20:B6:30:BA传感器0	-0.09	0.14	0.95	-0.31	-0.31	0.61	8.72	6.78	99.78	相对角度姿态	8.72	6.78		
Mac:DA:3E:20:B6:30:BA传感器0	-0.10	0.14	0.94	-1.59	-1.59	-0.12	8.70	6.72	99.72	相对角度姿态	8.70	6.72		
Mac:DA:3E:20:B6:30:BA传感器0	-0.10	0.14	0.94	0.18	0.18	0.00	8.65	6.67	99.63	相对角度姿态	8.65	6.67		
Mac:DA:3E:20:B6:30:BA传感器0	-0.10	0.15	0.95	0.12	0.12	0.43	8.73	6.64	99.55	相对角度姿态	8.73	6.64		
Mac:DA:3E:20:B6:30:BA传感器0	-0.10	0.15	0.95	0.73	0.73	0.79	8.71	6.58	99.48	相对角度姿态	8.71	6.58		
Mac:DA:3E:20:B6:30:BA传感器0	-0.10	0.15	0.95	0.00	0.00	0.00	8.77	6.55	99.44	相对角度姿态	8.77	6.55		
Mac:DA:3E:20:B6:30:BA传感器0	-0.11	0.13	0.93	0.00	0.00	-0.61	8.72	6.67	99.39	相对角度姿态	8.72	6.67		
Mac:DA:3E:20:B6:30:BA传感器0	-0.09	0.15	0.96	-1.40	-1.40	0.06	8.77	6.52	99.33	相对角度姿态	8.77	6.52		
Mac:DA:3E:20:B6:30:BA传感器0	-0.10	0.15	0.94	-0.79	-0.79	0.43	8.77	6.47	99.31	相对角度姿态	8.77	6.47		
Mac:DA:3E:20:B6:30:BA传感器0	-0.09	0.14	0.94	0.73	0.73	-0.31	8.79	6.44	99.24	相对角度姿态	8.79	6.44		
Mac:DA:3E:20:B6:30:BA传感器0	-0.12	0.15	0.94	0.85	0.85	-0.06	8.92	6.52	99.24	相对角度姿态	8.92	6.52		
Mac:DA:3E:20:B6:30:BA传感器0	-0.10	0.15	0.95	1.59	1.59	0.55	8.99	6.46	99.16	相对角度姿态	8.99	6.46		
Mac:DA:3E:20:B6:30:BA传感器0	-0.11	0.15	0.95	0.55	0.55	0.43	9.02	6.39	99.15	相对角度姿态	9.02	6.39		
Mac:DA:3E:20:B6:30:BA传感器0	-0.09	0.15	0.95	2.14	2.14	-0.37	9.05	6.37	99.07	相对角度姿态	9.05	6.37		
Mac:DA:3E:20:B6:30:BA传感器0	-0.10	0.15	0.94	0.61	0.61	0.43	9.14	6.14	99.07	相对角度姿态	9.14	6.14		
Mac:DA:3E:20:B6:30:BA传感器0	-0.09	0.15	0.94	-1.65	-1.65	0.31	9.07	6.00	99.03	相对角度姿态	9.07	6.00		
Mac:DA:3E:20:B6:30:BA传感器0	-0.10	0.16	0.94	1.04	1.04	-0.06	9.01	6.01	99.03	相对角度姿态	9.01	6.01		
Mac:DA:3E:20:B6:30:BA传感器0	-0.10	0.15	0.94	1.83	1.83	0.00	9.01	6.02	98.93	相对角度姿态	9.01	6.02		
Mac:DA:3E:20:B6:30:BA传感器0	-0.09	0.15	0.94	0.12	0.12	0.00	9.04	5.95	98.84	相对角度姿态	9.04	5.95		
