开始时间：2020年08月06日 13:49:48 
传感器1	加速度X	加速度Y	加速度Z	角速度X	角速度Y	角速度Z	角度X	角度Y	角度Z	传感器2	加速度X	加速度Y	加速度Z	角速度X	角速度Y	角速度Z	角度X	角度Y	角度Z	相对姿态角度	角度X	角度Y	
Mac:DA:3E:20:B6:30:BA传感器0	-0.02	0.04	0.99	-2.01	-2.01	-0.79	2.52	0.69	94.42	相对角度姿态	2.52	0.69		
Mac:DA:3E:20:B6:30:BA传感器0	-0.01	0.04	0.98	0.12	0.12	0.00	2.50	0.69	94.41	相对角度姿态	2.50	0.69		
Mac:DA:3E:20:B6:30:BA传感器0	-0.01	0.05	0.99	-0.18	-0.18	-0.18	2.55	0.68	94.42	相对角度姿态	2.55	0.68		
Mac:DA:3E:20:B6:30:BA传感器0	-0.01	0.04	0.99	-0.61	-0.61	-0.06	2.51	0.66	94.44	相对角度姿态	2.51	0.66		
Mac:DA:3E:20:B6:30:BA传感器0	-0.01	0.05	1.00	1.04	1.04	1.53	2.52	0.59	94.52	相对角度姿态	2.52	0.59		
Mac:DA:3E:20:B6:30:BA传感器0	-0.00	0.04	1.00	-0.31	-0.31	1.22	2.41	0.35	94.62	相对角度姿态	2.41	0.35		
Mac:DA:3E:20:B6:30:BA传感器0	-0.03	0.04	0.98	1.34	1.34	-0.43	2.36	0.46	94.64	相对角度姿态	2.36	0.46		
Mac:DA:3E:20:B6:30:BA传感器0	0.01	0.04	0.99	0.49	0.49	-1.10	2.43	0.55	94.49	相对角度姿态	2.43	0.55		
Mac:DA:3E:20:B6:30:BA传感器0	-0.01	0.05	1.01	-0.31	-0.31	0.92	2.52	0.44	94.52	相对角度姿态	2.52	0.44		
Mac:DA:3E:20:B6:30:BA传感器0	-0.03	0.05	0.98	1.28	1.28	1.53	2.42	0.39	94.65	相对角度姿态	2.42	0.39		
Mac:DA:3E:20:B6:30:BA传感器0	0.01	0.01	0.99	-2.26	-2.26	-1.04	2.38	0.74	94.55	相对角度姿态	2.38	0.74		
Mac:DA:3E:20:B6:30:BA传感器0	-0.02	0.04	1.00	-0.31	-0.31	3.17	2.22	0.71	94.73	相对角度姿态	2.22	0.71		
Mac:DA:3E:20:B6:30:BA传感器0	-0.03	0.06	0.98	-5.62	-5.62	-3.30	2.05	1.02	94.70	相对角度姿态	2.05	1.02		
Mac:DA:3E:20:B6:30:BA传感器0	0.03	0.01	0.98	-4.03	-4.03	-1.10	1.65	0.97	94.32	相对角度姿态	1.65	0.97		
Mac:DA:3E:20:B6:30:BA传感器0	-0.02	0.02	1.00	-1.77	-1.77	3.17	1.39	0.63	94.50	相对角度姿态	1.39	0.63		
Mac:DA:3E:20:B6:30:BA传感器0	-0.02	0.01	0.99	-4.33	-4.33	0.18	1.19	0.49	94.60	相对角度姿态	1.19	0.49		
Mac:DA:3E:20:B6:30:BA传感器0	0.01	0.01	0.97	-0.79	-0.79	1.83	0.98	0.49	94.70	相对角度姿态	0.98	0.49		
Mac:DA:3E:20:B6:30:BA传感器0	-0.02	0.04	1.03	0.12	0.12	2.20	1.15	0.44	95.00	相对角度姿态	1.15	0.44		
Mac:DA:3E:20:B6:30:BA传感器0	-0.02	0.02	0.99	-2.14	-2.14	0.12	0.98	0.76	95.05	相对角度姿态	0.98	0.76		
Mac:DA:3E:20:B6:30:BA传感器0	0.00	0.01	1.00	-2.26	-2.26	0.31	0.85	0.93	95.03	相对角度姿态	0.85	0.93		
Mac:DA:3E:20:B6:30:BA传感器0	-0.00	0.00	0.99	3.11	3.11	1.46	0.87	0.81	95.14	相对角度姿态	0.87	0.81		
Mac:DA:3E:20:B6:30:BA传感器0	-0.03	0.02	0.98	-1.89	-1.89	0.67	1.05	0.97	95.29	相对角度姿态	1.05	0.97		
Mac:DA:3E:20:B6:30:BA传感器0	-0.04	0.04	1.01	2.32	2.32	-1.46	1.31	1.25	95.23	相对角度姿态	1.31	1.25		
Mac:DA:3E:20:B6:30:BA传感器0	0.00	0.02	1.00	-0.49	-0.49	-1.95	1.42	1.25	94.97	相对角度姿态	1.42	1.25		
Mac:DA:3E:20:B6:30:BA传感器0	-0.02	0.02	0.97	-1.65	-1.65	1.28	1.25	1.19	94.98	相对角度姿态	1.25	1.19		
Mac:DA:3E:20:B6:30:BA传感器0	-0.03	0.01	0.97	1.22	1.22	0.92	1.21	1.27	95.06	相对角度姿态	1.21	1.27		
Mac:DA:3E:20:B6:30:BA传感器0	-0.01	0.02	1.00	-0.61	-0.61	1.46	1.28	0.96	95.15	相对角度姿态	1.28	0.96		
Mac:DA:3E:20:B6:30:BA传感器0	-0.02	0.03	1.00	1.89	1.89	-0.06	1.49	1.04	95.20	相对角度姿态	1.49	1.04		
Mac:DA:3E:20:B6:30:BA传感器0	-0.01	0.03	1.00	0.79	0.79	-0.18	1.60	1.21	95.11	相对角度姿态	1.60	1.21		
Mac:DA:3E:20:B6:30:BA传感器0	-0.00	0.03	1.00	0.73	0.73	1.16	1.66	1.19	95.16	相对角度姿态	1.66	1.19		
Mac:DA:3E:20:B6:30:BA传感器0	-0.03	0.03	0.98	-0.73	-0.73	0.00	1.66	1.31	95.29	相对角度姿态	1.66	1.31		
Mac:DA:3E:20:B6:30:BA传感器0	-0.01	0.02	0.97	3.48	3.48	0.43	1.76	1.27	95.24	相对角度姿态	1.76	1.27		
Mac:DA:3E:20:B6:30:BA传感器0	-0.02	0.04	0.99	0.06	0.06	0.67	2.07	1.15	95.30	相对角度姿态	2.07	1.15		
Mac:DA:3E:20:B6:30:BA传感器0	-0.03	0.04	1.00	1.28	1.28	-1.22	2.15	1.21	95.31	相对角度姿态	2.15	1.21		
Mac:DA:3E:20:B6:30:BA传感器0	-0.02	0.03	0.98	0.92	0.92	-0.67	2.16	1.15	95.24	相对角度姿态	2.16	1.15		
Mac:DA:3E:20:B6:30:BA传感器0	-0.02	0.04	1.00	2.87	2.87	-0.61	2.37	1.02	95.22	相对角度姿态	2.37	1.02		
Mac:DA:3E:20:B6:30:BA传感器0	-0.01	0.05	0.99	2.81	2.81	-0.12	2.52	1.16	95.14	相对角度姿态	2.52	1.16		
Mac:DA:3E:20:B6:30:BA传感器0	-0.06	0.04	1.18	27.34	27.34	4.82	4.11	2.61	95.27	相对角度姿态	4.11	2.61		
Mac:DA:3E:20:B6:30:BA传感器0	-0.23	0.14	1.34	6.59	6.59	4.64	5.47	2.48	96.38	相对角度姿态	5.47	2.48		
Mac:DA:3E:20:B6:30:BA传感器0	-0.30	0.10	1.16	-23.01	-23.01	-26.25	4.53	2.11	95.41	相对角度姿态	4.53	2.11		
Mac:DA:3E:20:B6:30:BA传感器0	-0.18	0.35	1.40	-12.76	-12.76	-14.77	3.90	1.72	92.91	相对角度姿态	3.90	1.72		
Mac:DA:3E:20:B6:30:BA传感器0	-0.00	0.47	1.19	-99.73	-99.73	-40.53	-0.53	2.81	90.59	相对角度姿态	-0.53	2.81		
Mac:DA:3E:20:B6:30:BA传感器0	0.41	-0.25	0.20	-118.84	-118.84	-98.21	-12.22	7.45	81.66	相对角度姿态	-12.22	7.45		
Mac:DA:3E:20:B6:30:BA传感器0	0.19	-0.52	0.43	-5.43	-5.43	-3.97	-19.98	4.27	79.00	相对角度姿态	-19.98	4.27		
Mac:DA:3E:20:B6:30:BA传感器0	0.08	-0.48	0.91	31.07	31.07	-3.85	-20.51	2.11	80.41	相对角度姿态	-20.51	2.11		
Mac:DA:3E:20:B6:30:BA传感器0	-0.09	-0.25	1.07	17.09	17.09	8.54	-18.09	1.47	82.53	相对角度姿态	-18.09	1.47		
Mac:DA:3E:20:B6:30:BA传感器0	-0.08	-0.26	1.07	16.66	16.66	-5.07	-16.39	1.91	82.48	相对角度姿态	-16.39	1.91		
Mac:DA:3E:20:B6:30:BA传感器0	-0.12	-0.25	1.03	-2.44	-2.44	1.89	-15.56	2.33	82.58	相对角度姿态	-15.56	2.33		
Mac:DA:3E:20:B6:30:BA传感器0	-0.14	-0.27	1.03	3.11	3.11	-4.58	-14.71	3.03	82.42	相对角度姿态	-14.71	3.03		
Mac:DA:3E:20:B6:30:BA传感器0	-0.11	-0.28	1.00	-5.07	-5.07	3.30	-14.62	3.71	82.19	相对角度姿态	-14.62	3.71		
Mac:DA:3E:20:B6:30:BA传感器0	-0.09	-0.30	0.99	-5.62	-5.62	-1.10	-14.64	3.89	82.70	相对角度姿态	-14.64	3.89		
Mac:DA:3E:20:B6:30:BA传感器0	-0.08	-0.29	1.01	2.08	2.08	1.89	-14.54	3.64	83.29	相对角度姿态	-14.54	3.64		
Mac:DA:3E:20:B6:30:BA传感器0	-0.08	-0.27	0.98	-5.74	-5.74	-3.23	-14.39	3.85	83.56	相对角度姿态	-14.39	3.85		
Mac:DA:3E:20:B6:30:BA传感器0	-0.20	-0.27	0.86	5.19	5.19	2.14	-14.28	5.30	83.65	相对角度姿态	-14.28	5.30		
Mac:DA:3E:20:B6:30:BA传感器0	-0.43	-0.22	0.57	9.64	9.64	-17.64	-13.81	9.16	82.93	相对角度姿态	-13.81	9.16		
Mac:DA:3E:20:B6:30:BA传感器0	-0.30	-0.09	0.47	61.46	61.46	-17.58	-10.98	9.58	81.67	相对角度姿态	-10.98	9.58		
Mac:DA:3E:20:B6:30:BA传感器0	-0.04	-0.01	0.78	29.11	29.11	-37.72	-6.04	6.07	79.60	相对角度姿态	-6.04	6.07		
Mac:DA:3E:20:B6:30:BA传感器0	0.18	0.09	1.51	71.17	71.17	-54.44	-0.76	-0.73	75.78	相对角度姿态	-0.76	-0.73		
Mac:DA:3E:20:B6:30:BA传感器0	0.16	0.18	1.47	25.94	25.94	-21.79	5.50	-2.75	72.64	相对角度姿态	5.50	-2.75		
Mac:DA:3E:20:B6:30:BA传感器0	0.06	0.17	1.28	6.35	6.35	-1.95	7.73	-3.08	72.48	相对角度姿态	7.73	-3.08		
Mac:DA:3E:20:B6:30:BA传感器0	-0.04	0.10	0.97	-10.19	-10.19	3.17	6.70	-1.32	73.31	相对角度姿态	6.70	-1.32		
Mac:DA:3E:20:B6:30:BA传感器0	-0.07	0.04	0.87	3.42	3.42	-0.24	5.85	-0.47	74.34	相对角度姿态	5.85	-0.47		
Mac:DA:3E:20:B6:30:BA传感器0	-0.08	0.13	0.97	7.69	7.69	1.59	7.07	0.94	74.62	相对角度姿态	7.07	0.94		
Mac:DA:3E:20:B6:30:BA传感器0	-0.07	0.11	1.01	2.44	2.44	1.59	7.14	0.91	75.15	相对角度姿态	7.14	0.91		
Mac:DA:3E:20:B6:30:BA传感器0	-0.07	0.11	1.01	-8.73	-8.73	-6.35	6.72	0.85	75.29	相对角度姿态	6.72	0.85		
Mac:DA:3E:20:B6:30:BA传感器0	-0.02	0.05	0.94	-2.26	-2.26	-7.39	5.63	0.42	74.98	相对角度姿态	5.63	0.42		
Mac:DA:3E:20:B6:30:BA传感器0	0.24	0.15	1.02	-5.19	-5.19	-7.45	6.17	1.77	75.42	相对角度姿态	6.17	1.77		
Mac:DA:3E:20:B6:30:BA传感器0	0.24	0.15	1.02	-5.19	-5.19	-7.45	6.17	1.77	75.42	相对角度姿态	6.17	1.77		
Mac:DA:3E:20:B6:30:BA传感器0	0.58	0.11	0.94	-38.27	-38.27	2.08	4.38	-0.52	74.42	相对角度姿态	4.38	-0.52		
Mac:DA:3E:20:B6:30:BA传感器0	0.53	0.21	0.93	4.76	4.76	75.68	3.76	-3.57	78.24	相对角度姿态	3.76	-3.57		
Mac:DA:3E:20:B6:30:BA传感器0	0.00	0.48	1.02	-2.14	-2.14	113.53	4.69	-3.24	88.22	相对角度姿态	4.69	-3.24		
Mac:DA:3E:20:B6:30:BA传感器0	-0.74	0.17	0.94	35.40	35.40	86.91	3.45	-2.51	97.82	相对角度姿态	3.45	-2.51		
Mac:DA:3E:20:B6:30:BA传感器0	-0.57	-0.08	1.04	-4.33	-4.33	6.96	5.45	3.36	103.04	相对角度姿态	5.45	3.36		
Mac:DA:3E:20:B6:30:BA传感器0	-0.16	-0.03	0.97	-3.85	-3.85	-9.95	4.30	6.66	102.72	相对角度姿态	4.30	6.66		
Mac:DA:3E:20:B6:30:BA传感器0	-0.10	0.07	0.95	2.56	2.56	-4.88	4.17	8.84	101.79	相对角度姿态	4.17	8.84		
Mac:DA:3E:20:B6:30:BA传感器0	-0.03	0.09	1.01	13.24	13.24	3.97	5.00	9.23	101.48	相对角度姿态	5.00	9.23		
Mac:DA:3E:20:B6:30:BA传感器0	-0.09	0.13	0.98	1.46	1.46	0.67	5.97	9.37	101.57	相对角度姿态	5.97	9.37		
Mac:DA:3E:20:B6:30:BA传感器0	-0.09	0.08	0.93	-0.55	-0.55	-0.79	5.72	9.38	101.27	相对角度姿态	5.72	9.38		
Mac:DA:3E:20:B6:30:BA传感器0	-0.13	0.08	0.97	-3.23	-3.23	0.98	5.88	9.55	100.98	相对角度姿态	5.88	9.55		
Mac:DA:3E:20:B6:30:BA传感器0	-0.09	0.09	0.96	-5.07	-5.07	-1.10	5.70	8.20	100.77	相对角度姿态	5.70	8.20		
Mac:DA:3E:20:B6:30:BA传感器0	-0.10	0.07	0.98	-2.44	-2.44	2.38	5.54	7.99	100.46	相对角度姿态	5.54	7.99		
Mac:DA:3E:20:B6:30:BA传感器0	-0.11	0.07	0.93	6.65	6.65	1.89	5.36	8.56	100.52	相对角度姿态	5.36	8.56		
Mac:DA:3E:20:B6:30:BA传感器0	-0.09	0.07	0.97	-2.20	-2.20	0.92	5.78	8.68	100.27	相对角度姿态	5.78	8.68		
Mac:DA:3E:20:B6:30:BA传感器0	-0.10	0.09	0.96	1.34	1.34	2.20	5.92	8.66	100.13	相对角度姿态	5.92	8.66		
Mac:DA:3E:20:B6:30:BA传感器0	-0.13	0.10	0.95	1.53	1.53	4.82	6.17	8.68	100.24	相对角度姿态	6.17	8.68		
Mac:DA:3E:20:B6:30:BA传感器0	-0.12	0.11	0.97	4.03	4.03	2.87	6.58	8.61	100.17	相对角度姿态	6.58	8.61		
Mac:DA:3E:20:B6:30:BA传感器0	-0.10	0.10	0.96	0.49	0.49	-0.18	6.65	8.55	99.86	相对角度姿态	6.65	8.55		
Mac:DA:3E:20:B6:30:BA传感器0	-0.11	0.11	0.96	-1.10	-1.10	-0.18	6.64	8.52	99.60	相对角度姿态	6.64	8.52		
Mac:DA:3E:20:B6:30:BA传感器0	-0.10	0.11	0.97	-1.10	-1.10	0.67	6.55	8.20	99.37	相对角度姿态	6.55	8.20		
Mac:DA:3E:20:B6:30:BA传感器0	-0.10	0.09	0.95	-0.37	-0.37	1.95	6.34	8.14	99.04	相对角度姿态	6.34	8.14		
Mac:DA:3E:20:B6:30:BA传感器0	-0.12	0.10	0.95	2.44	2.44	2.20	6.41	7.92	98.96	相对角度姿态	6.41	7.92		
Mac:DA:3E:20:B6:30:BA传感器0	-0.11	0.10	0.96	-0.24	-0.24	-0.06	6.53	7.75	98.65	相对角度姿态	6.53	7.75		
Mac:DA:3E:20:B6:30:BA传感器0	-0.10	0.10	0.96	-1.89	-1.89	-0.73	6.56	7.53	98.38	相对角度姿态	6.56	7.53		
Mac:DA:3E:20:B6:30:BA传感器0	-0.11	0.11	0.96	-0.12	-0.12	0.12	6.61	7.36	98.15	相对角度姿态	6.61	7.36		
Mac:DA:3E:20:B6:30:BA传感器0	-0.09	0.11	0.96	-0.06	-0.06	0.67	6.65	7.12	98.02	相对角度姿态	6.65	7.12		
Mac:DA:3E:20:B6:30:BA传感器0	-0.10	0.12	0.97	3.30	3.30	1.46	6.69	7.01	97.94	相对角度姿态	6.69	7.01		
Mac:DA:3E:20:B6:30:BA传感器0	-0.09	0.10	0.95	3.48	3.48	1.04	6.72	6.94	97.79	相对角度姿态	6.72	6.94		
Mac:DA:3E:20:B6:30:BA传感器0	-0.09	0.11	0.95	2.99	2.99	0.43	7.04	6.98	97.75	相对角度姿态	7.04	6.98		
Mac:DA:3E:20:B6:30:BA传感器0	-0.09	0.13	0.96	2.62	2.62	0.73	7.36	7.03	97.59	相对角度姿态	7.36	7.03		
Mac:DA:3E:20:B6:30:BA传感器0	-0.18	0.20	1.36	25.51	25.51	-3.60	9.32	7.47	97.12	相对角度姿态	9.32	7.47		
Mac:DA:3E:20:B6:30:BA传感器0	-0.18	0.20	1.36	25.51	25.51	-3.60	9.32	7.47	97.12	相对角度姿态	9.32	7.47		
Mac:DA:3E:20:B6:30:BA传感器0	-0.15	0.29	1.56	-21.30	-21.30	-13.73	9.05	6.49	95.99	相对角度姿态	9.05	6.49		
Mac:DA:3E:20:B6:30:BA传感器0	-0.10	0.31	1.40	-64.27	-64.27	12.51	4.77	5.19	95.42	相对角度姿态	4.77	5.19		
Mac:DA:3E:20:B6:30:BA传感器0	-0.27	0.24	0.59	-80.51	-80.51	4.94	-1.97	7.55	96.09	相对角度姿态	-1.97	7.55		
Mac:DA:3E:20:B6:30:BA传感器0	-0.10	-0.28	0.24	-36.01	-36.01	-20.87	-8.86	12.11	94.74	相对角度姿态	-8.86	12.11		
Mac:DA:3E:20:B6:30:BA传感器0	0.00	-0.31	0.63	-20.39	-20.39	2.93	-13.22	10.90	95.02	相对角度姿态	-13.22	10.90		
Mac:DA:3E:20:B6:30:BA传感器0	-0.03	-0.29	0.89	-3.72	-3.72	3.30	-14.38	9.68	95.24	相对角度姿态	-14.38	9.68		
Mac:DA:3E:20:B6:30:BA传感器0	-0.04	-0.24	1.00	-2.14	-2.14	2.44	-14.00	8.78	95.53	相对角度姿态	-14.00	8.78		
Mac:DA:3E:20:B6:30:BA传感器0	-0.14	-0.18	1.04	-8.85	-8.85	1.46	-13.41	8.46	95.48	相对角度姿态	-13.41	8.46		
Mac:DA:3E:20:B6:30:BA传感器0	-0.11	-0.22	1.04	-6.35	-6.35	4.70	-13.42	7.89	95.54	相对角度姿态	-13.42	7.89		
Mac:DA:3E:20:B6:30:BA传感器0	-0.13	-0.21	1.04	-4.52	-4.52	4.09	-13.06	7.65	96.01	相对角度姿态	-13.06	7.65		
Mac:DA:3E:20:B6:30:BA传感器0	-0.21	-0.22	1.00	6.84	6.84	8.06	-13.10	8.07	96.70	相对角度姿态	-13.10	8.07		
Mac:DA:3E:20:B6:30:BA传感器0	-0.38	-0.22	1.02	-2.20	-2.20	7.14	-12.99	7.91	97.92	相对角度姿态	-12.99	7.91		
Mac:DA:3E:20:B6:30:BA传感器0	-0.44	-0.20	1.01	-3.42	-3.42	-27.95	-13.54	8.38	96.69	相对角度姿态	-13.54	8.38		
Mac:DA:3E:20:B6:30:BA传感器0	-0.44	-0.16	0.96	5.80	5.80	-39.37	-13.92	7.61	93.40	相对角度姿态	-13.92	7.61		
Mac:DA:3E:20:B6:30:BA传感器0	-0.40	0.02	0.81	31.68	31.68	-104.43	-12.81	6.81	87.82	相对角度姿态	-12.81	6.81		
Mac:DA:3E:20:B6:30:BA传感器0	0.05	0.15	1.01	-21.30	-21.30	-145.51	-11.16	5.17	76.07	相对角度姿态	-11.16	5.17		
Mac:DA:3E:20:B6:30:BA传感器0	0.82	-0.24	1.17	19.29	19.29	-71.23	-11.11	-1.36	65.80	相对角度姿态	-11.11	-1.36		
Mac:DA:3E:20:B6:30:BA传感器0	0.39	-0.14	1.03	17.09	17.09	-15.75	-9.42	-4.54	63.22	相对角度姿态	-9.42	-4.54		
Mac:DA:3E:20:B6:30:BA传感器0	0.03	-0.19	1.05	11.96	11.96	1.46	-9.25	-6.39	63.96	相对角度姿态	-9.25	-6.39		
Mac:DA:3E:20:B6:30:BA传感器0	-0.05	-0.18	1.12	-3.30	-3.30	0.49	-8.32	-6.38	64.91	相对角度姿态	-8.32	-6.38		
Mac:DA:3E:20:B6:30:BA传感器0	-0.07	-0.14	1.07	-10.86	-10.86	-3.91	-8.79	-6.70	65.86	相对角度姿态	-8.79	-6.70		
Mac:DA:3E:20:B6:30:BA传感器0	0.02	-0.22	1.05	-11.90	-11.90	0.12	-9.94	-7.29	66.52	相对角度姿态	-9.94	-7.29		
Mac:DA:3E:20:B6:30:BA传感器0	-0.02	-0.24	0.98	1.95	1.95	2.62	-11.09	-4.98	67.72	相对角度姿态	-11.09	-4.98		
Mac:DA:3E:20:B6:30:BA传感器0	-0.02	-0.24	0.98	1.95	1.95	2.62	-11.09	-4.98	67.72	相对角度姿态	-11.09	-4.98		
Mac:DA:3E:20:B6:30:BA传感器0	0.03	-0.21	0.96	-4.64	-4.64	-12.39	-11.19	-4.24	68.15	相对角度姿态	-11.19	-4.24		
Mac:DA:3E:20:B6:30:BA传感器0	0.19	-0.15	0.81	18.49	18.49	-8.06	-11.33	-3.40	67.73	相对角度姿态	-11.33	-3.40		
Mac:DA:3E:20:B6:30:BA传感器0	0.32	-0.19	0.58	19.59	19.59	22.46	-11.31	-2.16	68.65	相对角度姿态	-11.31	-2.16		
Mac:DA:3E:20:B6:30:BA传感器0	0.25	-0.01	0.74	2.20	2.20	58.78	-9.32	0.32	72.04	相对角度姿态	-9.32	0.32		
Mac:DA:3E:20:B6:30:BA传感器0	0.23	0.31	1.14	48.46	48.46	114.93	-4.68	-1.19	81.47	相对角度姿态	-4.68	-1.19		
Mac:DA:3E:20:B6:30:BA传感器0	-0.44	0.42	1.18	3.78	3.78	117.61	0.61	2.11	92.74	相对角度姿态	0.61	2.11		
Mac:DA:3E:20:B6:30:BA传感器0	-0.88	0.21	1.23	10.01	10.01	71.47	2.01	2.68	101.40	相对角度姿态	2.01	2.68		
Mac:DA:3E:20:B6:30:BA传感器0	-0.46	-0.02	1.20	23.56	23.56	-2.26	5.25	7.26	103.34	相对角度姿态	5.25	7.26		
Mac:DA:3E:20:B6:30:BA传感器0	-0.17	0.06	1.15	0.98	0.98	-3.23	5.69	7.89	102.70	相对角度姿态	5.69	7.89		
Mac:DA:3E:20:B6:30:BA传感器0	-0.11	0.05	0.94	-11.17	-11.17	-7.63	5.14	9.31	101.52	相对角度姿态	5.14	9.31		
Mac:DA:3E:20:B6:30:BA传感器0	-0.10	0.08	0.99	-0.49	-0.49	-5.92	5.10	9.60	100.65	相对角度姿态	5.10	9.60		
Mac:DA:3E:20:B6:30:BA传感器0	-0.09	0.06	0.98	2.87	2.87	0.73	5.08	9.53	100.01	相对角度姿态	5.08	9.53		
Mac:DA:3E:20:B6:30:BA传感器0	-0.12	0.06	0.94	-4.46	-4.46	3.78	4.95	9.62	100.16	相对角度姿态	4.95	9.62		
Mac:DA:3E:20:B6:30:BA传感器0	-0.15	0.11	0.98	3.05	3.05	1.59	5.39	9.43	100.09	相对角度姿态	5.39	9.43		
Mac:DA:3E:20:B6:30:BA传感器0	-0.15	0.10	0.98	6.23	6.23	-2.26	5.65	9.19	99.70	相对角度姿态	5.65	9.19		
Mac:DA:3E:20:B6:30:BA传感器0	-0.09	0.10	0.96	4.03	4.03	-0.79	5.81	8.49	99.13	相对角度姿态	5.81	8.49		
Mac:DA:3E:20:B6:30:BA传感器0	-0.08	0.10	0.98	0.92	0.92	2.32	6.02	8.16	98.82	相对角度姿态	6.02	8.16		
Mac:DA:3E:20:B6:30:BA传感器0	-0.10	0.08	0.97	0.98	0.98	2.56	5.89	8.06	98.75	相对角度姿态	5.89	8.06		
Mac:DA:3E:20:B6:30:BA传感器0	-0.12	0.09	0.97	0.31	0.31	2.69	5.85	8.02	98.82	相对角度姿态	5.85	8.02		
Mac:DA:3E:20:B6:30:BA传感器0	-0.12	0.09	0.95	0.61	0.61	1.22	5.76	8.05	98.66	相对角度姿态	5.76	8.05		
Mac:DA:3E:20:B6:30:BA传感器0	-0.11	0.08	0.95	1.71	1.71	0.06	5.93	7.97	98.43	相对角度姿态	5.93	7.97		
Mac:DA:3E:20:B6:30:BA传感器0	-0.12	0.09	0.96	-1.59	-1.59	0.49	5.99	7.93	98.23	相对角度姿态	5.99	7.93		
Mac:DA:3E:20:B6:30:BA传感器0	-0.10	0.09	0.97	1.71	1.71	3.05	6.00	7.81	98.06	相对角度姿态	6.00	7.81		
Mac:DA:3E:20:B6:30:BA传感器0	-0.10	0.09	0.95	-3.72	-3.72	-0.43	6.06	7.64	98.04	相对角度姿态	6.06	7.64		
Mac:DA:3E:20:B6:30:BA传感器0	-0.09	0.11	0.97	1.28	1.28	0.12	6.23	7.62	97.79	相对角度姿态	6.23	7.62		
Mac:DA:3E:20:B6:30:BA传感器0	-0.12	0.11	0.95	1.89	1.89	-0.55	6.44	7.63	97.64	相对角度姿态	6.44	7.63		
Mac:DA:3E:20:B6:30:BA传感器0	-0.12	0.10	0.95	-0.24	-0.24	0.37	6.54	7.61	97.48	相对角度姿态	6.54	7.61		
Mac:DA:3E:20:B6:30:BA传感器0	-0.13	0.10	0.96	2.26	2.26	1.34	6.73	7.72	97.31	相对角度姿态	6.73	7.72		
Mac:DA:3E:20:B6:30:BA传感器0	-0.11	0.11	0.95	-0.43	-0.43	-1.34	6.99	7.88	97.10	相对角度姿态	6.99	7.88		
Mac:DA:3E:20:B6:30:BA传感器0	-0.12	0.10	0.95	-2.20	-2.20	-0.55	6.86	8.01	96.93	相对角度姿态	6.86	8.01		
Mac:DA:3E:20:B6:30:BA传感器0	-0.12	0.11	0.96	-0.92	-0.92	0.92	6.90	7.85	96.89	相对角度姿态	6.90	7.85		
Mac:DA:3E:20:B6:30:BA传感器0	-0.13	0.11	0.96	-1.16	-1.16	-1.10	6.88	7.94	96.78	相对角度姿态	6.88	7.94		
Mac:DA:3E:20:B6:30:BA传感器0	-0.13	0.10	0.94	-0.61	-0.61	-0.79	6.68	7.90	96.65	相对角度姿态	6.68	7.90		
Mac:DA:3E:20:B6:30:BA传感器0	-0.12	0.11	0.96	-1.53	-1.53	0.00	6.55	7.77	96.51	相对角度姿态	6.55	7.77		
Mac:DA:3E:20:B6:30:BA传感器0	-0.11	0.10	0.95	0.00	0.00	0.12	6.50	7.79	96.38	相对角度姿态	6.50	7.79		
Mac:DA:3E:20:B6:30:BA传感器0	-0.11	0.09	0.94	-1.53	-1.53	0.85	6.42	7.63	96.27	相对角度姿态	6.42	7.63		
Mac:DA:3E:20:B6:30:BA传感器0	-0.12	0.10	0.95	1.10	1.10	2.20	6.49	7.55	96.23	相对角度姿态	6.49	7.55		
Mac:DA:3E:20:B6:30:BA传感器0	-0.12	0.11	0.96	-2.26	-2.26	0.85	6.55	7.48	96.23	相对角度姿态	6.55	7.48		
Mac:DA:3E:20:B6:30:BA传感器0	-0.11	0.11	0.94	0.43	0.43	0.00	6.53	7.49	96.20	相对角度姿态	6.53	7.49		
Mac:DA:3E:20:B6:30:BA传感器0	-0.12	0.12	0.96	3.66	3.66	0.43	6.65	7.45	96.12	相对角度姿态	6.65	7.45		
Mac:DA:3E:20:B6:30:BA传感器0	-0.12	0.12	0.95	2.20	2.20	0.18	6.81	7.42	96.04	相对角度姿态	6.81	7.42		
Mac:DA:3E:20:B6:30:BA传感器0	-0.11	0.12	0.97	1.22	1.22	2.14	7.04	7.21	96.03	相对角度姿态	7.04	7.21		
Mac:DA:3E:20:B6:30:BA传感器0	-0.13	0.11	0.96	3.17	3.17	1.22	7.03	7.14	96.10	相对角度姿态	7.03	7.14		
Mac:DA:3E:20:B6:30:BA传感器0	-0.13	0.11	1.02	2.26	2.26	-1.34	7.30	6.88	96.04	相对角度姿态	7.30	6.88		
Mac:DA:3E:20:B6:30:BA传感器0	-0.12	0.16	1.17	16.85	16.85	6.90	8.38	6.84	96.23	相对角度姿态	8.38	6.84		
Mac:DA:3E:20:B6:30:BA传感器0	-0.20	0.20	1.23	13.73	13.73	-4.82	9.23	7.65	96.15	相对角度姿态	9.23	7.65		
Mac:DA:3E:20:B6:30:BA传感器0	-0.10	0.23	1.28	2.99	2.99	-4.21	10.00	6.42	95.16	相对角度姿态	10.00	6.42		
Mac:DA:3E:20:B6:30:BA传感器0	-0.22	0.33	1.11	-28.08	-28.08	2.20	9.51	6.55	94.93	相对角度姿态	9.51	6.55		
Mac:DA:3E:20:B6:30:BA传感器0	-0.09	0.46	1.21	-65.61	-65.61	12.51	6.75	5.99	95.56	相对角度姿态	6.75	5.99		
Mac:DA:3E:20:B6:30:BA传感器0	-0.01	0.13	0.54	-108.15	-108.15	-15.56	-2.27	7.27	95.19	相对角度姿态	-2.27	7.27		
Mac:DA:3E:20:B6:30:BA传感器0	-0.04	-0.44	0.25	-48.95	-48.95	4.46	-13.38	9.96	93.64	相对角度姿态	-13.38	9.96		
Mac:DA:3E:20:B6:30:BA传感器0	-0.08	-0.28	0.85	-2.75	-2.75	7.81	-15.73	8.51	95.39	相对角度姿态	-15.73	8.51		
Mac:DA:3E:20:B6:30:BA传感器0	-0.11	-0.26	0.98	19.23	19.23	4.52	-15.96	7.76	95.81	相对角度姿态	-15.96	7.76		
Mac:DA:3E:20:B6:30:BA传感器0	-0.22	-0.19	1.06	3.66	3.66	1.59	-15.06	8.07	96.12	相对角度姿态	-15.06	8.07		
Mac:DA:3E:20:B6:30:BA传感器0	-0.18	-0.24	1.01	-7.63	-7.63	-3.97	-14.96	8.01	95.64	相对角度姿态	-14.96	8.01		
Mac:DA:3E:20:B6:30:BA传感器0	-0.15	-0.26	0.98	-6.96	-6.96	0.67	-14.80	7.44	95.52	相对角度姿态	-14.80	7.44		
Mac:DA:3E:20:B6:30:BA传感器0	-0.26	-0.24	1.00	-1.65	-1.65	-6.16	-14.49	7.54	95.35	相对角度姿态	-14.49	7.54		
Mac:DA:3E:20:B6:30:BA传感器0	-0.38	-0.24	0.99	-2.08	-2.08	-10.31	-14.74	8.26	94.78	相对角度姿态	-14.74	8.26		
Mac:DA:3E:20:B6:30:BA传感器0	-0.39	-0.28	0.84	-1.22	-1.22	-7.63	-15.19	7.95	93.78	相对角度姿态	-15.19	7.95		
Mac:DA:3E:20:B6:30:BA传感器0	-0.32	-0.13	1.03	24.05	24.05	17.70	-13.98	5.07	95.57	相对角度姿态	-13.98	5.07		
Mac:DA:3E:20:B6:30:BA传感器0	-0.31	0.15	1.11	3.36	3.36	-109.62	-12.17	5.37	91.83	相对角度姿态	-12.17	5.37		
Mac:DA:3E:20:B6:30:BA传感器0	0.49	-0.20	0.97	-5.37	-5.37	-127.38	-14.63	5.30	78.70	相对角度姿态	-14.63	5.30		
Mac:DA:3E:20:B6:30:BA传感器0	0.52	-0.30	1.23	12.45	12.45	-31.80	-13.09	0.34	72.53	相对角度姿态	-13.09	0.34		
Mac:DA:3E:20:B6:30:BA传感器0	0.12	-0.32	1.01	-15.44	-15.44	0.43	-14.28	-1.58	72.16	相对角度姿态	-14.28	-1.58		
Mac:DA:3E:20:B6:30:BA传感器0	-0.04	-0.26	1.10	5.92	5.92	8.24	-14.90	-2.82	73.69	相对角度姿态	-14.90	-2.82		
Mac:DA:3E:20:B6:30:BA传感器0	-0.07	-0.28	1.00	-6.96	-6.96	-1.16	-15.44	-2.20	74.11	相对角度姿态	-15.44	-2.20		
Mac:DA:3E:20:B6:30:BA传感器0	-0.08	-0.29	1.02	-9.64	-9.64	-2.14	-15.59	-1.52	74.21	相对角度姿态	-15.59	-1.52		
Mac:DA:3E:20:B6:30:BA传感器0	-0.03	-0.32	0.98	3.54	3.54	6.29	-15.58	-1.50	74.58	相对角度姿态	-15.58	-1.50		
Mac:DA:3E:20:B6:30:BA传感器0	-0.06	-0.29	1.05	0.24	0.24	2.75	-15.09	-1.68	75.60	相对角度姿态	-15.09	-1.68		
Mac:DA:3E:20:B6:30:BA传感器0	-0.08	-0.30	0.95	-14.04	-14.04	-5.19	-15.03	-1.35	76.07	相对角度姿态	-15.03	-1.35		
Mac:DA:3E:20:B6:30:BA传感器0	-0.12	-0.30	0.91	5.98	5.98	-2.69	-15.21	-1.76	76.51	相对角度姿态	-15.21	-1.76		
Mac:DA:3E:20:B6:30:BA传感器0	-0.11	-0.23	0.74	11.29	11.29	-24.35	-14.52	-1.83	76.43	相对角度姿态	-14.52	-1.83		
Mac:DA:3E:20:B6:30:BA传感器0	0.06	-0.35	0.65	20.51	20.51	-18.92	-13.35	0.62	72.53	相对角度姿态	-13.35	0.62		
Mac:DA:3E:20:B6:30:BA传感器0	-0.11	-0.11	0.66	0.06	0.06	7.69	-12.04	2.75	72.33	相对角度姿态	-12.04	2.75		
Mac:DA:3E:20:B6:30:BA传感器0	0.09	-0.06	1.03	107.60	107.60	-2.14	-8.21	-2.16	73.81	相对角度姿态	-8.21	-2.16		
Mac:DA:3E:20:B6:30:BA传感器0	0.01	0.11	1.30	58.96	58.96	7.75	1.15	-4.56	74.93	相对角度姿态	1.15	-4.56		
Mac:DA:3E:20:B6:30:BA传感器0	-0.15	0.16	1.38	31.49	31.49	-0.06	6.66	-5.02	75.93	相对角度姿态	6.66	-5.02		
Mac:DA:3E:20:B6:30:BA传感器0	-0.07	0.20	1.37	4.52	4.52	-4.39	9.49	-4.27	76.31	相对角度姿态	9.49	-4.27		
Mac:DA:3E:20:B6:30:BA传感器0	0.00	0.09	0.99	-28.32	-28.32	-11.54	7.59	-2.50	75.98	相对角度姿态	7.59	-2.50		
Mac:DA:3E:20:B6:30:BA传感器0	0.00	0.06	0.89	-15.50	-15.50	-11.47	5.71	-1.48	75.58	相对角度姿态	5.71	-1.48		
Mac:DA:3E:20:B6:30:BA传感器0	-0.02	0.07	0.97	4.82	4.82	-9.77	5.39	-0.47	74.95	相对角度姿态	5.39	-0.47		
Mac:DA:3E:20:B6:30:BA传感器0	-0.01	0.07	1.01	2.87	2.87	4.58	5.25	-0.43	75.35	相对角度姿态	5.25	-0.43		
Mac:DA:3E:20:B6:30:BA传感器0	-0.04	0.08	0.96	-0.18	-0.18	5.00	4.92	-0.43	76.17	相对角度姿态	4.92	-0.43		
Mac:DA:3E:20:B6:30:BA传感器0	-0.07	0.04	0.95	-1.53	-1.53	0.92	4.53	-0.44	76.73	相对角度姿态	4.53	-0.44		
Mac:DA:3E:20:B6:30:BA传感器0	-0.03	0.08	0.99	-6.53	-6.53	-7.87	4.40	-0.35	76.70	相对角度姿态	4.40	-0.35		
Mac:DA:3E:20:B6:30:BA传感器0	0.18	-0.01	0.92	0.67	0.67	-33.26	3.67	-0.55	75.38	相对角度姿态	3.67	-0.55		
Mac:DA:3E:20:B6:30:BA传感器0	0.35	0.16	0.97	-1.16	-1.16	-8.18	4.54	0.10	72.40	相对角度姿态	4.54	0.10		
Mac:DA:3E:20:B6:30:BA传感器0	0.27	0.30	1.02	5.86	5.86	39.86	5.23	-0.37	74.77	相对角度姿态	5.23	-0.37		
Mac:DA:3E:20:B6:30:BA传感器0	0.01	0.24	1.00	-5.92	-5.92	63.96	4.99	0.46	80.94	相对角度姿态	4.99	0.46		
Mac:DA:3E:20:B6:30:BA传感器0	-0.28	0.24	1.01	1.10	1.10	74.40	5.15	2.27	89.12	相对角度姿态	5.15	2.27		
Mac:DA:3E:20:B6:30:BA传感器0	-0.55	0.08	0.75	-9.34	-9.34	71.96	5.15	4.27	96.76	相对角度姿态	5.15	4.27		
Mac:DA:3E:20:B6:30:BA传感器0	-0.57	0.00	0.96	-1.77	-1.77	42.36	5.47	5.43	103.16	相对角度姿态	5.47	5.43		
Mac:DA:3E:20:B6:30:BA传感器0	-0.25	0.00	0.96	-9.52	-9.52	5.86	5.11	7.98	105.16	相对角度姿态	5.11	7.98		
Mac:DA:3E:20:B6:30:BA传感器0	-0.09	0.04	1.02	10.44	10.44	3.72	4.93	9.83	104.83	相对角度姿态	4.93	9.83		
Mac:DA:3E:20:B6:30:BA传感器0	-0.10	0.09	0.96	-3.72	-3.72	-1.89	4.67	10.41	104.13	相对角度姿态	4.67	10.41		
Mac:DA:3E:20:B6:30:BA传感器0	-0.03	0.09	0.97	0.92	0.92	-1.10	4.45	10.07	103.07	相对角度姿态	4.45	10.07		
Mac:DA:3E:20:B6:30:BA传感器0	-0.04	0.01	0.93	1.89	1.89	1.71	3.42	9.82	102.45	相对角度姿态	3.42	9.82		
Mac:DA:3E:20:B6:30:BA传感器0	-0.11	0.04	0.95	2.44	2.44	6.41	3.87	9.91	102.35	相对角度姿态	3.87	9.91		
Mac:DA:3E:20:B6:30:BA传感器0	-0.12	0.09	1.00	2.26	2.26	0.00	4.36	9.59	102.24	相对角度姿态	4.36	9.59		
Mac:DA:3E:20:B6:30:BA传感器0	-0.09	0.08	0.98	1.46	1.46	1.40	4.35	9.28	101.74	相对角度姿态	4.35	9.28		
Mac:DA:3E:20:B6:30:BA传感器0	-0.10	0.07	0.96	1.83	1.83	1.46	4.35	9.14	101.34	相对角度姿态	4.35	9.14		
Mac:DA:3E:20:B6:30:BA传感器0	-0.09	0.06	0.96	1.95	1.95	1.28	4.40	8.93	101.03	相对角度姿态	4.40	8.93		
Mac:DA:3E:20:B6:30:BA传感器0	-0.12	0.06	0.98	-2.32	-2.32	1.28	4.51	8.87	100.82	相对角度姿态	4.51	8.87		
Mac:DA:3E:20:B6:30:BA传感器0	-0.14	0.07	0.97	-1.89	-1.89	-1.04	4.43	8.88	100.47	相对角度姿态	4.43	8.88		
Mac:DA:3E:20:B6:30:BA传感器0	-0.08	0.07	0.97	-2.26	-2.26	-3.17	4.37	8.65	99.83	相对角度姿态	4.37	8.65		
Mac:DA:3E:20:B6:30:BA传感器0	-0.06	0.09	0.98	2.08	2.08	1.40	4.38	8.27	99.48	相对角度姿态	4.38	8.27		
Mac:DA:3E:20:B6:30:BA传感器0	-0.09	0.07	0.96	3.91	3.91	1.34	4.34	8.25	99.28	相对角度姿态	4.34	8.25		
Mac:DA:3E:20:B6:30:BA传感器0	-0.10	0.07	0.99	2.08	2.08	1.28	4.51	8.16	99.14	相对角度姿态	4.51	8.16		
Mac:DA:3E:20:B6:30:BA传感器0	-0.11	0.06	0.96	-0.37	-0.37	0.00	4.43	8.24	99.01	相对角度姿态	4.43	8.24		
Mac:DA:3E:20:B6:30:BA传感器0	-0.12	0.06	0.95	-1.34	-1.34	0.31	4.33	8.18	98.72	相对角度姿态	4.33	8.18		
Mac:DA:3E:20:B6:30:BA传感器0	-0.10	0.06	0.94	0.00	0.00	-0.37	4.28	7.98	98.38	相对角度姿态	4.28	7.98		
Mac:DA:3E:20:B6:30:BA传感器0	-0.07	0.08	1.01	1.71	1.71	-0.12	4.43	7.20	98.15	相对角度姿态	4.43	7.20		
Mac:DA:3E:20:B6:30:BA传感器0	-0.10	0.06	0.96	-1.04	-1.04	0.43	4.33	7.17	97.87	相对角度姿态	4.33	7.17		
Mac:DA:3E:20:B6:30:BA传感器0	-0.11	0.06	0.96	-3.05	-3.05	0.73	4.33	7.19	97.63	相对角度姿态	4.33	7.19		
Mac:DA:3E:20:B6:30:BA传感器0	-0.09	0.07	0.99	-2.44	-2.44	-0.79	4.30	7.19	97.40	相对角度姿态	4.30	7.19		
Mac:DA:3E:20:B6:30:BA传感器0	-0.08	0.07	0.96	0.92	0.92	-0.67	4.16	7.26	97.16	相对角度姿态	4.16	7.26		
Mac:DA:3E:20:B6:30:BA传感器0	-0.11	0.08	0.98	3.11	3.11	0.98	4.28	7.19	97.09	相对角度姿态	4.28	7.19		
Mac:DA:3E:20:B6:30:BA传感器0	-0.11	0.05	0.96	-0.55	-0.55	-0.31	4.23	7.17	96.91	相对角度姿态	4.23	7.17		
Mac:DA:3E:20:B6:30:BA传感器0	-0.11	0.07	0.97	-1.22	-1.22	-0.12	4.35	7.11	96.76	相对角度姿态	4.35	7.11		
Mac:DA:3E:20:B6:30:BA传感器0	-0.09	0.07	0.98	-0.67	-0.67	0.24	4.37	7.01	96.59	相对角度姿态	4.37	7.01		
Mac:DA:3E:20:B6:30:BA传感器0	-0.08	0.07	0.98	1.22	1.22	2.26	4.37	6.95	96.53	相对角度姿态	4.37	6.95		
Mac:DA:3E:20:B6:30:BA传感器0	-0.11	0.07	0.97	0.61	0.61	1.59	4.47	7.01	96.60	相对角度姿态	4.47	7.01		
Mac:DA:3E:20:B6:30:BA传感器0	-0.11	0.07	0.97	1.89	1.89	-1.22	4.47	7.04	96.47	相对角度姿态	4.47	7.04		
Mac:DA:3E:20:B6:30:BA传感器0	-0.10	0.08	0.97	1.22	1.22	-0.67	4.59	6.98	96.27	相对角度姿态	4.59	6.98		
Mac:DA:3E:20:B6:30:BA传感器0	-0.10	0.08	0.97	-0.79	-0.79	0.85	4.65	7.02	96.15	相对角度姿态	4.65	7.02		
Mac:DA:3E:20:B6:30:BA传感器0	-0.10	0.09	0.98	-1.53	-1.53	1.28	4.76	7.06	96.20	相对角度姿态	4.76	7.06		
Mac:DA:3E:20:B6:30:BA传感器0	-0.12	0.07	0.97	0.12	0.12	1.59	4.67	7.13	96.16	相对角度姿态	4.67	7.13		
Mac:DA:3E:20:B6:30:BA传感器0	-0.12	0.07	0.98	-1.71	-1.71	0.24	4.69	7.07	96.15	相对角度姿态	4.69	7.07		
Mac:DA:3E:20:B6:30:BA传感器0	-0.10	0.06	1.08	-1.89	-1.89	0.61	4.53	7.15	95.99	相对角度姿态	4.53	7.15		
Mac:DA:3E:20:B6:30:BA传感器0	-0.18	0.07	1.16	-7.14	-7.14	0.06	3.85	7.73	96.11	相对角度姿态	3.85	7.73		
Mac:DA:3E:20:B6:30:BA传感器0	-0.19	0.01	1.12	-22.03	-22.03	-1.95	1.88	8.22	95.97	相对角度姿态	1.88	8.22		
Mac:DA:3E:20:B6:30:BA传感器0	-0.21	0.02	1.11	-31.98	-31.98	-6.71	-0.80	7.84	95.60	相对角度姿态	-0.80	7.84		
Mac:DA:3E:20:B6:30:BA传感器0	-0.19	-0.02	1.05	-38.82	-38.82	-13.61	-4.42	5.97	94.56	相对角度姿态	-4.42	5.97		
Mac:DA:3E:20:B6:30:BA传感器0	-0.12	-0.05	1.10	-27.34	-27.34	-25.70	-7.32	4.54	92.54	相对角度姿态	-7.32	4.54		
Mac:DA:3E:20:B6:30:BA传感器0	-0.19	-0.11	0.91	-37.78	-37.78	-35.34	-10.76	5.52	89.20	相对角度姿态	-10.76	5.52		
Mac:DA:3E:20:B6:30:BA传感器0	-0.14	-0.21	0.85	-29.72	-29.72	-38.70	-14.03	5.98	85.34	相对角度姿态	-14.03	5.98		
Mac:DA:3E:20:B6:30:BA传感器0	-0.10	-0.30	0.81	-10.80	-10.80	-40.34	-17.20	5.37	81.77	相对角度姿态	-17.20	5.37		
Mac:DA:3E:20:B6:30:BA传感器0	-0.11	-0.32	0.88	-6.23	-6.23	-37.72	-17.98	4.68	78.32	相对角度姿态	-17.98	4.68		
Mac:DA:3E:20:B6:30:BA传感器0	-0.11	-0.30	0.84	12.82	12.82	-40.10	-17.98	4.07	74.90	相对角度姿态	-17.98	4.07		
Mac:DA:3E:20:B6:30:BA传感器0	-0.02	-0.27	0.96	16.72	16.72	-31.80	-16.86	2.30	72.41	相对角度姿态	-16.86	2.30		
Mac:DA:3E:20:B6:30:BA传感器0	-0.03	-0.25	0.99	16.97	16.97	-35.22	-14.64	1.15	69.77	相对角度姿态	-14.64	1.15		
Mac:DA:3E:20:B6:30:BA传感器0	-0.10	-0.23	0.93	24.23	24.23	-28.56	-12.81	0.25	67.64	相对角度姿态	-12.81	0.25		
Mac:DA:3E:20:B6:30:BA传感器0	-0.01	-0.15	1.06	15.14	15.14	-37.41	-10.48	-1.07	65.46	相对角度姿态	-10.48	-1.07		
Mac:DA:3E:20:B6:30:BA传感器0	-0.06	-0.16	0.90	13.61	13.61	-36.87	-9.00	0.45	62.09	相对角度姿态	-9.00	0.45		
Mac:DA:3E:20:B6:30:BA传感器0	-0.02	-0.18	0.95	8.42	8.42	-27.28	-8.45	0.55	59.64	相对角度姿态	-8.45	0.55		
Mac:DA:3E:20:B6:30:BA传感器0	-0.03	-0.13	1.06	16.91	16.91	-10.25	-7.42	0.53	58.90	相对角度姿态	-7.42	0.53		
Mac:DA:3E:20:B6:30:BA传感器0	-0.03	-0.13	1.00	14.28	14.28	-6.35	-6.58	1.49	58.89	相对角度姿态	-6.58	1.49		
Mac:DA:3E:20:B6:30:BA传感器0	-0.10	-0.05	1.03	26.31	26.31	5.49	-5.32	3.21	60.28	相对角度姿态	-5.32	3.21		
Mac:DA:3E:20:B6:30:BA传感器0	0.00	-0.14	1.14	34.18	34.18	-0.61	-3.46	4.22	61.38	相对角度姿态	-3.46	4.22		
Mac:DA:3E:20:B6:30:BA传感器0	-0.19	-0.02	0.96	37.05	37.05	12.02	0.54	7.84	63.65	相对角度姿态	0.54	7.84		
Mac:DA:3E:20:B6:30:BA传感器0	-0.24	0.00	1.04	34.55	34.55	19.04	3.89	8.96	65.90	相对角度姿态	3.89	8.96		
Mac:DA:3E:20:B6:30:BA传感器0	-0.32	0.14	1.07	20.57	20.57	29.85	7.90	9.88	69.70	相对角度姿态	7.90	9.88		
Mac:DA:3E:20:B6:30:BA传感器0	-0.25	0.18	0.95	16.78	16.78	17.03	10.03	11.51	72.53	相对角度姿态	10.03	11.51		
Mac:DA:3E:20:B6:30:BA传感器0	-0.12	0.18	0.92	18.92	18.92	17.15	11.83	13.13	74.71	相对角度姿态	11.83	13.13		
Mac:DA:3E:20:B6:30:BA传感器0	-0.21	0.21	0.88	11.96	11.96	29.36	14.10	15.63	78.40	相对角度姿态	14.10	15.63		
Mac:DA:3E:20:B6:30:BA传感器0	-0.22	0.28	0.86	-2.14	-2.14	31.25	15.86	16.66	82.32	相对角度姿态	15.86	16.66		
Mac:DA:3E:20:B6:30:BA传感器0	-0.27	0.31	0.87	-3.11	-3.11	37.17	17.22	17.18	86.48	相对角度姿态	17.22	17.18		
Mac:DA:3E:20:B6:30:BA传感器0	-0.20	0.28	0.88	-9.22	-9.22	47.91	17.47	16.10	90.32	相对角度姿态	17.47	16.10		
Mac:DA:3E:20:B6:30:BA传感器0	-0.28	0.32	0.91	-15.14	-15.14	50.96	18.17	16.10	95.66	相对角度姿态	18.17	16.10		
Mac:DA:3E:20:B6:30:BA传感器0	-0.24	0.32	1.05	-12.08	-12.08	54.20	18.06	15.11	100.45	相对角度姿态	18.06	15.11		
Mac:DA:3E:20:B6:30:BA传感器0	-0.31	0.30	1.05	-34.18	-34.18	39.43	16.56	14.63	104.79	相对角度姿态	16.56	14.63		
Mac:DA:3E:20:B6:30:BA传感器0	-0.38	0.29	0.99	-40.47	-40.47	11.54	13.38	14.85	107.16	相对角度姿态	13.38	14.85		
Mac:DA:3E:20:B6:30:BA传感器0	-0.27	0.20	0.91	-32.84	-32.84	7.32	9.71	14.85	107.41	相对角度姿态	9.71	14.85		
Mac:DA:3E:20:B6:30:BA传感器0	-0.19	0.06	0.70	-38.88	-38.88	-2.20	5.41	15.07	106.68	相对角度姿态	5.41	15.07		
Mac:DA:3E:20:B6:30:BA传感器0	-0.18	-0.01	0.70	-20.32	-20.32	-1.04	2.25	14.88	106.02	相对角度姿态	2.25	14.88		
Mac:DA:3E:20:B6:30:BA传感器0	-0.16	-0.02	0.88	-2.69	-2.69	-3.23	1.24	14.52	105.23	相对角度姿态	1.24	14.52		
Mac:DA:3E:20:B6:30:BA传感器0	-0.17	-0.01	0.96	0.00	0.00	-1.77	1.15	14.53	104.40	相对角度姿态	1.15	14.53		
Mac:DA:3E:20:B6:30:BA传感器0	-0.19	0.01	0.99	-5.68	-5.68	3.60	1.08	14.48	104.11	相对角度姿态	1.08	14.48		
Mac:DA:3E:20:B6:30:BA传感器0	-0.18	0.00	0.97	-2.87	-2.87	-0.18	0.80	14.48	103.57	相对角度姿态	0.80	14.48		
Mac:DA:3E:20:B6:30:BA传感器0	-0.18	-0.01	0.96	-1.89	-1.89	0.12	0.37	14.30	102.99	相对角度姿态	0.37	14.30		
Mac:DA:3E:20:B6:30:BA传感器0	-0.17	0.01	0.99	-0.43	-0.43	0.98	0.22	13.96	102.55	相对角度姿态	0.22	13.96		
Mac:DA:3E:20:B6:30:BA传感器0	-0.17	-0.00	0.98	2.50	2.50	0.06	0.01	13.74	102.11	相对角度姿态	0.01	13.74		
Mac:DA:3E:20:B6:30:BA传感器0	-0.17	-0.03	0.97	-1.71	-1.71	-0.98	-0.29	13.60	101.67	相对角度姿态	-0.29	13.60		
Mac:DA:3E:20:B6:30:BA传感器0	-0.19	-0.01	0.99	-1.22	-1.22	-0.85	-0.34	13.57	101.24	相对角度姿态	-0.34	13.57		
Mac:DA:3E:20:B6:30:BA传感器0	-0.17	-0.02	0.98	-0.06	-0.06	-1.40	-0.46	13.38	100.79	相对角度姿态	-0.46	13.38		
Mac:DA:3E:20:B6:30:BA传感器0	-0.17	-0.02	0.97	-0.43	-0.43	-0.18	-0.44	13.18	100.43	相对角度姿态	-0.44	13.18		
Mac:DA:3E:20:B6:30:BA传感器0	-0.17	-0.01	0.98	0.00	0.00	-1.04	-0.38	13.01	100.09	相对角度姿态	-0.38	13.01		
Mac:DA:3E:20:B6:30:BA传感器0	-0.18	-0.01	0.98	3.36	3.36	1.95	-0.40	12.85	99.88	相对角度姿态	-0.40	12.85		
Mac:DA:3E:20:B6:30:BA传感器0	-0.19	-0.01	0.97	2.14	2.14	2.56	-0.31	12.67	99.82	相对角度姿态	-0.31	12.67		
Mac:DA:3E:20:B6:30:BA传感器0	-0.19	-0.01	0.98	3.66	3.66	1.40	0.02	12.27	99.72	相对角度姿态	0.02	12.27		
Mac:DA:3E:20:B6:30:BA传感器0	-0.15	0.02	0.97	23.99	23.99	10.25	1.21	9.72	99.92	相对角度姿态	1.21	9.72		
Mac:DA:3E:20:B6:30:BA传感器0	-0.03	-0.00	0.98	-14.71	-14.71	0.61	0.90	5.50	100.04	相对角度姿态	0.90	5.50		
Mac:DA:3E:20:B6:30:BA传感器0	-0.04	-0.01	0.99	1.28	1.28	0.49	0.30	4.02	99.66	相对角度姿态	0.30	4.02		
Mac:DA:3E:20:B6:30:BA传感器0	-0.03	0.01	1.00	2.44	2.44	0.98	0.26	3.16	99.55	相对角度姿态	0.26	3.16		
Mac:DA:3E:20:B6:30:BA传感器0	-0.01	0.02	1.02	1.83	1.83	0.92	0.49	2.47	99.42	相对角度姿态	0.49	2.47		
Mac:DA:3E:20:B6:30:BA传感器0	-0.02	0.01	1.01	2.99	2.99	-2.87	0.59	2.38	99.14	相对角度姿态	0.59	2.38		
Mac:DA:3E:20:B6:30:BA传感器0	-0.03	0.04	1.01	1.10	1.10	2.26	1.34	2.47	98.86	相对角度姿态	1.34	2.47		
Mac:DA:3E:20:B6:30:BA传感器0	-0.01	0.02	0.98	2.69	2.69	0.12	1.16	1.86	98.73	相对角度姿态	1.16	1.86		
Mac:DA:3E:20:B6:30:BA传感器0	-0.01	0.01	0.99	3.17	3.17	-1.04	1.21	1.82	98.52	相对角度姿态	1.21	1.82		
Mac:DA:3E:20:B6:30:BA传感器0	-0.05	0.04	1.01	2.81	2.81	-0.79	1.59	2.46	98.27	相对角度姿态	1.59	2.46		
Mac:DA:3E:20:B6:30:BA传感器0	-0.03	0.03	0.99	1.65	1.65	1.28	1.46	2.12	98.20	相对角度姿态	1.46	2.12		
Mac:DA:3E:20:B6:30:BA传感器0	-0.01	0.03	0.99	1.95	1.95	0.12	1.41	1.88	98.07	相对角度姿态	1.41	1.88		
Mac:DA:3E:20:B6:30:BA传感器0	-0.02	0.01	0.99	-2.50	-2.50	-1.59	1.25	1.84	97.89	相对角度姿态	1.25	1.84		
Mac:DA:3E:20:B6:30:BA传感器0	-0.01	0.02	0.98	-1.16	-1.16	-0.49	1.12	1.74	97.73	相对角度姿态	1.12	1.74		
Mac:DA:3E:20:B6:30:BA传感器0	0.00	0.03	1.00	0.00	0.00	0.55	1.13	1.59	97.60	相对角度姿态	1.13	1.59		
Mac:DA:3E:20:B6:30:BA传感器0	-0.01	0.01	1.01	-3.97	-3.97	0.85	1.09	1.41	97.55	相对角度姿态	1.09	1.41		
Mac:DA:3E:20:B6:30:BA传感器0	-0.01	0.00	0.97	-1.04	-1.04	0.06	0.86	1.40	97.53	相对角度姿态	0.86	1.40		
Mac:DA:3E:20:B6:30:BA传感器0	0.00	0.01	1.00	-3.23	-3.23	-0.55	0.77	1.35	97.45	相对角度姿态	0.77	1.35		
Mac:DA:3E:20:B6:30:BA传感器0	-0.03	0.01	0.99	2.81	2.81	0.67	0.68	1.42	97.39	相对角度姿态	0.68	1.42		
Mac:DA:3E:20:B6:30:BA传感器0	-0.02	0.02	1.01	1.89	1.89	-1.34	0.80	1.36	97.28	相对角度姿态	0.80	1.36		
Mac:DA:3E:20:B6:30:BA传感器0	-0.00	0.02	0.99	3.05	3.05	-0.43	0.88	1.33	97.03	相对角度姿态	0.88	1.33		
Mac:DA:3E:20:B6:30:BA传感器0	-0.02	0.03	1.00	1.16	1.16	1.22	1.08	1.43	96.96	相对角度姿态	1.08	1.43		
Mac:DA:3E:20:B6:30:BA传感器0	-0.01	0.02	1.01	-0.55	-0.55	1.16	1.21	1.34	96.93	相对角度姿态	1.21	1.34		
Mac:DA:3E:20:B6:30:BA传感器0	-0.01	0.02	1.01	1.34	1.34	1.59	1.35	1.58	96.90	相对角度姿态	1.35	1.58		
Mac:DA:3E:20:B6:30:BA传感器0	-0.05	0.01	1.02	-0.06	-0.06	1.95	1.34	1.93	96.96	相对角度姿态	1.34	1.93		
Mac:DA:3E:20:B6:30:BA传感器0	-0.03	0.02	1.00	0.06	0.06	-0.73	1.44	1.98	96.86	相对角度姿态	1.44	1.98		
Mac:DA:3E:20:B6:30:BA传感器0	-0.02	0.02	0.98	1.95	1.95	0.85	1.48	1.88	96.76	相对角度姿态	1.48	1.88		
Mac:DA:3E:20:B6:30:BA传感器0	-0.02	0.05	1.00	1.77	1.77	-0.43	1.71	1.60	96.77	相对角度姿态	1.71	1.60		
Mac:DA:3E:20:B6:30:BA传感器0	-0.03	0.03	1.00	1.59	1.59	-0.49	1.70	1.70	96.65	相对角度姿态	1.70	1.70		
Mac:DA:3E:20:B6:30:BA传感器0	-0.01	0.03	1.00	-0.24	-0.24	-1.16	1.65	1.67	96.54	相对角度姿态	1.65	1.67		
Mac:DA:3E:20:B6:30:BA传感器0	-0.01	0.03	1.00	0.43	0.43	-0.18	1.63	1.67	96.44	相对角度姿态	1.63	1.67		
Mac:DA:3E:20:B6:30:BA传感器0	-0.03	0.03	0.98	-0.12	-0.12	-0.55	1.57	1.74	96.43	相对角度姿态	1.57	1.74		
