Mac:DA:3E:20:B6:30:BA传感器0	-0.02	-0.01	1.03	-1.22	-1.22	-0.49	-2.02	0.08	94.9	相对角度姿态	-2.02	0.08
Mac:DA:3E:20:B6:30:BA传感器0	0	-0.03	1	-0.61	-0.61	-1.77	-2.2	0.09	94.82	相对角度姿态	-2.2	0.09
Mac:DA:3E:20:B6:30:BA传感器0	0.01	-0.02	1	-1.89	-1.89	-1.46	-2.3	-0.03	94.71	相对角度姿态	-2.3	-0.03
Mac:DA:3E:20:B6:30:BA传感器0	0.01	-0.03	1	-3.48	-3.48	-0.92	-2.46	-0.04	94.66	相对角度姿态	-2.46	-0.04
Mac:DA:3E:20:B6:30:BA传感器0	-0.01	-0.03	1.01	0.79	0.79	0.98	-2.44	0.11	94.8	相对角度姿态	-2.44	0.11
Mac:DA:3E:20:B6:30:BA传感器0	-0.02	-0.03	0.97	3.91	3.91	-3.48	-2.16	0.25	94.81	相对角度姿态	-2.16	0.25
Mac:DA:3E:20:B6:30:BA传感器0	0.01	-0.02	1.02	1.22	1.22	1.89	-1.76	0.45	94.72	相对角度姿态	-1.76	0.45
Mac:DA:3E:20:B6:30:BA传感器0	-0.03	0	1.02	-0.73	-0.73	0.61	-1.68	0.65	94.85	相对角度姿态	-1.68	0.65
Mac:DA:3E:20:B6:30:BA传感器0	-0.02	-0.03	1	-2.01	-2.01	-2.2	-1.86	0.66	94.75	相对角度姿态	-1.86	0.66
Mac:DA:3E:20:B6:30:BA传感器0	-0.01	-0.01	1.01	-4.03	-4.03	-1.53	-1.97	0.62	94.68	相对角度姿态	-1.97	0.62
Mac:DA:3E:20:B6:30:BA传感器0	-0.01	-0.03	1	-2.38	-2.38	-0.92	-2.24	0.74	94.57	相对角度姿态	-2.24	0.74
Mac:DA:3E:20:B6:30:BA传感器0	-0.03	-0.01	1.01	0.24	0.24	0.18	-2.23	0.77	94.67	相对角度姿态	-2.23	0.77
Mac:DA:3E:20:B6:30:BA传感器0	0	-0.04	1.01	-0.18	-0.18	0.24	-2.34	0.7	94.65	相对角度姿态	-2.34	0.7
Mac:DA:3E:20:B6:30:BA传感器0	0	-0.04	1.02	-0.73	-0.73	1.22	-2.52	0.37	94.75	相对角度姿态	-2.52	0.37
Mac:DA:3E:20:B6:30:BA传感器0	-0.04	-0.02	0.98	-6.04	-6.04	-2.62	-2.87	0.4	94.72	相对角度姿态	-2.87	0.4
Mac:DA:3E:20:B6:30:BA传感器0	0.03	-0.06	1.01	-6.71	-6.71	-1.28	-3.2	0.18	94.54	相对角度姿态	-3.2	0.18
Mac:DA:3E:20:B6:30:BA传感器0	0.01	-0.04	1	2.26	2.26	2.26	-3.28	0.1	94.72	相对角度姿态	-3.28	0.1
Mac:DA:3E:20:B6:30:BA传感器0	0	-0.05	1	3.6	3.6	1.95	-3.11	0.29	94.89	相对角度姿态	-3.11	0.29
Mac:DA:3E:20:B6:30:BA传感器0	-0.04	-0.02	1	2.14	2.14	3.17	-2.77	0.68	95.1	相对角度姿态	-2.77	0.68
Mac:DA:3E:20:B6:30:BA传感器0	-0.06	0	1.02	4.58	4.58	0.85	-2.15	0.98	95.42	相对角度姿态	-2.15	0.98
Mac:DA:3E:20:B6:30:BA传感器0	0.01	-0.01	0.98	2.87	2.87	-5.43	-1.83	1.36	95.09	相对角度姿态	-1.83	1.36
Mac:DA:3E:20:B6:30:BA传感器0	0.02	-0.03	0.99	1.4	1.4	3.11	-1.69	1.42	94.95	相对角度姿态	-1.69	1.42
Mac:DA:3E:20:B6:30:BA传感器0	-0.04	0.01	1.01	6.53	6.53	2.93	-1.13	1.7	95.23	相对角度姿态	-1.13	1.7
Mac:DA:3E:20:B6:30:BA传感器0	-0.03	0	0.98	13.85	13.85	2.14	-0.54	2.59	95.21	相对角度姿态	-0.54	2.59
Mac:DA:3E:20:B6:30:BA传感器0	-0.11	0.03	1	15.56	15.56	5.07	1.26	4.36	95.32	相对角度姿态	1.26	4.36
Mac:DA:3E:20:B6:30:BA传感器0	-0.23	0.12	1.02	39.92	39.92	7.26	4.07	6.42	95.89	相对角度姿态	4.07	6.42
Mac:DA:3E:20:B6:30:BA传感器0	-0.18	0.17	1.17	47.73	47.73	-8.36	7.79	7.27	95.63	相对角度姿态	7.79	7.27
Mac:DA:3E:20:B6:30:BA传感器0	-0.16	0.36	1.49	14.65	14.65	8.12	10.67	6.12	95.34	相对角度姿态	10.67	6.12
Mac:DA:3E:20:B6:30:BA传感器0	-0.26	0.45	1.34	-26.86	-26.86	13.98	8.93	4.49	95.95	相对角度姿态	8.93	4.49
Mac:DA:3E:20:B6:30:BA传感器0	-0.09	0.69	1.43	-78	-78	24.17	4.88	1.88	97.21	相对角度姿态	4.88	1.88
Mac:DA:3E:20:B6:30:BA传感器0	0.17	-0.17	-0.11	-137.57	-137.57	-91.25	-8.23	8.78	92.18	相对角度姿态	-8.23	8.78
Mac:DA:3E:20:B6:30:BA传感器0	0.09	-0.59	0.17	-47.18	-47.18	42.97	-20.85	11.39	89.7	相对角度姿态	-20.85	11.39
Mac:DA:3E:20:B6:30:BA传感器0	-0.16	-0.35	0.88	-4.15	-4.15	7.02	-21.34	10.2	92.98	相对角度姿态	-21.34	10.2
Mac:DA:3E:20:B6:30:BA传感器0	-0.22	-0.23	1.12	6.96	6.96	21.85	-19.89	10.22	94.15	相对角度姿态	-19.89	10.22
Mac:DA:3E:20:B6:30:BA传感器0	-0.29	-0.25	0.98	-8.79	-8.79	11.84	-19.43	10.05	95.32	相对角度姿态	-19.43	10.05
Mac:DA:3E:20:B6:30:BA传感器0	-0.22	-0.25	0.97	-2.5	-2.5	10.56	-18.52	9.56	95.96	相对角度姿态	-18.52	9.56
Mac:DA:3E:20:B6:30:BA传感器0	-0.28	-0.25	0.97	-3.11	-3.11	6.29	-18.18	9.96	96.48	相对角度姿态	-18.18	9.96
Mac:DA:3E:20:B6:30:BA传感器0	-0.31	-0.22	0.98	12.63	12.63	2.44	-17.45	10.42	96.82	相对角度姿态	-17.45	10.42
Mac:DA:3E:20:B6:30:BA传感器0	-0.59	-0.17	0.93	4.33	4.33	-1.95	-16.36	11.19	97.26	相对角度姿态	-16.36	11.19
Mac:DA:3E:20:B6:30:BA传感器0	-0.77	-0.1	0.83	4.09	4.09	-32.84	-16.06	12.29	96.04	相对角度姿态	-16.06	12.29
Mac:DA:3E:20:B6:30:BA传感器0	-0.65	0.21	1.02	40.16	40.16	-98.75	-13.08	13.06	87.63	相对角度姿态	-13.08	13.06
Mac:DA:3E:20:B6:30:BA传感器0	-0.29	0.07	0.76	25.94	25.94	-144.59	-13.27	15.72	72.89	相对角度姿态	-13.27	15.72
Mac:DA:3E:20:B6:30:BA传感器0	0.68	-0.17	1.42	42.85	42.85	-39.67	-13.79	5.93	67.55	相对角度姿态	-13.79	5.93
Mac:DA:3E:20:B6:30:BA传感器0	0.34	-0.32	1.14	-49.5	-49.5	-0.31	-14.62	1.37	68.01	相对角度姿态	-14.62	1.37
Mac:DA:3E:20:B6:30:BA传感器0	-0.01	-0.38	0.98	-29.66	-29.66	11.66	-17.75	-0.6	69.58	相对角度姿态	-17.75	-0.6
Mac:DA:3E:20:B6:30:BA传感器0	-0.22	-0.28	1.1	-2.2	-2.2	14.71	-18.55	-0.07	71.78	相对角度姿态	-18.55	-0.07
Mac:DA:3E:20:B6:30:BA传感器0	-0.15	-0.36	0.94	-4.52	-4.52	-1.89	-19.53	0.98	71.92	相对角度姿态	-19.53	0.98
Mac:DA:3E:20:B6:30:BA传感器0	-0.15	-0.32	1.03	-3.97	-3.97	-8.97	-19.07	1.85	71.96	相对角度姿态	-19.07	1.85
Mac:DA:3E:20:B6:30:BA传感器0	-0.1	-0.33	1.04	2.26	2.26	-6.96	-18.78	1.93	72.25	相对角度姿态	-18.78	1.93
Mac:DA:3E:20:B6:30:BA传感器0	-0.18	-0.35	0.94	8.18	8.18	-5.92	-19.47	2.19	72.72	相对角度姿态	-19.47	2.19
Mac:DA:3E:20:B6:30:BA传感器0	-0.01	-0.44	0.79	-1.1	-1.1	-5.62	-19.7	1.93	73.29	相对角度姿态	-19.7	1.93
Mac:DA:3E:20:B6:30:BA传感器0	-0.05	-0.39	0.32	28.2	28.2	-4.76	-19.76	4.08	73	相对角度姿态	-19.76	4.08
Mac:DA:3E:20:B6:30:BA传感器0	-0.13	-0.05	0.47	48.1	48.1	-34.61	-15.24	7.64	71.77	相对角度姿态	-15.24	7.64
Mac:DA:3E:20:B6:30:BA传感器0	-0.05	-0.06	1.05	102.97	102.97	-1.59	-11.08	-0.43	73.2	相对角度姿态	-11.08	-0.43
Mac:DA:3E:20:B6:30:BA传感器0	-0.03	0.13	2	51.7	51.7	-14.53	-0.96	-6.51	73.83	相对角度姿态	-0.96	-6.51
Mac:DA:3E:20:B6:30:BA传感器0	-0.05	0.09	1.44	28.93	28.93	-1.77	2.15	-5.12	73.54	相对角度姿态	2.15	-5.12
Mac:DA:3E:20:B6:30:BA传感器0	-0.07	0.05	1.05	-24.96	-24.96	-11.41	2.05	-2.92	73.92	相对角度姿态	2.05	-2.92
Mac:DA:3E:20:B6:30:BA传感器0	-0.05	-0.01	0.89	-2.5	-2.5	-3.17	0	-1.34	73.69	相对角度姿态	0	-1.34
Mac:DA:3E:20:B6:30:BA传感器0	-0.07	-0.01	0.95	-7.02	-7.02	-3.36	-0.51	-0.62	73.93	相对角度姿态	-0.51	-0.62
Mac:DA:3E:20:B6:30:BA传感器0	-0.07	-0.02	0.98	-3.6	-3.6	-2.2	-0.99	-0.5	74.33	相对角度姿态	-0.99	-0.5
Mac:DA:3E:20:B6:30:BA传感器0	-0.04	-0.02	1.02	-2.56	-2.56	-2.81	-1.25	-0.54	74.49	相对角度姿态	-1.25	-0.54
Mac:DA:3E:20:B6:30:BA传感器0	0.01	0.02	1	0.24	0.24	-7.2	-1.14	-0.15	74.23	相对角度姿态	-1.14	-0.15
Mac:DA:3E:20:B6:30:BA传感器0	0.33	0.03	1.03	-3.23	-3.23	-9.34	-1.28	-1.04	73.76	相对角度姿态	-1.28	-1.04
Mac:DA:3E:20:B6:30:BA传感器0	0.54	0.07	0.97	-5.92	-5.92	42.36	-1.16	-2.09	75.63	相对角度姿态	-1.16	-2.09
Mac:DA:3E:20:B6:30:BA传感器0	0.22	0.26	0.75	10.62	10.62	76.42	-0.53	-0.15	82.82	相对角度姿态	-0.53	-0.15
Mac:DA:3E:20:B6:30:BA传感器0	-0.23	0.23	0.97	-2.5	-2.5	112.55	1.35	4.04	93.1	相对角度姿态	1.35	4.04
Mac:DA:3E:20:B6:30:BA传感器0	-1	0.31	0.99	0.73	0.73	107.85	2.8	8.31	104.25	相对角度姿态	2.8	8.31
Mac:DA:3E:20:B6:30:BA传感器0	-0.74	0.04	0.9	0.12	0.12	26.06	4.03	10.61	109.9	相对角度姿态	4.03	10.61
Mac:DA:3E:20:B6:30:BA传感器0	-0.28	0.04	0.96	-1.16	-1.16	-16.11	4.55	11.95	109.23	相对角度姿态	4.55	11.95
Mac:DA:3E:20:B6:30:BA传感器0	-0.11	0.05	1	-0.73	-0.73	-15.01	4.19	12.65	106.9	相对角度姿态	4.19	12.65
Mac:DA:3E:20:B6:30:BA传感器0	-0.1	0.09	0.99	6.77	6.77	-6.53	3.94	12.91	105.33	相对角度姿态	3.94	12.91
Mac:DA:3E:20:B6:30:BA传感器0	-0.12	0.1	0.98	-2.81	-2.81	-0.61	3.91	13.02	104.35	相对角度姿态	3.91	13.02
Mac:DA:3E:20:B6:30:BA传感器0	-0.12	0.07	0.91	4.7	4.7	6.1	3.79	12.97	103.99	相对角度姿态	3.79	12.97
Mac:DA:3E:20:B6:30:BA传感器0	-0.15	0.09	0.99	3.72	3.72	2.14	4.49	12.62	103.88	相对角度姿态	4.49	12.62
Mac:DA:3E:20:B6:30:BA传感器0	-0.17	0.07	0.96	2.56	2.56	2.81	4.51	12.56	103.56	相对角度姿态	4.51	12.56
Mac:DA:3E:20:B6:30:BA传感器0	-0.18	0.1	0.94	-0.06	-0.06	4.21	4.88	12.4	103.52	相对角度姿态	4.88	12.4
Mac:DA:3E:20:B6:30:BA传感器0	-0.16	0.09	0.96	-0.61	-0.61	-0.37	5.1	12.19	103.23	相对角度姿态	5.1	12.19
Mac:DA:3E:20:B6:30:BA传感器0	-0.15	0.1	0.97	0.98	0.98	1.22	5.19	12.22	102.9	相对角度姿态	5.19	12.22
Mac:DA:3E:20:B6:30:BA传感器0	-0.16	0.12	0.98	1.22	1.22	1.77	5.4	12.11	102.72	相对角度姿态	5.4	12.11
Mac:DA:3E:20:B6:30:BA传感器0	-0.17	0.1	0.95	1.1	1.1	0.67	5.49	12.01	102.42	相对角度姿态	5.49	12.01
Mac:DA:3E:20:B6:30:BA传感器0	-0.17	0.08	0.94	-0.37	-0.37	0.24	5.44	11.84	102.13	相对角度姿态	5.44	11.84
Mac:DA:3E:20:B6:30:BA传感器0	-0.15	0.1	0.95	0	0	2.08	5.58	11.65	101.94	相对角度姿态	5.58	11.65
Mac:DA:3E:20:B6:30:BA传感器0	-0.16	0.11	0.98	2.56	2.56	0.92	5.67	11.64	101.71	相对角度姿态	5.67	11.64
Mac:DA:3E:20:B6:30:BA传感器0	-0.17	0.12	0.97	-2.01	-2.01	0.55	5.75	11.78	101.44	相对角度姿态	5.75	11.78
Mac:DA:3E:20:B6:30:BA传感器0	-0.15	0.12	0.95	-1.65	-1.65	3.85	5.67	11.51	101.37	相对角度姿态	5.67	11.51
Mac:DA:3E:20:B6:30:BA传感器0	-0.17	0.08	0.98	-3.78	-3.78	2.93	5.46	11.57	101.4	相对角度姿态	5.46	11.57
Mac:DA:3E:20:B6:30:BA传感器0	-0.17	0.15	1.25	-8.42	-8.42	6.16	5.45	11.6	101.59	相对角度姿态	5.45	11.6
Mac:DA:3E:20:B6:30:BA传感器0	-0.33	0.15	1.19	-30.94	-30.94	11.05	3.89	12.95	102.04	相对角度姿态	3.89	12.95
Mac:DA:3E:20:B6:30:BA传感器0	-0.37	0.1	1.11	-40.71	-40.71	-9.16	0.57	14.62	101.84	相对角度姿态	0.57	14.62
Mac:DA:3E:20:B6:30:BA传感器0	-0.41	0	0.95	-48.03	-48.03	-10.13	-4.52	16.43	100.73	相对角度姿态	-4.52	16.43
Mac:DA:3E:20:B6:30:BA传感器0	-0.46	0	0.85	-41.32	-41.32	-36.99	-9.11	18.76	98.05	相对角度姿态	-9.11	18.76
Mac:DA:3E:20:B6:30:BA传感器0	-0.32	-0.22	0.76	-31.13	-31.13	-50.72	-14.75	19.67	92.59	相对角度姿态	-14.75	19.67
Mac:DA:3E:20:B6:30:BA传感器0	-0.28	-0.22	0.79	-0.55	-0.55	-43.33	-17.95	18.52	88.4	相对角度姿态	-17.95	18.52
Mac:DA:3E:20:B6:30:BA传感器0	-0.31	-0.31	0.71	-8.24	-8.24	-21.61	-20.52	17.79	85.01	相对角度姿态	-20.52	17.79
Mac:DA:3E:20:B6:30:BA传感器0	-0.23	-0.26	0.91	9.64	9.64	-48.1	-21.23	14.75	82.56	相对角度姿态	-21.23	14.75
Mac:DA:3E:20:B6:30:BA传感器0	-0.09	-0.31	0.83	2.2	2.2	-45.23	-21.52	11.67	78.27	相对角度姿态	-21.52	11.67
Mac:DA:3E:20:B6:30:BA传感器0	0	-0.38	0.85	18.01	18.01	-51.45	-21.87	7.75	76.23	相对角度姿态	-21.87	7.75
Mac:DA:3E:20:B6:30:BA传感器0	-0.05	-0.29	0.8	23.86	23.86	-46.26	-20.03	6.61	72.32	相对角度姿态	-20.03	6.61
Mac:DA:3E:20:B6:30:BA传感器0	0.01	-0.33	0.74	28.32	28.32	-30.46	-19.76	5.43	69.11	相对角度姿态	-19.76	5.43
Mac:DA:3E:20:B6:30:BA传感器0	-0.01	-0.26	1.05	32.84	32.84	-27.34	-15.51	3.55	67.5	相对角度姿态	-15.51	3.55
Mac:DA:3E:20:B6:30:BA传感器0	0	-0.14	1.14	47.73	47.73	-19.59	-10.6	2.56	66.21	相对角度姿态	-10.6	2.56
Mac:DA:3E:20:B6:30:BA传感器0	0.02	-0.1	1.07	45.04	45.04	-0.18	-6.37	4.93	65.15	相对角度姿态	-6.37	4.93
Mac:DA:3E:20:B6:30:BA传感器0	-0.06	0.1	1.13	66.35	66.35	25.76	0.07	5.78	67.54	相对角度姿态	0.07	5.78
Mac:DA:3E:20:B6:30:BA传感器0	-0.03	0.21	1.08	68.05	68.05	34.24	7.37	5.7	70.81	相对角度姿态	7.37	5.7
Mac:DA:3E:20:B6:30:BA传感器0	-0.16	0.23	0.9	42.66	42.66	49.74	13.08	5.88	75.21	相对角度姿态	13.08	5.88
Mac:DA:3E:20:B6:30:BA传感器0	-0.2	0.35	1.01	29.48	29.48	52.61	17.64	6.17	80.89	相对角度姿态	17.64	6.17
Mac:DA:3E:20:B6:30:BA传感器0	-0.1	0.42	1.08	3.54	3.54	78.37	19.69	4.57	87.19	相对角度姿态	19.69	4.57
Mac:DA:3E:20:B6:30:BA传感器0	-0.07	0.45	0.79	-3.54	-3.54	50.66	22.05	8.45	95.22	相对角度姿态	22.05	8.45
Mac:DA:3E:20:B6:30:BA传感器0	-0.27	0.47	1.01	-11.54	-11.54	69.7	22.54	9.81	102.6	相对角度姿态	22.54	9.81
Mac:DA:3E:20:B6:30:BA传感器0	-0.4	0.47	1.13	-40.83	-40.83	40.59	20.79	11.32	108.4	相对角度姿态	20.79	11.32
Mac:DA:3E:20:B6:30:BA传感器0	-0.58	0.43	0.95	-57.31	-57.31	21.48	16.51	12.51	111.64	相对角度姿态	16.51	12.51
Mac:DA:3E:20:B6:30:BA传感器0	-0.33	0.22	0.94	-57.56	-57.56	-17.52	10.97	12.92	110.97	相对角度姿态	10.97	12.92
Mac:DA:3E:20:B6:30:BA传感器0	-0.17	0.11	0.76	-75.26	-75.26	-15.81	4.69	12.18	108.88	相对角度姿态	4.69	12.18
Mac:DA:3E:20:B6:30:BA传感器0	-0.11	-0.04	0.65	-9.28	-9.28	-22.28	-0.59	11.72	107.03	相对角度姿态	-0.59	11.72
Mac:DA:3E:20:B6:30:BA传感器0	-0.13	-0.04	0.84	12.45	12.45	-25.15	-0.49	11.85	105.02	相对角度姿态	-0.49	11.85
Mac:DA:3E:20:B6:30:BA传感器0	-0.06	-0.05	0.86	-1.28	-1.28	-12.94	-0.73	11.6	102.86	相对角度姿态	-0.73	11.6
Mac:DA:3E:20:B6:30:BA传感器0	-0.11	-0.01	0.96	4.7	4.7	-3.11	-1.09	11.15	102.36	相对角度姿态	-1.09	11.15
Mac:DA:3E:20:B6:30:BA传感器0	-0.14	0.02	1	12.15	12.15	-4.15	-0.71	11.12	101.62	相对角度姿态	-0.71	11.12
Mac:DA:3E:20:B6:30:BA传感器0	-0.18	0.01	1.01	1.1	1.1	-3.97	-0.37	11.12	100.96	相对角度姿态	-0.37	11.12
Mac:DA:3E:20:B6:30:BA传感器0	-0.16	0.01	0.99	-1.28	-1.28	-2.62	-0.48	10.91	100.4	相对角度姿态	-0.48	10.91
Mac:DA:3E:20:B6:30:BA传感器0	-0.16	-0.01	0.97	0.73	0.73	-2.81	-0.31	10.52	99.96	相对角度姿态	-0.31	10.52
Mac:DA:3E:20:B6:30:BA传感器0	-0.14	0	1	3.11	3.11	0.49	0.03	9.97	99.64	相对角度姿态	0.03	9.97
Mac:DA:3E:20:B6:30:BA传感器0	-0.17	0.03	0.98	3.36	3.36	-0.18	0.51	10.11	99.45	相对角度姿态	0.51	10.11
Mac:DA:3E:20:B6:30:BA传感器0	-0.17	0.02	1	1.22	1.22	-1.1	0.95	10.11	99.29	相对角度姿态	0.95	10.11
Mac:DA:3E:20:B6:30:BA传感器0	-0.18	0.04	1.01	3.23	3.23	2.93	1.09	10.32	99.34	相对角度姿态	1.09	10.32
Mac:DA:3E:20:B6:30:BA传感器0	-0.13	0.02	0.93	0.67	0.67	-2.26	1.02	10.62	98.93	相对角度姿态	1.02	10.62
Mac:DA:3E:20:B6:30:BA传感器0	-0.12	0.04	0.98	2.69	2.69	1.89	1.25	10.51	98.73	相对角度姿态	1.25	10.51
Mac:DA:3E:20:B6:30:BA传感器0	-0.16	0.04	0.96	0.79	0.79	1.89	1.51	10.65	98.72	相对角度姿态	1.51	10.65
Mac:DA:3E:20:B6:30:BA传感器0	-0.18	0.03	0.96	1.28	1.28	1.4	1.87	10.68	98.83	相对角度姿态	1.87	10.68
Mac:DA:3E:20:B6:30:BA传感器0	-0.21	0.02	1.02	6.16	6.16	3.17	2.33	10.66	98.94	相对角度姿态	2.33	10.66
Mac:DA:3E:20:B6:30:BA传感器0	-0.25	0.07	1.1	18.07	18.07	15.2	3.51	10.03	99.79	相对角度姿态	3.51	10.03
Mac:DA:3E:20:B6:30:BA传感器0	-0.45	0.17	1.16	6.29	6.29	8.3	5.16	10.01	100.72	相对角度姿态	5.16	10.01
Mac:DA:3E:20:B6:30:BA传感器0	-0.33	0.64	1.65	-0.43	-0.43	-14.95	6.86	3.8	100.43	相对角度姿态	6.86	3.8
Mac:DA:3E:20:B6:30:BA传感器0	0.01	0.32	1.08	-91.19	-91.19	-61.71	0.77	5.72	93.64	相对角度姿态	0.77	5.72
Mac:DA:3E:20:B6:30:BA传感器0	-0.05	0.16	0.64	-124.21	-124.21	-71.59	-9.63	8.14	87.03	相对角度姿态	-9.63	8.14
Mac:DA:3E:20:B6:30:BA传感器0	0.36	-0.49	0.39	-64.76	-64.76	-41.44	-21.06	8.2	79.56	相对角度姿态	-21.06	8.2
Mac:DA:3E:20:B6:30:BA传感器0	0.21	-0.6	0.64	2.26	2.26	-8.42	-25.64	4.58	79.22	相对角度姿态	-25.64	4.58
Mac:DA:3E:20:B6:30:BA传感器0	0	-0.42	1.01	16.48	16.48	0.85	-25.04	3.08	79.13	相对角度姿态	-25.04	3.08
Mac:DA:3E:20:B6:30:BA传感器0	-0.23	-0.38	1.03	-5.49	-5.49	15.32	-23.79	3.47	80.29	相对角度姿态	-23.79	3.47
Mac:DA:3E:20:B6:30:BA传感器0	-0.19	-0.4	1.07	-5.07	-5.07	-1.22	-23.47	3.07	81.63	相对角度姿态	-23.47	3.07
Mac:DA:3E:20:B6:30:BA传感器0	-0.19	-0.44	0.87	-2.81	-2.81	-0.92	-23.96	3.52	81.59	相对角度姿态	-23.96	3.52
Mac:DA:3E:20:B6:30:BA传感器0	-0.26	-0.46	0.73	15.75	15.75	-1.46	-23.59	4	81.93	相对角度姿态	-23.59	4
Mac:DA:3E:20:B6:30:BA传感器0	-0.36	-0.43	0.65	31.19	31.19	-24.29	-21.75	5.28	81.66	相对角度姿态	-21.75	5.28
Mac:DA:3E:20:B6:30:BA传感器0	-0.36	-0.21	0.49	59.81	59.81	-16.11	-19.18	7.05	79.3	相对角度姿态	-19.18	7.05
Mac:DA:3E:20:B6:30:BA传感器0	0	0.02	0.47	21.18	21.18	-33.51	-13.21	4.91	76.45	相对角度姿态	-13.21	4.91
Mac:DA:3E:20:B6:30:BA传感器0	-0.05	0.5	1.48	148.62	148.62	-28.87	-1.21	-0.33	74.61	相对角度姿态	-1.21	-0.33
Mac:DA:3E:20:B6:30:BA传感器0	0.08	0.33	1.89	39.73	39.73	-31.25	7.22	-0.12	70.49	相对角度姿态	7.22	-0.12
Mac:DA:3E:20:B6:30:BA传感器0	0.14	0.18	1.24	-20.45	-20.45	-27.34	7.9	-0.57	68.07	相对角度姿态	7.9	-0.57
Mac:DA:3E:20:B6:30:BA传感器0	-0.01	0.01	1.01	-19.96	-19.96	-18.31	6.09	1.11	66.56	相对角度姿态	6.09	1.11
Mac:DA:3E:20:B6:30:BA传感器0	-0.19	0.14	0.94	-17.76	-17.76	-2.26	4.7	1.95	66.4	相对角度姿态	4.7	1.95
Mac:DA:3E:20:B6:30:BA传感器0	-0.06	0.02	0.95	-7.63	-7.63	-0.06	2.79	0.44	66.58	相对角度姿态	2.79	0.44
Mac:DA:3E:20:B6:30:BA传感器0	0.06	0.01	0.96	-7.63	-7.63	-4.21	1.9	0.09	67.37	相对角度姿态	1.9	0.09
Mac:DA:3E:20:B6:30:BA传感器0	0.24	0.07	0.97	5	5	7.87	1.6	-0.01	68.18	相对角度姿态	1.6	-0.01
Mac:DA:3E:20:B6:30:BA传感器0	0.48	0.02	0.85	-7.69	-7.69	35.64	0.71	-2.48	71.39	相对角度姿态	0.71	-2.48
Mac:DA:3E:20:B6:30:BA传感器0	0.44	0.21	0.95	19.84	19.84	88.81	2.26	-2.55	78.73	相对角度姿态	2.26	-2.55
Mac:DA:3E:20:B6:30:BA传感器0	-0.11	0.58	1.1	7.87	7.87	139.04	4.66	1.17	90.79	相对角度姿态	4.66	1.17
Mac:DA:3E:20:B6:30:BA传感器0	-1.37	0.35	0.68	10.86	10.86	74.83	7.74	11.1	102.06	相对角度姿态	7.74	11.1
Mac:DA:3E:20:B6:30:BA传感器0	-0.51	-0.11	0.83	-16.91	-16.91	15.63	7.21	14.29	105.6	相对角度姿态	7.21	14.29
Mac:DA:3E:20:B6:30:BA传感器0	-0.26	0.06	0.93	7.2	7.2	15.69	7.19	14.13	106.85	相对角度姿态	7.19	14.13
Mac:DA:3E:20:B6:30:BA传感器0	-0.39	0.17	0.91	-19.29	-19.29	-1.89	7.75	16.99	107.34	相对角度姿态	7.75	16.99
Mac:DA:3E:20:B6:30:BA传感器0	-0.25	0.09	0.99	-2.32	-2.32	-4.33	7.04	16.89	106.2	相对角度姿态	7.04	16.89
Mac:DA:3E:20:B6:30:BA传感器0	-0.19	0.1	0.88	-1.4	-1.4	-3.11	6.35	16.64	105.38	相对角度姿态	6.35	16.64
Mac:DA:3E:20:B6:30:BA传感器0	-0.17	0.11	0.91	-0.31	-0.31	0.37	6.31	15.66	104.56	相对角度姿态	6.31	15.66
Mac:DA:3E:20:B6:30:BA传感器0	-0.2	0.11	0.91	1.34	1.34	1.89	6.43	15.23	104.24	相对角度姿态	6.43	15.23
Mac:DA:3E:20:B6:30:BA传感器0	-0.2	0.09	0.94	-1.28	-1.28	1.1	6.6	15.29	103.92	相对角度姿态	6.6	15.29
Mac:DA:3E:20:B6:30:BA传感器0	-0.25	0.13	0.94	2.08	2.08	1.77	6.73	15.56	103.77	相对角度姿态	6.73	15.56
Mac:DA:3E:20:B6:30:BA传感器0	-0.23	0.12	0.93	0.79	0.79	-1.53	6.74	15.29	103.37	相对角度姿态	6.74	15.29
Mac:DA:3E:20:B6:30:BA传感器0	-0.2	0.11	0.93	1.22	1.22	-1.16	6.75	15.1	102.8	相对角度姿态	6.75	15.1
Mac:DA:3E:20:B6:30:BA传感器0	-0.23	0.11	0.93	3.23	3.23	7.26	6.86	15.31	102.72	相对角度姿态	6.86	15.31
Mac:DA:3E:20:B6:30:BA传感器0	-0.23	0.13	0.91	3.66	3.66	1.34	7.15	15.41	102.66	相对角度姿态	7.15	15.41
Mac:DA:3E:20:B6:30:BA传感器0	-0.23	0.14	0.96	3.36	3.36	-0.55	7.44	15.01	102.38	相对角度姿态	7.44	15.01
Mac:DA:3E:20:B6:30:BA传感器0	-0.2	0.12	0.92	-2.44	-2.44	-1.34	7.28	14.91	101.84	相对角度姿态	7.28	14.91
Mac:DA:3E:20:B6:30:BA传感器0	-0.23	0.13	0.93	-3.17	-3.17	0.06	7.22	14.61	101.62	相对角度姿态	7.22	14.61
Mac:DA:3E:20:B6:30:BA传感器0	-0.21	0.12	0.92	-2.38	-2.38	-0.73	6.97	14.33	101.3	相对角度姿态	6.97	14.33
Mac:DA:3E:20:B6:30:BA传感器0	-0.23	0.12	0.92	-1.77	-1.77	-0.37	6.89	14.16	101.13	相对角度姿态	6.89	14.16
Mac:DA:3E:20:B6:30:BA传感器0	-0.23	0.12	0.92	-0.73	-0.73	-0.79	6.75	14.17	100.86	相对角度姿态	6.75	14.17
Mac:DA:3E:20:B6:30:BA传感器0	-0.18	0.12	0.94	-4.15	-4.15	-1.28	6.62	13.61	100.5	相对角度姿态	6.62	13.61
Mac:DA:3E:20:B6:30:BA传感器0	-0.18	0.12	0.94	0.18	0.18	-0.85	6.38	13.02	100.16	相对角度姿态	6.38	13.02
Mac:DA:3E:20:B6:30:BA传感器0	-0.17	0.1	0.95	0.85	0.85	-1.28	6.2	11.82	99.68	相对角度姿态	6.2	11.82
Mac:DA:3E:20:B6:30:BA传感器0	-0.15	0.11	0.93	2.44	2.44	0.67	5.99	11.15	99.35	相对角度姿态	5.99	11.15
Mac:DA:3E:20:B6:30:BA传感器0	-0.16	0.09	0.94	-10.25	-10.25	3.11	5.55	10.15	99.23	相对角度姿态	5.55	10.15
Mac:DA:3E:20:B6:30:BA传感器0	-0.15	0.09	0.95	0.06	0.06	2.08	5.03	9.43	99.21	相对角度姿态	5.03	9.43
Mac:DA:3E:20:B6:30:BA传感器0	-0.14	0.09	0.95	-3.36	-3.36	0.79	4.93	8.77	99.08	相对角度姿态	4.93	8.77
Mac:DA:3E:20:B6:30:BA传感器0	-0.13	0.1	0.98	-6.71	-6.71	-0.18	4.84	8.36	98.94	相对角度姿态	4.84	8.36
Mac:DA:3E:20:B6:30:BA传感器0	-0.16	0.1	0.95	0.37	0.37	-0.79	4.71	8.49	98.82	相对角度姿态	4.71	8.49
Mac:DA:3E:20:B6:30:BA传感器0	-0.11	0.09	0.95	4.88	4.88	-1.1	4.82	8.42	98.49	相对角度姿态	4.82	8.42
Mac:DA:3E:20:B6:30:BA传感器0	-0.12	0.11	0.96	4.76	4.76	0	5.32	8.26	98.33	相对角度姿态	5.32	8.26
Mac:DA:3E:20:B6:30:BA传感器0	-0.16	0.12	0.92	1.71	1.71	-2.2	6.51	8.46	98.2	相对角度姿态	6.51	8.46
Mac:DA:3E:20:B6:30:BA传感器0	-0.16	0.12	0.92	1.71	1.71	-2.2	6.51	8.46	98.2	相对角度姿态	6.51	8.46
Mac:DA:3E:20:B6:30:BA传感器0	-0.15	0.14	1.03	6.47	6.47	0.67	7.1	8.42	98.1	相对角度姿态	7.1	8.42
Mac:DA:3E:20:B6:30:BA传感器0	-0.2	0.17	1.13	7.93	7.93	2.14	7.65	7.97	98.09	相对角度姿态	7.65	7.97
Mac:DA:3E:20:B6:30:BA传感器0	-0.24	0.28	1.31	5.07	5.07	-0.92	8.46	6.99	97.69	相对角度姿态	8.46	6.99
Mac:DA:3E:20:B6:30:BA传感器0	-0.06	0.33	1.56	-11.23	-11.23	1.53	8.75	4.95	97.03	相对角度姿态	8.75	4.95
Mac:DA:3E:20:B6:30:BA传感器0	-0.05	0.02	0.51	-61.77	-61.77	-23.13	-2.37	9.42	97.77	相对角度姿态	-2.37	9.42
Mac:DA:3E:20:B6:30:BA传感器0	-0.05	0.02	0.51	-61.77	-61.77	-23.13	-2.37	9.42	97.77	相对角度姿态	-2.37	9.42
Mac:DA:3E:20:B6:30:BA传感器0	-0.13	-0.26	0.3	-56.21	-56.21	-14.77	-9.2	14.17	95.81	相对角度姿态	-9.2	14.17
Mac:DA:3E:20:B6:30:BA传感器0	0	-0.41	0.54	-22.77	-22.77	0.24	-14.32	13.05	94.96	相对角度姿态	-14.32	13.05
Mac:DA:3E:20:B6:30:BA传感器0	-0.03	-0.31	0.98	7.26	7.26	1.46	-14.9	11.4	95.25	相对角度姿态	-14.9	11.4
Mac:DA:3E:20:B6:30:BA传感器0	-0.16	-0.15	1.07	13.67	13.67	9.46	-13.49	10.77	96.12	相对角度姿态	-13.49	10.77
Mac:DA:3E:20:B6:30:BA传感器0	-0.24	-0.14	1.06	10.44	10.44	2.44	-12.8	11.14	96.67	相对角度姿态	-12.8	11.14
Mac:DA:3E:20:B6:30:BA传感器0	-0.19	-0.15	1.03	6.16	6.16	2.87	-12.23	11.26	96.9	相对角度姿态	-12.23	11.26
Mac:DA:3E:20:B6:30:BA传感器0	-0.34	-0.17	1	8.73	8.73	9.83	-11.72	11.88	97.68	相对角度姿态	-11.72	11.88
Mac:DA:3E:20:B6:30:BA传感器0	-0.52	-0.1	1.02	-5.13	-5.13	-17.21	-11.35	12.24	97.87	相对角度姿态	-11.35	12.24
Mac:DA:3E:20:B6:30:BA传感器0	-0.55	-0.16	0.88	-3.36	-3.36	-44.8	-12.43	13.27	94.67	相对角度姿态	-12.43	13.27
Mac:DA:3E:20:B6:30:BA传感器0	-0.75	0.11	0.94	28.81	28.81	-28.69	-10.95	12.67	92	相对角度姿态	-10.95	12.67
Mac:DA:3E:20:B6:30:BA传感器0	-0.45	0.23	0.72	-15.01	-15.01	-141.48	-11.4	10.9	83.88	相对角度姿态	-11.4	10.9
Mac:DA:3E:20:B6:30:BA传感器0	0.88	-0.42	1.09	-16.3	-16.3	-61.28	-14.39	6.51	69.93	相对角度姿态	-14.39	6.51
Mac:DA:3E:20:B6:30:BA传感器0	0.28	-0.18	1.25	14.04	14.04	-9.58	-12.57	3.29	70.38	相对角度姿态	-12.57	3.29
Mac:DA:3E:20:B6:30:BA传感器0	0.01	-0.29	1.06	-8.73	-8.73	12.82	-13.97	2.61	70.76	相对角度姿态	-13.97	2.61
Mac:DA:3E:20:B6:30:BA传感器0	-0.12	-0.35	1	-7.32	-7.32	-2.26	-15.07	2.57	72.04	相对角度姿态	-15.07	2.57
Mac:DA:3E:20:B6:30:BA传感器0	-0.24	-0.31	0.96	-4.46	-4.46	-7.81	-15.53	3.28	72.97	相对角度姿态	-15.53	3.28
Mac:DA:3E:20:B6:30:BA传感器0	-0.16	-0.31	0.99	3.42	3.42	-12.15	-15.49	3.75	73.02	相对角度姿态	-15.49	3.75
Mac:DA:3E:20:B6:30:BA传感器0	-0.15	-0.36	0.9	-1.53	-1.53	-0.06	-15.73	3.46	73.41	相对角度姿态	-15.73	3.46
Mac:DA:3E:20:B6:30:BA传感器0	-0.19	-0.33	0.74	-5.37	-5.37	-8.06	-15.84	2.89	74.36	相对角度姿态	-15.84	2.89
Mac:DA:3E:20:B6:30:BA传感器0	0.01	-0.33	0.6	18.13	18.13	-1.46	-15.92	1.77	74.76	相对角度姿态	-15.92	1.77
Mac:DA:3E:20:B6:30:BA传感器0	0.03	-0.19	0.57	61.83	61.83	17.82	-12.58	3.09	75.81	相对角度姿态	-12.58	3.09
Mac:DA:3E:20:B6:30:BA传感器0	-0.22	0.02	0.82	44.74	44.74	4.76	-6.79	3.59	76.83	相对角度姿态	-6.79	3.59
Mac:DA:3E:20:B6:30:BA传感器0	-0.13	0.41	1.66	108.64	108.64	-4.46	3.13	-0.03	76	相对角度姿态	3.13	-0.03
Mac:DA:3E:20:B6:30:BA传感器0	-0.2	0.28	1.3	37.23	37.23	-6.53	9.74	1.96	75.62	相对角度姿态	9.74	1.96
Mac:DA:3E:20:B6:30:BA传感器0	-0.05	0.17	1.22	5.49	5.49	-9.16	10.22	1.96	75.14	相对角度姿态	10.22	1.96
Mac:DA:3E:20:B6:30:BA传感器0	-0.09	0.17	1.01	-11.23	-11.23	-3.6	9.86	2.34	75.34	相对角度姿态	9.86	2.34
Mac:DA:3E:20:B6:30:BA传感器0	-0.12	0.15	0.94	-14.34	-14.34	-7.63	8.65	2.43	75.59	相对角度姿态	8.65	2.43
Mac:DA:3E:20:B6:30:BA传感器0	-0.07	0.09	0.93	-2.44	-2.44	-4.39	7.16	2.14	75.45	相对角度姿态	7.16	2.14
Mac:DA:3E:20:B6:30:BA传感器0	-0.07	0.13	0.96	-1.16	-1.16	-1.53	6.87	2.64	75.74	相对角度姿态	6.87	2.64
Mac:DA:3E:20:B6:30:BA传感器0	0.12	0.09	1.03	-15.44	-15.44	-2.87	5.8	2.04	75.69	相对角度姿态	5.8	2.04
Mac:DA:3E:20:B6:30:BA传感器0	0.29	0.14	1.06	-18.37	-18.37	9.58	4.93	1.41	76.55	相对角度姿态	4.93	1.41
Mac:DA:3E:20:B6:30:BA传感器0	0.38	0.19	1.01	-21.73	-21.73	38.82	3.24	1.53	79.29	相对角度姿态	3.24	1.53
Mac:DA:3E:20:B6:30:BA传感器0	0.35	0.2	0.79	-14.65	-14.65	91.98	1.65	3.2	85.95	相对角度姿态	1.65	3.2
Mac:DA:3E:20:B6:30:BA传感器0	-0.24	0.39	0.96	-7.45	-7.45	124.45	2.67	6.49	97.2	相对角度姿态	2.67	6.49
Mac:DA:3E:20:B6:30:BA传感器0	-1.02	0.3	0.95	-16.05	-16.05	73.12	3.87	9.95	106.8	相对角度姿态	3.87	9.95
Mac:DA:3E:20:B6:30:BA传感器0	-0.64	-0.02	0.84	2.75	2.75	12.21	3.94	12.87	109.82	相对角度姿态	3.94	12.87
Mac:DA:3E:20:B6:30:BA传感器0	-0.34	-0.03	0.86	-2.38	-2.38	-4.76	4.01	14.86	109.25	相对角度姿态	4.01	14.86
Mac:DA:3E:20:B6:30:BA传感器0	-0.21	0.04	0.93	-2.2	-2.2	-6.04	4.06	15.12	108.22	相对角度姿态	4.06	15.12
Mac:DA:3E:20:B6:30:BA传感器0	-0.19	0.09	0.97	-2.62	-2.62	-5.8	3.94	14.73	107	相对角度姿态	3.94	14.73
Mac:DA:3E:20:B6:30:BA传感器0	-0.17	0.07	0.97	-2.99	-2.99	-2.69	3.86	13.97	105.97	相对角度姿态	3.86	13.97
Mac:DA:3E:20:B6:30:BA传感器0	-0.18	0.06	0.96	-0.24	-0.24	-2.93	3.49	12.71	105.1	相对角度姿态	3.49	12.71
Mac:DA:3E:20:B6:30:BA传感器0	-0.17	0.07	0.98	1.59	1.59	-4.82	3.37	11.48	104.33	相对角度姿态	3.37	11.48
Mac:DA:3E:20:B6:30:BA传感器0	-0.17	0.04	0.94	-1.77	-1.77	-3.42	2.93	10.89	103.47	相对角度姿态	2.93	10.89
Mac:DA:3E:20:B6:30:BA传感器0	-0.17	0.08	0.97	-7.14	-7.14	-0.43	3.11	10.5	102.96	相对角度姿态	3.11	10.5
Mac:DA:3E:20:B6:30:BA传感器0	-0.15	0.06	0.97	0	0	-0.85	2.72	9.78	102.44	相对角度姿态	2.72	9.78
Mac:DA:3E:20:B6:30:BA传感器0	-0.15	0.05	0.96	-3.6	-3.6	1.77	2.44	9.18	102.14	相对角度姿态	2.44	9.18
Mac:DA:3E:20:B6:30:BA传感器0	-0.13	0.04	0.96	3.3	3.3	-2.38	2.19	8.29	101.69	相对角度姿态	2.19	8.29
Mac:DA:3E:20:B6:30:BA传感器0	-0.1	0.03	0.98	-1.22	-1.22	-2.5	2.16	8.2	101.09	相对角度姿态	2.16	8.2
Mac:DA:3E:20:B6:30:BA传感器0	-0.1	0.06	0.99	-3.6	-3.6	0.18	2.1	7.77	100.79	相对角度姿态	2.1	7.77
Mac:DA:3E:20:B6:30:BA传感器0	-0.14	0.04	0.95	-0.92	-0.92	-0.98	2.05	7.6	100.56	相对角度姿态	2.05	7.6
Mac:DA:3E:20:B6:30:BA传感器0	-0.14	0.05	0.97	-0.24	-0.24	-0.67	2.2	7.71	100.33	相对角度姿态	2.2	7.71
Mac:DA:3E:20:B6:30:BA传感器0	-0.1	0.06	0.99	1.16	1.16	0.24	2.33	7.57	100.1	相对角度姿态	2.33	7.57
Mac:DA:3E:20:B6:30:BA传感器0	-0.12	0.06	0.96	2.75	2.75	0.37	2.44	7.71	99.87	相对角度姿态	2.44	7.71
Mac:DA:3E:20:B6:30:BA传感器0	-0.12	0.07	0.99	1.77	1.77	2.26	2.89	7.78	99.84	相对角度姿态	2.89	7.78
Mac:DA:3E:20:B6:30:BA传感器0	-0.12	0.07	0.99	7.02	7.02	3.17	3.09	8.15	99.82	相对角度姿态	3.09	8.15
Mac:DA:3E:20:B6:30:BA传感器0	-0.12	0.1	0.99	5.19	5.19	2.38	3.53	8.28	99.89	相对角度姿态	3.53	8.28
Mac:DA:3E:20:B6:30:BA传感器0	-0.08	0.05	0.92	2.56	2.56	-1.65	3.66	8.41	99.53	相对角度姿态	3.66	8.41
Mac:DA:3E:20:B6:30:BA传感器0	-0.15	0.09	1.02	-0.24	-0.24	2.38	4.22	8.28	99.6	相对角度姿态	4.22	8.28
Mac:DA:3E:20:B6:30:BA传感器0	-0.16	0.09	0.95	-1.71	-1.71	-3.05	4.16	8.9	99.49	相对角度姿态	4.16	8.9
Mac:DA:3E:20:B6:30:BA传感器0	-0.14	0.06	1	-1.77	-1.77	-1.16	3.94	9.33	99.14	相对角度姿态	3.94	9.33
Mac:DA:3E:20:B6:30:BA传感器0	-0.2	0.09	1.13	-6.35	-6.35	2.87	3.64	9.89	99.21	相对角度姿态	3.64	9.89
Mac:DA:3E:20:B6:30:BA传感器0	-0.19	0.08	1.16	-16.66	-16.66	0.79	2.52	10.17	99.35	相对角度姿态	2.52	10.17
Mac:DA:3E:20:B6:30:BA传感器0	-0.2	0.04	1.1	-25.76	-25.76	-0.79	0.21	9.99	99.36	相对角度姿态	0.21	9.99
Mac:DA:3E:20:B6:30:BA传感器0	-0.21	0.01	1.08	-41.81	-41.81	-3.42	-3.13	9.31	99.23	相对角度姿态	-3.13	9.31
Mac:DA:3E:20:B6:30:BA传感器0	-0.2	-0.07	0.95	-40.71	-40.71	-13.61	-7.11	9.6	98.14	相对角度姿态	-7.11	9.6
Mac:DA:3E:20:B6:30:BA传感器0	-0.22	-0.07	0.95	-36.74	-36.74	-25.7	-9.98	11.11	96.12	相对角度姿态	-9.98	11.11
Mac:DA:3E:20:B6:30:BA传感器0	-0.17	-0.18	0.93	-31.92	-31.92	-27.95	-13.84	10.92	93.55	相对角度姿态	-13.84	10.92
Mac:DA:3E:20:B6:30:BA传感器0	-0.17	-0.26	0.88	-30.94	-30.94	-29.66	-17.38	10.24	91.02	相对角度姿态	-17.38	10.24
Mac:DA:3E:20:B6:30:BA传感器0	-0.2	-0.33	0.85	-13.06	-13.06	-36.74	-20.2	9.31	88.3	相对角度姿态	-20.2	9.31
Mac:DA:3E:20:B6:30:BA传感器0	-0.19	-0.35	0.85	-7.93	-7.93	-45.47	-21.91	8.01	85.01	相对角度姿态	-21.91	8.01
Mac:DA:3E:20:B6:30:BA传感器0	-0.13	-0.38	0.88	0.12	0.12	-48.22	-22.9	6.12	81.41	相对角度姿态	-22.9	6.12
Mac:DA:3E:20:B6:30:BA传感器0	-0.11	-0.37	0.92	4.03	4.03	-50.42	-22.91	3.95	77.95	相对角度姿态	-22.91	3.95
Mac:DA:3E:20:B6:30:BA传感器0	-0.07	-0.39	0.84	12.7	12.7	-40.34	-22.39	2.48	74.27	相对角度姿态	-22.39	2.48
Mac:DA:3E:20:B6:30:BA传感器0	-0.16	-0.35	0.83	27.04	27.04	-39.43	-20.16	3.07	70.35	相对角度姿态	-20.16	3.07
Mac:DA:3E:20:B6:30:BA传感器0	-0.2	-0.3	0.85	38.64	38.64	-33.2	-17.91	3.89	67.22	相对角度姿态	-17.91	3.89
Mac:DA:3E:20:B6:30:BA传感器0	-0.15	-0.15	0.97	30.15	30.15	-46.69	-14.05	3.95	64.02	相对角度姿态	-14.05	3.95
Mac:DA:3E:20:B6:30:BA传感器0	-0.16	-0.14	0.95	38.64	38.64	-40.28	-10.1	3.42	60.4	相对角度姿态	-10.1	3.42
Mac:DA:3E:20:B6:30:BA传感器0	-0.08	-0.08	0.97	39.31	39.31	-23.01	-5.97	4.2	57.69	相对角度姿态	-5.97	4.2
Mac:DA:3E:20:B6:30:BA传感器0	-0.08	-0.04	0.99	51.39	51.39	7.02	-1.86	4.7	58.07	相对角度姿态	-1.86	4.7
Mac:DA:3E:20:B6:30:BA传感器0	-0.33	0.04	0.92	26.79	26.79	1.46	2.83	7.37	59.59	相对角度姿态	2.83	7.37
Mac:DA:3E:20:B6:30:BA传感器0	-0.3	0.12	0.94	32.65	32.65	4.82	6.92	7.6	61.2	相对角度姿态	6.92	7.6
Mac:DA:3E:20:B6:30:BA传感器0	-0.29	0.26	1	52.43	52.43	3.54	11.84	9.4	62.48	相对角度姿态	11.84	9.4
Mac:DA:3E:20:B6:30:BA传感器0	-0.15	0.3	1	28.63	28.63	29.79	15.08	9.8	64.36	相对角度姿态	15.08	9.8
Mac:DA:3E:20:B6:30:BA传感器0	-0.18	0.38	1	12.88	12.88	41.81	17.81	11.35	68.96	相对角度姿态	17.81	11.35
Mac:DA:3E:20:B6:30:BA传感器0	-0.22	0.39	0.89	1.53	1.53	47.3	20.04	14.48	74.99	相对角度姿态	20.04	14.48
Mac:DA:3E:20:B6:30:BA传感器0	-0.26	0.34	0.84	-12.63	-12.63	80.14	21.15	15.61	82.64	相对角度姿态	21.15	15.61
Mac:DA:3E:20:B6:30:BA传感器0	-0.42	0.35	0.9	-18.86	-18.86	78.74	21.96	15.78	91.46	相对角度姿态	21.96	15.78
Mac:DA:3E:20:B6:30:BA传感器0	-0.47	0.35	0.96	-37.29	-37.29	61.83	21.25	15.34	98.81	相对角度姿态	21.25	15.34
Mac:DA:3E:20:B6:30:BA传感器0	-0.44	0.36	1.07	-58.53	-58.53	41.14	18.33	14.22	103.79	相对角度姿态	18.33	14.22
Mac:DA:3E:20:B6:30:BA传感器0	-0.41	0.27	0.96	-65.19	-65.19	18.8	13.03	14.3	106.29	相对角度姿态	13.03	14.3
Mac:DA:3E:20:B6:30:BA传感器0	-0.31	0.15	0.89	-52.61	-52.61	-0.61	7.23	14.82	106.48	相对角度姿态	7.23	14.82
Mac:DA:3E:20:B6:30:BA传感器0	-0.26	0.05	0.79	-43.7	-43.7	-8.06	2.41	15.77	105.67	相对角度姿态	2.41	15.77
Mac:DA:3E:20:B6:30:BA传感器0	-0.22	-0.03	0.72	-25.27	-25.27	-8.91	-1.1	16.96	104.31	相对角度姿态	-1.1	16.96
Mac:DA:3E:20:B6:30:BA传感器0	-0.18	-0.09	0.79	4.76	4.76	-3.85	-3.1	16.41	103.28	相对角度姿态	-3.1	16.41
Mac:DA:3E:20:B6:30:BA传感器0	-0.15	-0.05	0.92	17.15	17.15	-6.41	-2.5	15.11	102.45	相对角度姿态	-2.5	15.11
Mac:DA:3E:20:B6:30:BA传感器0	-0.14	-0.03	0.95	-0.49	-0.49	-7.32	-1.57	13.24	101.34	相对角度姿态	-1.57	13.24
Mac:DA:3E:20:B6:30:BA传感器0	-0.1	-0.01	1	-7.63	-7.63	-4.46	-1.16	11.05	100.36	相对角度姿态	-1.16	11.05
Mac:DA:3E:20:B6:30:BA传感器0	-0.06	0	1.01	-5.92	-5.92	0.55	-1.29	8.6	100.08	相对角度姿态	-1.29	8.6
Mac:DA:3E:20:B6:30:BA传感器0	-0.07	-0.01	1	-0.43	-0.43	1.4	-1.36	7.67	99.83	相对角度姿态	-1.36	7.67
Mac:DA:3E:20:B6:30:BA传感器0	-0.08	-0.02	1.01	0	0	0.79	-1.38	7.28	99.55	相对角度姿态	-1.38	7.28
Mac:DA:3E:20:B6:30:BA传感器0	-0.07	-0.02	1	3.3	3.3	-1.1	-1.35	6.76	99.29	相对角度姿态	-1.35	6.76
Mac:DA:3E:20:B6:30:BA传感器0	-0.08	-0.03	0.99	-0.98	-0.98	-3.05	-1.41	6.56	98.79	相对角度姿态	-1.41	6.56
Mac:DA:3E:20:B6:30:BA传感器0	-0.06	-0.02	0.99	1.04	1.04	0	-1.39	6.3	98.39	相对角度姿态	-1.39	6.3
Mac:DA:3E:20:B6:30:BA传感器0	-0.08	0	0.99	3.36	3.36	-0.18	-0.91	6.26	98.12	相对角度姿态	-0.91	6.26
Mac:DA:3E:20:B6:30:BA传感器0	-0.08	-0.02	0.97	0.55	0.55	0.06	-0.82	6.27	97.75	相对角度姿态	-0.82	6.27
Mac:DA:3E:20:B6:30:BA传感器0	-0.08	0.01	1.02	1.89	1.89	-2.14	-0.4	6.2	97.52	相对角度姿态	-0.4	6.2
Mac:DA:3E:20:B6:30:BA传感器0	-0.08	0.01	1	2.2	2.2	0.37	-0.18	6.25	97.26	相对角度姿态	-0.18	6.25
Mac:DA:3E:20:B6:30:BA传感器0	-0.08	0.01	0.98	1.16	1.16	0	0.02	6.24	97.04	相对角度姿态	0.02	6.24
Mac:DA:3E:20:B6:30:BA传感器0	-0.09	0.03	0.98	0.61	0.61	-1.1	0.43	6.09	96.94	相对角度姿态	0.43	6.09
Mac:DA:3E:20:B6:30:BA传感器0	-0.09	0.03	1.01	1.1	1.1	0.73	0.73	6.09	96.76	相对角度姿态	0.73	6.09
Mac:DA:3E:20:B6:30:BA传感器0	-0.09	0.02	0.98	-0.73	-0.73	1.28	0.8	6.17	96.65	相对角度姿态	0.8	6.17
Mac:DA:3E:20:B6:30:BA传感器0	-0.07	0.02	0.99	1.95	1.95	0.37	0.91	6.34	96.47	相对角度姿态	0.91	6.34
Mac:DA:3E:20:B6:30:BA传感器0	-0.08	0.05	0.99	2.69	2.69	1.04	1.25	6.27	96.43	相对角度姿态	1.25	6.27
Mac:DA:3E:20:B6:30:BA传感器0	-0.08	0.04	0.98	4.46	4.46	0.67	1.59	6.26	96.37	相对角度姿态	1.59	6.26
Mac:DA:3E:20:B6:30:BA传感器0	-0.1	0.05	0.98	6.16	6.16	0.31	1.96	6.17	96.36	相对角度姿态	1.96	6.17
Mac:DA:3E:20:B6:30:BA传感器0	-0.1	0.04	1	3.85	3.85	-1.04	2.2	6.13	96.23	相对角度姿态	2.2	6.13
Mac:DA:3E:20:B6:30:BA传感器0	-0.17	0.02	1.13	9.34	9.34	5.13	2.8	5.46	96.35	相对角度姿态	2.8	5.46
Mac:DA:3E:20:B6:30:BA传感器0	-0.27	0.1	1.34	13.43	13.43	5.43	4.07	3.64	96.9	相对角度姿态	4.07	3.64
Mac:DA:3E:20:B6:30:BA传感器0	-0.35	0.25	1.48	-16.42	-16.42	1.22	4.38	2.1	97.21	相对角度姿态	4.38	2.1
Mac:DA:3E:20:B6:30:BA传感器0	-0.17	0.36	1.18	-53.89	-53.89	-28.93	1.14	1.53	95.2	相对角度姿态	1.14	1.53
Mac:DA:3E:20:B6:30:BA传感器0	0.07	0.2	0.71	-104.74	-104.74	-62.19	-5.64	5.27	90.4	相对角度姿态	-5.64	5.27
Mac:DA:3E:20:B6:30:BA传感器0	0.39	-0.5	0.19	-66.96	-66.96	-36.8	-16.72	7.63	83.03	相对角度姿态	-16.72	7.63
Mac:DA:3E:20:B6:30:BA传感器0	0.12	-0.4	0.77	8.42	8.42	-10.99	-20.07	4.31	84.16	相对角度姿态	-20.07	4.31
Mac:DA:3E:20:B6:30:BA传感器0	0.03	-0.3	1.12	25.33	25.33	25.27	-20.03	2.22	84.65	相对角度姿态	-20.03	2.22
Mac:DA:3E:20:B6:30:BA传感器0	-0.16	-0.3	0.97	-4.82	-4.82	9.95	-19.99	2.07	86.03	相对角度姿态	-19.99	2.07
Mac:DA:3E:20:B6:30:BA传感器0	-0.14	-0.33	1.02	-1.83	-1.83	7.69	-19.65	1.72	87.04	相对角度姿态	-19.65	1.72
Mac:DA:3E:20:B6:30:BA传感器0	-0.22	-0.31	0.91	-3.78	-3.78	3.36	-19.35	1.7	87.69	相对角度姿态	-19.35	1.7
Mac:DA:3E:20:B6:30:BA传感器0	-0.34	-0.41	0.62	-3.6	-3.6	-15.32	-20.22	2.82	88.22	相对角度姿态	-20.22	2.82
Mac:DA:3E:20:B6:30:BA传感器0	-0.32	-0.31	0.58	50.17	50.17	-11.11	-18.62	5.87	86.5	相对角度姿态	-18.62	5.87
Mac:DA:3E:20:B6:30:BA传感器0	-0.21	-0.01	0.26	63.72	63.72	-60.18	-13.39	7.24	83.66	相对角度姿态	-13.39	7.24
Mac:DA:3E:20:B6:30:BA传感器0	-0.22	0.33	0.99	143.37	143.37	-69.58	-4.54	6.5	78.22	相对角度姿态	-4.54	6.5
Mac:DA:3E:20:B6:30:BA传感器0	0.32	0.31	2.28	74.71	74.71	-62.93	6.25	2.31	70.93	相对角度姿态	6.25	2.31
Mac:DA:3E:20:B6:30:BA传感器0	0.13	0.22	1.31	1.95	1.95	-25.51	7.8	3.46	67.68	相对角度姿态	7.8	3.46
Mac:DA:3E:20:B6:30:BA传感器0	0.04	0.05	1.11	-20.69	-20.69	-16.3	6.82	2.61	66.15	相对角度姿态	6.82	2.61
Mac:DA:3E:20:B6:30:BA传感器0	-0.14	0.06	0.91	-10.13	-10.13	3.36	5.15	2.97	66.38	相对角度姿态	5.15	2.97
Mac:DA:3E:20:B6:30:BA传感器0	-0.19	0.1	0.97	-1.4	-1.4	-4.76	4.58	3.43	67.02	相对角度姿态	4.58	3.43
Mac:DA:3E:20:B6:30:BA传感器0	-0.17	0.05	0.89	7.2	7.2	-4.58	4.38	3.94	67.04	相对角度姿态	4.38	3.94
Mac:DA:3E:20:B6:30:BA传感器0	-0.01	0.03	0.92	10.74	10.74	0.43	4.9	4.63	67.66	相对角度姿态	4.9	4.63
Mac:DA:3E:20:B6:30:BA传感器0	0.32	0.11	0.95	15.56	15.56	10.25	6.33	3.85	68.59	相对角度姿态	6.33	3.85
Mac:DA:3E:20:B6:30:BA传感器0	0.45	0.25	0.93	2.2	2.2	60.61	6.43	1.44	73.15	相对角度姿态	6.43	1.44
Mac:DA:3E:20:B6:30:BA传感器0	0.34	0.41	0.95	-7.93	-7.93	89.9	6.9	1.94	81.41	相对角度姿态	6.9	1.94
Mac:DA:3E:20:B6:30:BA传感器0	-0.27	0.57	0.89	-4.03	-4.03	132.87	7.56	3.54	92.27	相对角度姿态	7.56	3.54
Mac:DA:3E:20:B6:30:BA传感器0	-1.33	0.43	1	10.93	10.93	77.82	10.13	5.64	102.82	相对角度姿态	10.13	5.64
Mac:DA:3E:20:B6:30:BA传感器0	-0.51	0	0.89	-8.85	-8.85	-12.45	9.66	11	104.45	相对角度姿态	9.66	11
Mac:DA:3E:20:B6:30:BA传感器0	-0.17	0.09	0.92	2.87	2.87	3.85	8.22	10.82	103.96	相对角度姿态	8.22	10.82
Mac:DA:3E:20:B6:30:BA传感器0	-0.2	0.12	0.92	-0.98	-0.98	-4.39	8.03	12.67	103.78	相对角度姿态	8.03	12.67
Mac:DA:3E:20:B6:30:BA传感器0	-0.12	0.16	0.98	-7.75	-7.75	-8.36	7.63	13.02	102.81	相对角度姿态	7.63	13.02
Mac:DA:3E:20:B6:30:BA传感器0	-0.13	0.14	0.97	4.58	4.58	-5.49	7.19	12.65	102.26	相对角度姿态	7.19	12.65
Mac:DA:3E:20:B6:30:BA传感器0	-0.11	0.11	0.94	3.72	3.72	0.85	7.01	11.5	101.58	相对角度姿态	7.01	11.5
Mac:DA:3E:20:B6:30:BA传感器0	-0.14	0.12	0.93	1.34	1.34	-3.23	7.21	11.63	101.16	相对角度姿态	7.21	11.63
Mac:DA:3E:20:B6:30:BA传感器0	-0.15	0.12	0.95	-1.16	-1.16	1.4	7.28	11.74	100.99	相对角度姿态	7.28	11.74
Mac:DA:3E:20:B6:30:BA传感器0	-0.19	0.12	0.92	-1.77	-1.77	0.37	7.02	12.44	100.72	相对角度姿态	7.02	12.44
Mac:DA:3E:20:B6:30:BA传感器0	-0.17	0.11	0.92	0	0	2.44	6.98	12.67	100.61	相对角度姿态	6.98	12.67
Mac:DA:3E:20:B6:30:BA传感器0	-0.2	0.13	0.95	-4.52	-4.52	3.85	7.12	12.29	100.74	相对角度姿态	7.12	12.29
Mac:DA:3E:20:B6:30:BA传感器0	-0.18	0.14	0.95	-2.2	-2.2	3.54	7.27	12.12	100.76	相对角度姿态	7.27	12.12
Mac:DA:3E:20:B6:30:BA传感器0	-0.16	0.12	0.96	0	0	1.46	7.16	11.88	100.52	相对角度姿态	7.16	11.88
Mac:DA:3E:20:B6:30:BA传感器0	-0.17	0.11	0.94	1.59	1.59	2.81	7	11.68	100.38	相对角度姿态	7	11.68
Mac:DA:3E:20:B6:30:BA传感器0	-0.18	0.12	0.92	-2.93	-2.93	0.67	6.93	11.57	100.25	相对角度姿态	6.93	11.57
Mac:DA:3E:20:B6:30:BA传感器0	-0.17	0.12	0.93	0.31	0.31	0.06	6.88	11.58	100.04	相对角度姿态	6.88	11.58
Mac:DA:3E:20:B6:30:BA传感器0	-0.18	0.1	0.94	-1.77	-1.77	1.1	6.91	11.28	99.86	相对角度姿态	6.91	11.28
Mac:DA:3E:20:B6:30:BA传感器0	-0.17	0.11	0.94	-0.73	-0.73	1.22	7	11.06	99.67	相对角度姿态	7	11.06
Mac:DA:3E:20:B6:30:BA传感器0	-0.13	0.12	0.95	0.31	0.31	-1.95	6.98	10.49	99.32	相对角度姿态	6.98	10.49
Mac:DA:3E:20:B6:30:BA传感器0	-0.14	0.14	0.96	-2.01	-2.01	-2.14	7.17	10.26	99.09	相对角度姿态	7.17	10.26
Mac:DA:3E:20:B6:30:BA传感器0	-0.15	0.13	0.93	0	0	-0.92	7.04	10.13	98.85	相对角度姿态	7.04	10.13
Mac:DA:3E:20:B6:30:BA传感器0	-0.14	0.12	0.93	0.49	0.49	-0.31	6.95	10.06	98.63	相对角度姿态	6.95	10.06
Mac:DA:3E:20:B6:30:BA传感器0	-0.15	0.15	0.94	2.69	2.69	-0.85	7.17	9.99	98.47	相对角度姿态	7.17	9.99
Mac:DA:3E:20:B6:30:BA传感器0	-0.15	0.13	0.94	-1.16	-1.16	0.67	7.25	9.77	98.37	相对角度姿态	7.25	9.77
Mac:DA:3E:20:B6:30:BA传感器0	-0.15	0.12	0.94	-1.34	-1.34	0.55	7.16	9.73	98.28	相对角度姿态	7.16	9.73
Mac:DA:3E:20:B6:30:BA传感器0	-0.15	0.12	0.94	-3.66	-3.66	0.06	7.06	9.67	98.17	相对角度姿态	7.06	9.67
Mac:DA:3E:20:B6:30:BA传感器0	-0.15	0.12	0.94	-3.85	-3.85	-0.06	6.85	9.45	98.09	相对角度姿态	6.85	9.45
Mac:DA:3E:20:B6:30:BA传感器0	-0.15	0.11	0.94	-1.95	-1.95	0.06	6.73	9.45	98.05	相对角度姿态	6.73	9.45
Mac:DA:3E:20:B6:30:BA传感器0	-0.15	0.14	0.94	3.85	3.85	1.71	6.81	9.41	98.02	相对角度姿态	6.81	9.41
Mac:DA:3E:20:B6:30:BA传感器0	-0.15	0.14	0.95	-0.73	-0.73	-0.55	6.91	9.26	97.9	相对角度姿态	6.91	9.26
Mac:DA:3E:20:B6:30:BA传感器0	-0.13	0.12	0.94	-1.22	-1.22	-0.61	6.86	9.06	97.71	相对角度姿态	6.86	9.06
Mac:DA:3E:20:B6:30:BA传感器0	-0.14	0.14	0.96	2.56	2.56	1.04	7.17	9	97.75	相对角度姿态	7.17	9
Mac:DA:3E:20:B6:30:BA传感器0	-0.14	0.14	0.96	2.56	2.56	1.04	7.17	9	97.75	相对角度姿态	7.17	9
Mac:DA:3E:20:B6:30:BA传感器0	-0.16	0.13	0.92	1.53	1.53	0	7.14	9.18	97.73	相对角度姿态	7.14	9.18
Mac:DA:3E:20:B6:30:BA传感器0	-0.15	0.13	0.97	-2.5	-2.5	-1.46	7.38	9.08	97.66	相对角度姿态	7.38	9.08
Mac:DA:3E:20:B6:30:BA传感器0	-0.14	0.14	0.94	0.73	0.73	-0.55	7.33	9.17	97.52	相对角度姿态	7.33	9.17
Mac:DA:3E:20:B6:30:BA传感器0	-0.13	0.15	0.95	-0.73	-0.73	-0.73	7.43	9.12	97.38	相对角度姿态	7.43	9.12
Mac:DA:3E:20:B6:30:BA传感器0	-0.15	0.14	0.94	3.48	3.48	0.73	7.73	9.22	97.45	相对角度姿态	7.73	9.22
Mac:DA:3E:20:B6:30:BA传感器0	-0.15	0.14	0.94	3.48	3.48	0.73	7.73	9.22	97.45	相对角度姿态	7.73	9.22
Mac:DA:3E:20:B6:30:BA传感器0	-0.23	0.14	0.94	10.74	10.74	1.71	8.67	11.08	97.77	相对角度姿态	8.67	11.08
Mac:DA:3E:20:B6:30:BA传感器0	-0.2	0.17	0.92	2.44	2.44	-3.66	9.26	11.27	97.62	相对角度姿态	9.26	11.27
Mac:DA:3E:20:B6:30:BA传感器0	-0.17	0.18	0.97	4.27	4.27	-2.81	9.73	10.98	97.17	相对角度姿态	9.73	10.98
Mac:DA:3E:20:B6:30:BA传感器0	-0.22	0.17	1.04	8.97	8.97	-1.04	10.4	10.8	96.98	相对角度姿态	10.4	10.8
Mac:DA:3E:20:B6:30:BA传感器0	-0.34	0.36	1.45	39.73	39.73	14.04	12.54	10.35	97.43	相对角度姿态	12.54	10.35
Mac:DA:3E:20:B6:30:BA传感器0	-0.18	0.6	1.58	10.31	10.31	22.89	15	8.97	98.16	相对角度姿态	15	8.97
Mac:DA:3E:20:B6:30:BA传感器0	-0.07	0.72	1.17	-92.96	-92.96	-1.71	11.35	8.89	98.43	相对角度姿态	11.35	8.89
Mac:DA:3E:20:B6:30:BA传感器0	-0.11	0.25	0.28	-132.14	-132.14	-0.18	1.19	13.07	96.84	相对角度姿态	1.19	13.07
Mac:DA:3E:20:B6:30:BA传感器0	-0.09	-0.47	0.16	-74.77	-74.77	26.86	-12.23	16.25	96.33	相对角度姿态	-12.23	16.25
Mac:DA:3E:20:B6:30:BA传感器0	0.13	-0.51	0.62	-20.87	-20.87	-13	-17.13	12.88	97.27	相对角度姿态	-17.13	12.88
Mac:DA:3E:20:B6:30:BA传感器0	-0.1	-0.28	1	17.7	17.7	13.92	-17.19	11.2	97.71	相对角度姿态	-17.19	11.2
Mac:DA:3E:20:B6:30:BA传感器0	-0.21	-0.19	1.03	5.62	5.62	4.09	-15.75	10.72	98.23	相对角度姿态	-15.75	10.72
Mac:DA:3E:20:B6:30:BA传感器0	-0.19	-0.21	1.01	8.79	8.79	6.59	-14.93	10.45	98.5	相对角度姿态	-14.93	10.45
Mac:DA:3E:20:B6:30:BA传感器0	-0.29	-0.2	0.95	0.61	0.61	11.78	-14.23	10.38	99.52	相对角度姿态	-14.23	10.38
Mac:DA:3E:20:B6:30:BA传感器0	-0.48	-0.12	0.99	6.59	6.59	-15.63	-13.43	10.38	100.22	相对角度姿态	-13.43	10.38
Mac:DA:3E:20:B6:30:BA传感器0	-0.56	-0.04	0.97	3.97	3.97	-42.42	-13.25	11.21	96.73	相对角度姿态	-13.25	11.21
Mac:DA:3E:20:B6:30:BA传感器0	-0.51	0.14	1.04	-17.4	-17.4	-76.11	-14.57	6.84	92.93	相对角度姿态	-14.57	6.84
Mac:DA:3E:20:B6:30:BA传感器0	-0.29	0.04	0.6	35.16	35.16	-162.29	-14.83	9.01	79.47	相对角度姿态	-14.83	9.01
Mac:DA:3E:20:B6:30:BA传感器0	0.6	-0.14	1.16	-8.24	-8.24	-50.23	-12.96	3.15	68.31	相对角度姿态	-12.96	3.15
Mac:DA:3E:20:B6:30:BA传感器0	0.6	-0.31	1.18	2.2	2.2	-35.52	-13.17	-3.79	65.32	相对角度姿态	-13.17	-3.79
Mac:DA:3E:20:B6:30:BA传感器0	0.21	-0.32	1.08	-7.2	-7.2	-3.17	-13.26	-5.81	65.37	相对角度姿态	-13.26	-5.81
Mac:DA:3E:20:B6:30:BA传感器0	0.1	-0.3	1.15	-2.26	-2.26	-4.33	-13.21	-6.41	66.47	相对角度姿态	-13.21	-6.41
Mac:DA:3E:20:B6:30:BA传感器0	0.02	-0.26	1.03	-2.14	-2.14	-8.54	-13.3	-5.3	66.79	相对角度姿态	-13.3	-5.3
Mac:DA:3E:20:B6:30:BA传感器0	0.05	-0.3	1.01	5	5	-11.6	-13.49	-4.51	66.46	相对角度姿态	-13.49	-4.51
Mac:DA:3E:20:B6:30:BA传感器0	0.04	-0.34	0.79	2.01	2.01	2.93	-13.45	-2.98	66.34	相对角度姿态	-13.45	-2.98
Mac:DA:3E:20:B6:30:BA传感器0	0.05	-0.24	0.8	20.87	20.87	1.89	-12.39	-2.05	67.87	相对角度姿态	-12.39	-2.05
Mac:DA:3E:20:B6:30:BA传感器0	0.25	-0.27	0.68	14.1	14.1	32.47	-11.57	-1.75	70.29	相对角度姿态	-11.57	-1.75
Mac:DA:3E:20:B6:30:BA传感器0	0.08	-0.01	0.57	38.7	38.7	53.34	-8.81	-0.6	76.04	相对角度姿态	-8.81	-0.6
Mac:DA:3E:20:B6:30:BA传感器0	0.07	0.24	0.84	78.25	78.25	78.74	-3.09	0.6	82.57	相对角度姿态	-3.09	0.6
Mac:DA:3E:20:B6:30:BA传感器0	-0.12	0.53	1.24	65.98	65.98	126.04	3.26	1.03	92.93	相对角度姿态	3.26	1.03
Mac:DA:3E:20:B6:30:BA传感器0	-0.97	0.71	1.35	35.89	35.89	60.55	11.17	-0.33	102.18	相对角度姿态	11.17	-0.33
Mac:DA:3E:20:B6:30:BA传感器0	-0.4	0.13	1.15	9.22	9.22	0.06	14.55	2.64	103.08	相对角度姿态	14.55	2.64
Mac:DA:3E:20:B6:30:BA传感器0	-0.23	0.21	0.99	6.41	6.41	-8	15.16	5.97	103.77	相对角度姿态	15.16	5.97
Mac:DA:3E:20:B6:30:BA传感器0	-0.16	0.27	0.84	-19.84	-19.84	3.54	14.43	7.58	103.63	相对角度姿态	14.43	7.58
Mac:DA:3E:20:B6:30:BA传感器0	-0.08	0.26	0.91	-0.55	-0.55	0.67	14.18	6.31	103.91	相对角度姿态	14.18	6.31
Mac:DA:3E:20:B6:30:BA传感器0	-0.08	0.26	0.91	-0.55	-0.55	0.67	14.18	6.31	103.91	相对角度姿态	14.18	6.31
Mac:DA:3E:20:B6:30:BA传感器0	-0.13	0.27	0.93	-3.23	-3.23	0.31	14.47	6.94	103.88	相对角度姿态	14.47	6.94
Mac:DA:3E:20:B6:30:BA传感器0	-0.12	0.23	0.86	2.69	2.69	2.44	14.27	7.02	103.66	相对角度姿态	14.27	7.02
Mac:DA:3E:20:B6:30:BA传感器0	-0.09	0.24	0.9	2.87	2.87	-1.28	14.18	6.44	103.21	相对角度姿态	14.18	6.44
Mac:DA:3E:20:B6:30:BA传感器0	-0.09	0.25	0.91	-0.49	-0.49	-4.82	14.39	6.53	102.71	相对角度姿态	14.39	6.53
Mac:DA:3E:20:B6:30:BA传感器0	-0.09	0.24	0.92	1.95	1.95	-2.32	14.6	6.92	102.21	相对角度姿态	14.6	6.92
Mac:DA:3E:20:B6:30:BA传感器0	-0.12	0.26	0.89	-0.37	-0.37	-1.46	14.68	7.48	101.88	相对角度姿态	14.68	7.48
Mac:DA:3E:20:B6:30:BA传感器0	-0.11	0.23	0.89	-4.27	-4.27	-1.89	14.55	7.51	101.47	相对角度姿态	14.55	7.51
Mac:DA:3E:20:B6:30:BA传感器0	-0.11	0.26	0.91	0.12	0.12	0.79	14.46	7.41	101.29	相对角度姿态	14.46	7.41
Mac:DA:3E:20:B6:30:BA传感器0	-0.13	0.25	0.89	-1.28	-1.28	-1.16	14.32	7.52	101.14	相对角度姿态	14.32	7.52
Mac:DA:3E:20:B6:30:BA传感器0	-0.12	0.23	0.89	-1.59	-1.59	-1.89	14.08	7.62	100.84	相对角度姿态	14.08	7.62
Mac:DA:3E:20:B6:30:BA传感器0	-0.1	0.23	0.89	-1.04	-1.04	-0.73	14.02	7.71	100.59	相对角度姿态	14.02	7.71
Mac:DA:3E:20:B6:30:BA传感器0	-0.12	0.25	0.91	-1.16	-1.16	-0.18	14.14	7.77	100.44	相对角度姿态	14.14	7.77
Mac:DA:3E:20:B6:30:BA传感器0	-0.11	0.25	0.92	1.16	1.16	0.24	14.18	7.65	100.26	相对角度姿态	14.18	7.65
Mac:DA:3E:20:B6:30:BA传感器0	-0.1	0.24	0.9	1.4	1.4	0.79	14.08	7.65	100.07	相对角度姿态	14.08	7.65
Mac:DA:3E:20:B6:30:BA传感器0	-0.12	0.24	0.89	2.08	2.08	0.79	14.02	7.65	99.98	相对角度姿态	14.02	7.65
Mac:DA:3E:20:B6:30:BA传感器0	-0.14	0.23	0.85	4.58	4.58	1.59	14.1	7.64	99.92	相对角度姿态	14.1	7.64
Mac:DA:3E:20:B6:30:BA传感器0	-0.11	0.23	0.87	0.24	0.24	-2.08	14.45	7.5	99.76	相对角度姿态	14.45	7.5
Mac:DA:3E:20:B6:30:BA传感器0	-0.1	0.25	0.9	-0.06	-0.06	-2.14	14.65	7.26	99.44	相对角度姿态	14.65	7.26
Mac:DA:3E:20:B6:30:BA传感器0	-0.1	0.25	0.86	-0.61	-0.61	0.79	14.77	6.98	99.28	相对角度姿态	14.77	6.98
Mac:DA:3E:20:B6:30:BA传感器0	-0.12	0.26	0.91	-0.73	-0.73	-0.24	15.05	6.86	99.26	相对角度姿态	15.05	6.86
Mac:DA:3E:20:B6:30:BA传感器0	-0.1	0.27	0.92	1.65	1.65	1.1	15.21	6.82	99.2	相对角度姿态	15.21	6.82
Mac:DA:3E:20:B6:30:BA传感器0	-0.09	0.28	0.94	2.01	2.01	0.06	15.27	6.83	99.15	相对角度姿态	15.27	6.83
Mac:DA:3E:20:B6:30:BA传感器0	-0.14	0.25	0.91	-1.95	-1.95	-2.93	15.3	7.49	98.99	相对角度姿态	15.3	7.49
Mac:DA:3E:20:B6:30:BA传感器0	-0.17	0.28	0.94	17.94	17.94	0.55	16.04	7.99	98.94	相对角度姿态	16.04	7.99
Mac:DA:3E:20:B6:30:BA传感器0	-0.23	0.35	1.12	46.88	46.88	-1.65	18.64	9.54	99.09	相对角度姿态	18.64	9.54
Mac:DA:3E:20:B6:30:BA传感器0	-0.35	0.49	1.29	25.15	25.15	-2.08	22.8	11.87	99.55	相对角度姿态	22.8	11.87
Mac:DA:3E:20:B6:30:BA传感器0	-0.43	0.74	1.11	-42.6	-42.6	3.54	23.29	12.49	99.71	相对角度姿态	23.29	12.49
Mac:DA:3E:20:B6:30:BA传感器0	-0.46	0.86	0.83	-102.23	-102.23	17.7	19.02	11.96	100.4	相对角度姿态	19.02	11.96
Mac:DA:3E:20:B6:30:BA传感器0	-0.02	0.05	0.23	-120.3	-120.3	-63.17	8.12	14.36	97.26	相对角度姿态	8.12	14.36
Mac:DA:3E:20:B6:30:BA传感器0	-0.03	-0.34	0.33	-40.65	-40.65	17.03	-4.34	15.86	93.66	相对角度姿态	-4.34	15.86
Mac:DA:3E:20:B6:30:BA传感器0	-0.17	-0.24	0.7	-23.25	-23.25	-2.5	-7.59	14.32	95.13	相对角度姿态	-7.59	14.32
Mac:DA:3E:20:B6:30:BA传感器0	-0.24	-0.15	0.95	-3.97	-3.97	18.43	-7.7	13.76	96.31	相对角度姿态	-7.7	13.76
Mac:DA:3E:20:B6:30:BA传感器0	-0.27	-0.06	0.96	-5	-5	19.47	-7.09	13.62	97.27	相对角度姿态	-7.09	13.62
Mac:DA:3E:20:B6:30:BA传感器0	-0.35	-0.04	0.97	-4.52	-4.52	17.82	-6.59	13.61	98.7	相对角度姿态	-6.59	13.61
Mac:DA:3E:20:B6:30:BA传感器0	-0.48	0.03	1.01	-2.62	-2.62	18.74	-5.65	13.72	99.71	相对角度姿态	-5.65	13.72
Mac:DA:3E:20:B6:30:BA传感器0	-0.66	0.06	0.94	-3.97	-3.97	6.9	-5.52	12.61	101.18	相对角度姿态	-5.52	12.61
Mac:DA:3E:20:B6:30:BA传感器0	-0.75	0.2	0.83	6.16	6.16	-39.73	-5.94	10.82	98.99	相对角度姿态	-5.94	10.82
Mac:DA:3E:20:B6:30:BA传感器0	-0.54	0.4	0.75	-11.9	-11.9	-138.67	-6.12	8.5	89.93	相对角度姿态	-6.12	8.5
Mac:DA:3E:20:B6:30:BA传感器0	0.56	0.05	0.97	38.09	38.09	-144.84	-5.53	6.02	70.72	相对角度姿态	-5.53	6.02
Mac:DA:3E:20:B6:30:BA传感器0	0.51	-0.02	1.29	-36.44	-36.44	-49.32	-3.83	0.01	64.09	相对角度姿态	-3.83	0.01
Mac:DA:3E:20:B6:30:BA传感器0	0.39	-0.28	1.08	-58.47	-58.47	-24.84	-7.65	-3.53	62.03	相对角度姿态	-7.65	-3.53
Mac:DA:3E:20:B6:30:BA传感器0	0.07	-0.31	1.02	1.16	1.16	-2.99	-9.24	-4.36	61.95	相对角度姿态	-9.24	-4.36
Mac:DA:3E:20:B6:30:BA传感器0	0.03	-0.26	0.91	5.8	5.8	-2.5	-9.94	-3.96	62.81	相对角度姿态	-9.94	-3.96
Mac:DA:3E:20:B6:30:BA传感器0	0.24	-0.29	0.81	26.12	26.12	-2.26	-9.56	-3.07	63.39	相对角度姿态	-9.56	-3.07
Mac:DA:3E:20:B6:30:BA传感器0	0.46	-0.24	0.52	-5.43	-5.43	5.74	-8.26	-1.1	64.09	相对角度姿态	-8.26	-1.1
Mac:DA:3E:20:B6:30:BA传感器0	0.41	-0.01	0.67	39.67	39.67	80.08	-4.1	1.13	67.56	相对角度姿态	-4.1	1.13
Mac:DA:3E:20:B6:30:BA传感器0	0.09	0.58	0.71	66.22	66.22	136.66	1.31	0.8	79.84	相对角度姿态	1.31	0.8
Mac:DA:3E:20:B6:30:BA传感器0	-1	0.78	1.55	10.19	10.19	101.2	7.61	1.69	92.1	相对角度姿态	7.61	1.69
Mac:DA:3E:20:B6:30:BA传感器0	-0.74	0.35	1.28	27.89	27.89	75.68	9.22	2.83	98.45	相对角度姿态	9.22	2.83
Mac:DA:3E:20:B6:30:BA传感器0	-0.38	0.22	1.28	-9.58	-9.58	23.99	11.9	2.78	102.19	相对角度姿态	11.9	2.78
Mac:DA:3E:20:B6:30:BA传感器0	-0.24	0.19	0.96	-7.26	-7.26	-4.39	11.54	3.21	102.33	相对角度姿态	11.54	3.21
Mac:DA:3E:20:B6:30:BA传感器0	-0.06	0.14	0.88	-3.97	-3.97	-8.67	10.66	3.75	101.12	相对角度姿态	10.66	3.75
Mac:DA:3E:20:B6:30:BA传感器0	-0.06	0.15	0.93	-3.23	-3.23	-4.46	10.36	4.7	100.33	相对角度姿态	10.36	4.7
Mac:DA:3E:20:B6:30:BA传感器0	-0.1	0.19	0.91	-6.16	-6.16	0.49	10.13	4.89	100.2	相对角度姿态	10.13	4.89
Mac:DA:3E:20:B6:30:BA传感器0	-0.13	0.2	0.9	10.07	10.07	-2.01	10.45	6.22	100.03	相对角度姿态	10.45	6.22
Mac:DA:3E:20:B6:30:BA传感器0	-0.1	0.16	0.92	-5.25	-5.25	0.61	10.4	6.24	99.78	相对角度姿态	10.4	6.24
Mac:DA:3E:20:B6:30:BA传感器0	-0.15	0.21	0.97	0.31	0.31	0.73	10.68	6.43	99.96	相对角度姿态	10.68	6.43
Mac:DA:3E:20:B6:30:BA传感器0	-0.11	0.19	0.93	-1.53	-1.53	-1.1	10.49	6.75	99.7	相对角度姿态	10.49	6.75
Mac:DA:3E:20:B6:30:BA传感器0	-0.09	0.18	0.9	-2.99	-2.99	-0.67	10.38	6.62	99.41	相对角度姿态	10.38	6.62
Mac:DA:3E:20:B6:30:BA传感器0	-0.14	0.18	0.9	2.93	2.93	2.2	10.28	6.73	99.38	相对角度姿态	10.28	6.73
Mac:DA:3E:20:B6:30:BA传感器0	-0.12	0.19	0.93	2.14	2.14	0.43	10.56	6.75	99.31	相对角度姿态	10.56	6.75
Mac:DA:3E:20:B6:30:BA传感器0	-0.1	0.19	0.93	3.3	3.3	1.34	10.74	6.84	99.18	相对角度姿态	10.74	6.84
Mac:DA:3E:20:B6:30:BA传感器0	-0.12	0.21	0.93	0.12	0.12	1.1	10.99	7	99.16	相对角度姿态	10.99	7
Mac:DA:3E:20:B6:30:BA传感器0	-0.14	0.2	0.91	0	0	-0.67	11.02	7.21	99.09	相对角度姿态	11.02	7.21
Mac:DA:3E:20:B6:30:BA传感器0	-0.1	0.18	0.9	-1.22	-1.22	0.31	11.15	7.12	98.87	相对角度姿态	11.15	7.12
Mac:DA:3E:20:B6:30:BA传感器0	-0.13	0.2	0.9	2.62	2.62	1.53	11.32	6.99	98.85	相对角度姿态	11.32	6.99
Mac:DA:3E:20:B6:30:BA传感器0	-0.12	0.21	0.94	0.12	0.12	0.61	11.46	6.42	98.67	相对角度姿态	11.46	6.42
Mac:DA:3E:20:B6:30:BA传感器0	-0.1	0.2	0.92	-2.08	-2.08	-1.71	11.47	6.41	98.4	相对角度姿态	11.47	6.41
Mac:DA:3E:20:B6:30:BA传感器0	-0.09	0.21	0.94	0.85	0.85	1.34	11.53	6.37	98.24	相对角度姿态	11.53	6.37
Mac:DA:3E:20:B6:30:BA传感器0	-0.12	0.2	0.87	1.1	1.1	2.69	11.48	6.19	98.34	相对角度姿态	11.48	6.19
Mac:DA:3E:20:B6:30:BA传感器0	-0.1	0.19	0.93	-2.14	-2.14	2.38	11.68	6	98.39	相对角度姿态	11.68	6
Mac:DA:3E:20:B6:30:BA传感器0	-0.12	0.2	0.9	-2.99	-2.99	1.22	11.68	6.15	98.49	相对角度姿态	11.68	6.15
Mac:DA:3E:20:B6:30:BA传感器0	-0.11	0.22	0.93	-1.4	-1.4	-1.28	11.93	6.26	98.45	相对角度姿态	11.93	6.26
Mac:DA:3E:20:B6:30:BA传感器0	-0.11	0.22	0.92	1.1	1.1	-0.24	11.95	6.43	98.35	相对角度姿态	11.95	6.43
Mac:DA:3E:20:B6:30:BA传感器0	-0.11	0.21	0.91	0.73	0.73	0.12	12	6.44	98.29	相对角度姿态	12	6.44
Mac:DA:3E:20:B6:30:BA传感器0	-0.1	0.22	0.91	2.14	2.14	0	12.07	6.46	98.28	相对角度姿态	12.07	6.46
Mac:DA:3E:20:B6:30:BA传感器0	-0.09	0.21	0.92	1.77	1.77	1.53	12.23	6.41	98.27	相对角度姿态	12.23	6.41
Mac:DA:3E:20:B6:30:BA传感器0	-0.09	0.22	0.91	-0.67	-0.67	1.89	12.4	6.23	98.36	相对角度姿态	12.4	6.23
Mac:DA:3E:20:B6:30:BA传感器0	-0.11	0.21	0.9	1.04	1.04	1.65	12.56	6.16	98.45	相对角度姿态	12.56	6.16
Mac:DA:3E:20:B6:30:BA传感器0	-0.1	0.22	0.91	4.21	4.21	1.59	12.78	6.12	98.48	相对角度姿态	12.78	6.12
Mac:DA:3E:20:B6:30:BA传感器0	-0.09	0.26	0.98	17.15	17.15	3.97	14.23	5.94	98.52	相对角度姿态	14.23	5.94
Mac:DA:3E:20:B6:30:BA传感器0	-0.21	0.28	1.08	35.46	35.46	6.9	16.46	5.46	98.92	相对角度姿态	16.46	5.46
Mac:DA:3E:20:B6:30:BA传感器0	-0.35	0.49	1.29	1.71	1.71	-20.32	19.84	6.5	98.36	相对角度姿态	19.84	6.5
Mac:DA:3E:20:B6:30:BA传感器0	-0.33	0.67	1.48	-43.21	-43.21	-18.74	19.76	7.17	96.03	相对角度姿态	19.76	7.17
Mac:DA:3E:20:B6:30:BA传感器0	-0.25	0.68	1.01	-101.68	-101.68	-20.75	12.6	5.66	93.69	相对角度姿态	12.6	5.66
Mac:DA:3E:20:B6:30:BA传感器0	0.15	0.18	0.44	-102.66	-102.66	-81.05	3.32	8.71	88.84	相对角度姿态	3.32	8.71
Mac:DA:3E:20:B6:30:BA传感器0	0.26	-0.37	0.22	-73.91	-73.91	-49.93	-6.89	9.77	82.63	相对角度姿态	-6.89	9.77
Mac:DA:3E:20:B6:30:BA传感器0	0.22	-0.45	0.59	-26.61	-26.61	-16.91	-12.99	7.33	81.44	相对角度姿态	-12.99	7.33
Mac:DA:3E:20:B6:30:BA传感器0	0	-0.29	1.01	9.83	9.83	6.47	-14.05	5.38	82.4	相对角度姿态	-14.05	5.38
Mac:DA:3E:20:B6:30:BA传感器0	-0.15	-0.2	1.04	16.42	16.42	8.61	-14.08	4.65	84.11	相对角度姿态	-14.08	4.65
Mac:DA:3E:20:B6:30:BA传感器0	-0.22	-0.17	1.04	-4.46	-4.46	15.87	-13.77	4.75	85.25	相对角度姿态	-13.77	4.75
Mac:DA:3E:20:B6:30:BA传感器0	-0.07	-0.27	1	9.28	9.28	-5.13	-13.9	4.85	85.59	相对角度姿态	-13.9	4.85
Mac:DA:3E:20:B6:30:BA传感器0	-0.22	-0.25	0.91	-3.78	-3.78	2.2	-13.93	4.93	86.52	相对角度姿态	-13.93	4.93
Mac:DA:3E:20:B6:30:BA传感器0	-0.29	-0.24	0.83	6.16	6.16	7.32	-13.48	5	87.49	相对角度姿态	-13.48	5
Mac:DA:3E:20:B6:30:BA传感器0	-0.35	-0.21	0.85	-8.48	-8.48	-6.35	-13.04	3.83	88.17	相对角度姿态	-13.04	3.83
Mac:DA:3E:20:B6:30:BA传感器0	-0.33	-0.25	0.55	29.66	29.66	-53.47	-13.72	3.16	86.34	相对角度姿态	-13.72	3.16
Mac:DA:3E:20:B6:30:BA传感器0	0.09	-0.15	0.49	61.65	61.65	-65.86	-8.96	4.35	80.43	相对角度姿态	-8.96	4.35
Mac:DA:3E:20:B6:30:BA传感器0	-0.15	0.37	0.65	103.33	103.33	-21.36	0.59	4.13	77.17	相对角度姿态	0.59	4.13
Mac:DA:3E:20:B6:30:BA传感器0	0.34	0.48	1.96	104.31	104.31	-62.81	11.59	-1.5	72.7	相对角度姿态	11.59	-1.5
Mac:DA:3E:20:B6:30:BA传感器0	0.05	0.43	1.49	-1.28	-1.28	-22.09	15.12	-1.83	70.26	相对角度姿态	15.12	-1.83
Mac:DA:3E:20:B6:30:BA传感器0	0.12	0.18	1.11	-14.04	-14.04	-12.82	13.14	-3.56	68.38	相对角度姿态	13.14	-3.56
Mac:DA:3E:20:B6:30:BA传感器0	-0.12	0.18	0.9	-16.91	-16.91	0.67	11.03	-3.36	69.18	相对角度姿态	11.03	-3.36
Mac:DA:3E:20:B6:30:BA传感器0	-0.14	0.16	0.87	-6.71	-6.71	-1.65	9.42	-2.76	69.44	相对角度姿态	9.42	-2.76
Mac:DA:3E:20:B6:30:BA传感器0	-0.02	0.08	0.92	-21.48	-21.48	-12.57	8.57	-3.27	68.98	相对角度姿态	8.57	-3.27
Mac:DA:3E:20:B6:30:BA传感器0	0.01	0.08	0.9	-4.09	-4.09	-13.43	8	-3.62	68.41	相对角度姿态	8	-3.62
Mac:DA:3E:20:B6:30:BA传感器0	0.16	0.12	0.92	8.67	8.67	-11.17	8.62	-2.91	68.29	相对角度姿态	8.62	-2.91
Mac:DA:3E:20:B6:30:BA传感器0	0.46	0.24	0.98	13.92	13.92	7.81	10.22	-2.17	68.95	相对角度姿态	10.22	-2.17
Mac:DA:3E:20:B6:30:BA传感器0	0.73	0.32	0.81	3.17	3.17	74.65	10.75	-3.17	73.78	相对角度姿态	10.75	-3.17
Mac:DA:3E:20:B6:30:BA传感器0	0.16	0.55	0.92	-3.78	-3.78	130.19	11.95	0.01	85.63	相对角度姿态	11.95	0.01
Mac:DA:3E:20:B6:30:BA传感器0	-0.89	0.68	0.83	-17.76	-17.76	125.31	13.22	4.07	100.07	相对角度姿态	13.22	4.07
Mac:DA:3E:20:B6:30:BA传感器0	-0.86	0.3	0.87	19.35	19.35	40.53	14.04	6.77	107.55	相对角度姿态	14.04	6.77
Mac:DA:3E:20:B6:30:BA传感器0	-0.55	0.26	0.94	9.16	9.16	13.18	15.99	10.63	109.71	相对角度姿态	15.99	10.63
Mac:DA:3E:20:B6:30:BA传感器0	-0.16	0.24	0.9	-3.3	-3.3	-1.89	15.97	13.1	109.52	相对角度姿态	15.97	13.1
Mac:DA:3E:20:B6:30:BA传感器0	-0.1	0.27	0.9	2.26	2.26	2.99	15.29	12.86	108.58	相对角度姿态	15.29	12.86
Mac:DA:3E:20:B6:30:BA传感器0	-0.11	0.24	0.9	3.05	3.05	1.53	14.88	12.52	107.9	相对角度姿态	14.88	12.52
Mac:DA:3E:20:B6:30:BA传感器0	-0.09	0.22	0.89	1.34	1.34	3.72	14.9	12.6	107.54	相对角度姿态	14.9	12.6
Mac:DA:3E:20:B6:30:BA传感器0	-0.16	0.25	0.88	-0.92	-0.92	6.96	15.01	12.74	107.74	相对角度姿态	15.01	12.74
Mac:DA:3E:20:B6:30:BA传感器0	-0.19	0.27	0.92	0.67	0.67	0.67	15.42	12.66	107.7	相对角度姿态	15.42	12.66
Mac:DA:3E:20:B6:30:BA传感器0	-0.15	0.25	0.9	-2.75	-2.75	-0.61	15.28	12.52	107.08	相对角度姿态	15.28	12.52
Mac:DA:3E:20:B6:30:BA传感器0	-0.15	0.25	0.87	0.31	0.31	0.37	15.27	12.42	106.46	相对角度姿态	15.27	12.42
Mac:DA:3E:20:B6:30:BA传感器0	-0.16	0.25	0.87	-0.92	-0.92	-2.32	15.29	12.12	105.8	相对角度姿态	15.29	12.12
Mac:DA:3E:20:B6:30:BA传感器0	-0.16	0.26	0.89	2.56	2.56	1.95	15.43	11.63	105.36	相对角度姿态	15.43	11.63
Mac:DA:3E:20:B6:30:BA传感器0	-0.14	0.26	0.91	0.12	0.12	-1.34	15.53	11.22	104.82	相对角度姿态	15.53	11.22
Mac:DA:3E:20:B6:30:BA传感器0	-0.14	0.25	0.9	-1.28	-1.28	-0.49	15.44	11.35	104.43	相对角度姿态	15.44	11.35
Mac:DA:3E:20:B6:30:BA传感器0	-0.15	0.25	0.88	-1.83	-1.83	-0.24	15.33	11.32	104.11	相对角度姿态	15.33	11.32
Mac:DA:3E:20:B6:30:BA传感器0	-0.16	0.24	0.84	3.17	3.17	-0.98	15.23	11.29	103.82	相对角度姿态	15.23	11.29
Mac:DA:3E:20:B6:30:BA传感器0	-0.17	0.26	0.89	2.08	2.08	-0.12	15.5	11.5	103.54	相对角度姿态	15.5	11.5
Mac:DA:3E:20:B6:30:BA传感器0	-0.13	0.25	0.89	0	0	2.93	15.42	11.11	103.36	相对角度姿态	15.42	11.11
Mac:DA:3E:20:B6:30:BA传感器0	-0.16	0.27	0.87	2.5	2.5	1.65	15.56	11.05	103.4	相对角度姿态	15.56	11.05
Mac:DA:3E:20:B6:30:BA传感器0	-0.14	0.25	0.87	-0.98	-0.98	0	15.58	11.02	103.22	相对角度姿态	15.58	11.02
Mac:DA:3E:20:B6:30:BA传感器0	-0.17	0.26	0.89	-1.59	-1.59	0.06	15.64	11.1	103.1	相对角度姿态	15.64	11.1
Mac:DA:3E:20:B6:30:BA传感器0	-0.17	0.26	0.88	-1.4	-1.4	-1.59	15.61	11.04	102.95	相对角度姿态	15.61	11.04
Mac:DA:3E:20:B6:30:BA传感器0	-0.16	0.26	0.88	0.12	0.12	-2.08	15.56	10.94	102.62	相对角度姿态	15.56	10.94
Mac:DA:3E:20:B6:30:BA传感器0	-0.15	0.25	0.87	0.73	0.73	-1.53	15.5	10.91	102.34	相对角度姿态	15.5	10.91
Mac:DA:3E:20:B6:30:BA传感器0	-0.16	0.25	0.93	0.37	0.37	-0.43	15.6	11.17	102.36	相对角度姿态	15.6	11.17
Mac:DA:3E:20:B6:30:BA传感器0	-0.19	0.33	1.17	-8.97	-8.97	1.28	15.66	11.94	102.74	相对角度姿态	15.66	11.94
Mac:DA:3E:20:B6:30:BA传感器0	-0.32	0.29	1.09	-29.66	-29.66	5.25	13.58	13	103.55	相对角度姿态	13.58	13
Mac:DA:3E:20:B6:30:BA传感器0	-0.43	0.33	1.03	-44.43	-44.43	-1.4	10.22	13.82	103.77	相对角度姿态	10.22	13.82
Mac:DA:3E:20:B6:30:BA传感器0	-0.26	0.16	0.95	-48.77	-48.77	-19.47	4.78	13.55	102.23	相对角度姿态	4.78	13.55
Mac:DA:3E:20:B6:30:BA传感器0	-0.28	0.09	0.89	-39.18	-39.18	-21.48	-0.09	14.89	100.06	相对角度姿态	-0.09	14.89
Mac:DA:3E:20:B6:30:BA传感器0	-0.34	0.01	0.85	-44.62	-44.62	-28.87	-4.74	15.81	97.32	相对角度姿态	-4.74	15.81
Mac:DA:3E:20:B6:30:BA传感器0	-0.26	-0.07	0.86	-38.57	-38.57	-44.31	-9.67	14.53	94.04	相对角度姿态	-9.67	14.53
Mac:DA:3E:20:B6:30:BA传感器0	-0.18	-0.13	0.88	-43.64	-43.64	-62.81	-14.41	11.51	89.88	相对角度姿态	-14.41	11.51
Mac:DA:3E:20:B6:30:BA传感器0	-0.1	-0.32	0.76	-12.57	-12.57	-65.86	-19.19	8.53	84.78	相对角度姿态	-19.19	8.53
Mac:DA:3E:20:B6:30:BA传感器0	-0.06	-0.44	0.72	-3.36	-3.36	-70.25	-21.04	5.82	79.27	相对角度姿态	-21.04	5.82
Mac:DA:3E:20:B6:30:BA传感器0	-0.04	-0.27	0.89	8.54	8.54	-53.16	-20.83	2.01	75.39	相对角度姿态	-20.83	2.01
Mac:DA:3E:20:B6:30:BA传感器0	0.16	-0.39	0.83	-5.49	-5.49	-70.07	-21.09	-1.76	70.02	相对角度姿态	-21.09	-1.76
Mac:DA:3E:20:B6:30:BA传感器0	0.14	-0.31	0.95	26.49	26.49	-54.32	-17.79	-2.92	65	相对角度姿态	-17.79	-2.92
Mac:DA:3E:20:B6:30:BA传感器0	0.03	-0.28	0.88	47.55	47.55	-44.43	-13.39	-2.77	60.77	相对角度姿态	-13.39	-2.77
Mac:DA:3E:20:B6:30:BA传感器0	0.04	-0.08	0.95	34.61	34.61	-47.85	-7.88	-1.68	57.1	相对角度姿态	-7.88	-1.68
Mac:DA:3E:20:B6:30:BA传感器0	-0.03	-0.07	0.93	51.09	51.09	-5.62	-4.29	-1.65	55.37	相对角度姿态	-4.29	-1.65
Mac:DA:3E:20:B6:30:BA传感器0	-0.17	0.12	1.07	66.16	66.16	10.5	2.52	2.9	56.01	相对角度姿态	2.52	2.9
Mac:DA:3E:20:B6:30:BA传感器0	-0.16	0.16	1.02	51.57	51.57	24.78	7.72	5.93	58.88	相对角度姿态	7.72	5.93
Mac:DA:3E:20:B6:30:BA传感器0	-0.24	0.22	1.05	51.57	51.57	38.76	13.15	7.77	63.46	相对角度姿态	13.15	7.77
Mac:DA:3E:20:B6:30:BA传感器0	-0.3	0.35	0.93	28.69	28.69	27.65	17.66	9.21	67.91	相对角度姿态	17.66	9.21
Mac:DA:3E:20:B6:30:BA传感器0	-0.25	0.4	1.02	25.51	25.51	31.62	21.1	9.38	71.55	相对角度姿态	21.1	9.38
Mac:DA:3E:20:B6:30:BA传感器0	-0.27	0.42	1.02	16.05	16.05	31.25	23.54	11.79	75.77	相对角度姿态	23.54	11.79
Mac:DA:3E:20:B6:30:BA传感器0	-0.11	0.42	0.71	1.59	1.59	34.67	25.73	16	80	相对角度姿态	25.73	16
Mac:DA:3E:20:B6:30:BA传感器0	-0.15	0.48	0.83	1.22	1.22	58.35	27.66	15.89	85.44	相对角度姿态	27.66	15.89
Mac:DA:3E:20:B6:30:BA传感器0	-0.3	0.54	0.84	-14.71	-14.71	59.14	28.83	15.53	92.32	相对角度姿态	28.83	15.53
Mac:DA:3E:20:B6:30:BA传感器0	-0.35	0.51	0.87	-29.97	-29.97	56.52	28.39	14.95	98.51	相对角度姿态	28.39	14.95
Mac:DA:3E:20:B6:30:BA传感器0	-0.41	0.5	0.98	-46.08	-46.08	43.4	26.02	14.17	103.62	相对角度姿态	26.02	14.17
Mac:DA:3E:20:B6:30:BA传感器0	-0.41	0.47	0.94	-67.26	-67.26	20.39	21.38	14.39	106.81	相对角度姿态	21.38	14.39
Mac:DA:3E:20:B6:30:BA传感器0	-0.28	0.26	0.74	-69.95	-69.95	3.91	14.85	14.52	107.38	相对角度姿态	14.85	14.52
Mac:DA:3E:20:B6:30:BA传感器0	-0.28	0.15	0.69	-45.47	-45.47	-13.31	9.85	15.08	106.66	相对角度姿态	9.85	15.08
Mac:DA:3E:20:B6:30:BA传感器0	-0.21	0.05	0.75	-31.37	-31.37	-14.83	5.86	15.92	104.01	相对角度姿态	5.86	15.92
Mac:DA:3E:20:B6:30:BA传感器0	-0.16	-0.05	0.75	-24.72	-24.72	-8.79	2.54	13.61	102.92	相对角度姿态	2.54	13.61
Mac:DA:3E:20:B6:30:BA传感器0	-0.17	0.02	0.93	-13.85	-13.85	-7.57	1.4	11.31	102.07	相对角度姿态	1.4	11.31
Mac:DA:3E:20:B6:30:BA传感器0	-0.14	0	0.98	-11.17	-11.17	-11.6	0.24	9.93	100.45	相对角度姿态	0.24	9.93
Mac:DA:3E:20:B6:30:BA传感器0	-0.12	-0.02	0.98	-6.71	-6.71	-3.72	-0.71	9.96	99.33	相对角度姿态	-0.71	9.96
Mac:DA:3E:20:B6:30:BA传感器0	-0.12	-0.02	0.97	-2.56	-2.56	0.18	-1.37	9.99	98.7	相对角度姿态	-1.37	9.99
Mac:DA:3E:20:B6:30:BA传感器0	-0.16	-0.03	0.96	-0.31	-0.31	0.43	-1.4	10.11	98.51	相对角度姿态	-1.4	10.11
Mac:DA:3E:20:B6:30:BA传感器0	-0.13	-0.03	0.99	1.34	1.34	0.67	-1.22	9.88	98.28	相对角度姿态	-1.22	9.88
Mac:DA:3E:20:B6:30:BA传感器0	-0.13	-0.03	0.98	-2.75	-2.75	-0.31	-1.15	9.71	98.02	相对角度姿态	-1.15	9.71
Mac:DA:3E:20:B6:30:BA传感器0	-0.13	-0.01	1	-2.01	-2.01	1.59	-1.07	9.48	97.78	相对角度姿态	-1.07	9.48
Mac:DA:3E:20:B6:30:BA传感器0	-0.14	0	0.98	-1.59	-1.59	0.37	-1.08	9.37	97.59	相对角度姿态	-1.08	9.37
Mac:DA:3E:20:B6:30:BA传感器0	-0.14	0	1	0.67	0.67	0.18	-0.99	9.38	97.44	相对角度姿态	-0.99	9.38
Mac:DA:3E:20:B6:30:BA传感器0	-0.14	0	1	-0.37	-0.37	-1.04	-0.94	9.31	97.27	相对角度姿态	-0.94	9.31
Mac:DA:3E:20:B6:30:BA传感器0	-0.13	-0.01	0.99	-0.73	-0.73	-0.85	-0.84	9.2	97.09	相对角度姿态	-0.84	9.2
Mac:DA:3E:20:B6:30:BA传感器0	-0.13	0	0.99	-0.73	-0.73	0	-0.75	9.07	96.93	相对角度姿态	-0.75	9.07
Mac:DA:3E:20:B6:30:BA传感器0	-0.11	0	0.95	10.25	10.25	-3.6	-0.31	9.45	96.64	相对角度姿态	-0.31	9.45
Mac:DA:3E:20:B6:30:BA传感器0	-0.14	0.03	1.01	-0.49	-0.49	1.53	0.21	9.43	96.54	相对角度姿态	0.21	9.43
Mac:DA:3E:20:B6:30:BA传感器0	-0.16	0.01	0.97	-0.31	-0.31	0.18	0.23	9.3	96.5	相对角度姿态	0.23	9.3
Mac:DA:3E:20:B6:30:BA传感器0	-0.16	0.02	0.99	-1.71	-1.71	-1.53	0.41	9.28	96.34	相对角度姿态	0.41	9.28
Mac:DA:3E:20:B6:30:BA传感器0	-0.15	0.03	0.98	1.16	1.16	0.43	0.31	9.2	96.15	相对角度姿态	0.31	9.2
Mac:DA:3E:20:B6:30:BA传感器0	-0.13	0.01	0.96	0.49	0.49	1.16	0.32	9.07	96.02	相对角度姿态	0.32	9.07
Mac:DA:3E:20:B6:30:BA传感器0	-0.15	0.03	0.99	0.79	0.79	1.46	0.4	9.07	96.04	相对角度姿态	0.4	9.07
Mac:DA:3E:20:B6:30:BA传感器0	-0.14	0.03	1	1.28	1.28	0.43	0.37	8.87	95.98	相对角度姿态	0.37	8.87
Mac:DA:3E:20:B6:30:BA传感器0	-0.13	0.03	1	-1.16	-1.16	-0.31	0.26	8.68	95.84	相对角度姿态	0.26	8.68
Mac:DA:3E:20:B6:30:BA传感器0	-0.11	0.02	0.98	0.06	0.06	0.24	0.12	8.4	95.75	相对角度姿态	0.12	8.4
Mac:DA:3E:20:B6:30:BA传感器0	-0.15	0.01	0.97	0.24	0.24	0.37	0.18	8.14	95.75	相对角度姿态	0.18	8.14
Mac:DA:3E:20:B6:30:BA传感器0	-0.12	0.02	0.99	-0.92	-0.92	-1.16	0.23	7.93	95.67	相对角度姿态	0.23	7.93
Mac:DA:3E:20:B6:30:BA传感器0	-0.13	0.03	1	-0.79	-0.79	-0.67	0.31	7.98	95.59	相对角度姿态	0.31	7.98
Mac:DA:3E:20:B6:30:BA传感器0	-0.12	0.02	0.99	-0.12	-0.12	-1.34	0.32	7.87	95.47	相对角度姿态	0.32	7.87
Mac:DA:3E:20:B6:30:BA传感器0	-0.11	0.02	1	-1.04	-1.04	0.73	0.36	7.72	95.42	相对角度姿态	0.36	7.72
Mac:DA:3E:20:B6:30:BA传感器0	-0.15	0.01	0.91	6.59	6.59	3.97	0.29	7.42	95.5	相对角度姿态	0.29	7.42
Mac:DA:3E:20:B6:30:BA传感器0	-0.09	0.02	1	-5.43	-5.43	-3.85	0.68	6.56	95.41	相对角度姿态	0.68	6.56
Mac:DA:3E:20:B6:30:BA传感器0	-0.1	0.03	0.99	1.65	1.65	0.18	0.55	6.62	95.23	相对角度姿态	0.55	6.62
Mac:DA:3E:20:B6:30:BA传感器0	-0.08	0.01	0.97	-0.85	-0.85	0.31	0.48	6.64	95.09	相对角度姿态	0.48	6.64
Mac:DA:3E:20:B6:30:BA传感器0	-0.11	0.02	0.97	2.62	2.62	2.14	0.55	6.73	95.28	相对角度姿态	0.55	6.73
Mac:DA:3E:20:B6:30:BA传感器0	-0.12	0.04	0.99	6.96	6.96	1.46	1.07	6.5	95.37	相对角度姿态	1.07	6.5
Mac:DA:3E:20:B6:30:BA传感器0	-0.1	0.03	0.99	-2.5	-2.5	-0.49	1.13	6.3	95.39	相对角度姿态	1.13	6.3
Mac:DA:3E:20:B6:30:BA传感器0	-0.09	0.02	0.98	-2.2	-2.2	-2.14	0.82	6.41	95.22	相对角度姿态	0.82	6.41
Mac:DA:3E:20:B6:30:BA传感器0	-0.09	0.03	0.98	2.62	2.62	-0.67	0.8	6.5	95.09	相对角度姿态	0.8	6.5
Mac:DA:3E:20:B6:30:BA传感器0	-0.11	0.03	0.98	2.01	2.01	1.22	0.83	6.62	95.08	相对角度姿态	0.83	6.62
Mac:DA:3E:20:B6:30:BA传感器0	-0.11	0.04	0.99	2.08	2.08	1.89	0.95	6.56	95.13	相对角度姿态	0.95	6.56
Mac:DA:3E:20:B6:30:BA传感器0	-0.1	0.05	1.01	-0.12	-0.12	-0.73	1.2	6.26	95.11	相对角度姿态	1.2	6.26
Mac:DA:3E:20:B6:30:BA传感器0	-0.11	0.03	0.98	1.83	1.83	3.36	1.19	6.26	95.21	相对角度姿态	1.19	6.26
Mac:DA:3E:20:B6:30:BA传感器0	-0.11	0.04	0.99	-3.66	-3.66	0	1.16	6.42	95.28	相对角度姿态	1.16	6.42
Mac:DA:3E:20:B6:30:BA传感器0	-0.11	0.02	0.97	-1.65	-1.65	-0.37	0.92	6.54	95.16	相对角度姿态	0.92	6.54
Mac:DA:3E:20:B6:30:BA传感器0	-0.11	0.03	0.98	-1.95	-1.95	-0.24	0.9	6.5	95.13	相对角度姿态	0.9	6.5
Mac:DA:3E:20:B6:30:BA传感器0	-0.12	0.04	0.98	0	0	0	1.03	6.47	95.13	相对角度姿态	1.03	6.47
