Mac:DA:3E:20:B6:30:BA传感器0	0	0.01	1	-1.65	-1.65	-0.12	-0.24	-0.11	95.93	相对角度姿态	-0.24	-0.11
Mac:DA:3E:20:B6:30:BA传感器0	0	0	1	-0.37	-0.37	-0.43	-0.29	-0.05	95.89	相对角度姿态	-0.29	-0.05
Mac:DA:3E:20:B6:30:BA传感器0	-0.01	0.01	1	-1.83	-1.83	-0.55	-0.29	-0.08	95.87	相对角度姿态	-0.29	-0.08
Mac:DA:3E:20:B6:30:BA传感器0	-0.01	0	0.98	0.12	0.12	-0.12	-0.51	-0.05	95.86	相对角度姿态	-0.51	-0.05
Mac:DA:3E:20:B6:30:BA传感器0	0	0	1	-1.1	-1.1	-0.24	-0.34	-0.08	95.87	相对角度姿态	-0.34	-0.08
Mac:DA:3E:20:B6:30:BA传感器0	0	0	1	-1.1	-1.1	-0.24	-0.34	-0.08	95.87	相对角度姿态	-0.34	-0.08
Mac:DA:3E:20:B6:30:BA传感器0	-0.01	0.01	1.01	-1.71	-1.71	0.12	-0.3	-0.07	95.88	相对角度姿态	-0.3	-0.07
Mac:DA:3E:20:B6:30:BA传感器0	0	0	0.99	-0.92	-0.92	-0.31	-0.43	-0.01	95.85	相对角度姿态	-0.43	-0.01
Mac:DA:3E:20:B6:30:BA传感器0	0	0	1	-1.34	-1.34	-0.12	-0.43	-0.02	95.84	相对角度姿态	-0.43	-0.02
Mac:DA:3E:20:B6:30:BA传感器0	-0.02	0.01	1	-1.04	-1.04	-0.24	-0.47	0.02	95.87	相对角度姿态	-0.47	0.02
Mac:DA:3E:20:B6:30:BA传感器0	-0.01	0.01	1	-1.1	-1.1	0.49	-0.46	-0.15	95.89	相对角度姿态	-0.46	-0.15
Mac:DA:3E:20:B6:30:BA传感器0	-0.04	0.01	0.99	-0.55	-0.55	-0.73	-0.41	0.01	95.89	相对角度姿态	-0.41	0.01
Mac:DA:3E:20:B6:30:BA传感器0	0	0.01	1.01	-1.89	-1.89	0.24	-0.34	-0.16	95.89	相对角度姿态	-0.34	-0.16
Mac:DA:3E:20:B6:30:BA传感器0	0	0.01	0.99	1.34	1.34	-0.37	-0.36	-0.11	95.93	相对角度姿态	-0.36	-0.11
Mac:DA:3E:20:B6:30:BA传感器0	0.02	0.01	1.01	-2.99	-2.99	-0.49	-0.32	-0.14	95.89	相对角度姿态	-0.32	-0.14
Mac:DA:3E:20:B6:30:BA传感器0	-0.01	0	0.99	0.55	0.55	0.24	-0.43	-0.04	95.93	相对角度姿态	-0.43	-0.04
Mac:DA:3E:20:B6:30:BA传感器0	-0.01	0	1	-1.77	-1.77	-1.22	-0.48	0.08	95.94	相对角度姿态	-0.48	0.08
Mac:DA:3E:20:B6:30:BA传感器0	0	0.01	1.01	0.49	0.49	-0.43	-0.42	0	95.92	相对角度姿态	-0.42	0
Mac:DA:3E:20:B6:30:BA传感器0	0	0	0.98	-0.24	-0.24	0.55	-0.44	-0.02	95.97	相对角度姿态	-0.44	-0.02
Mac:DA:3E:20:B6:30:BA传感器0	0	0.01	1.01	-1.28	-1.28	-0.55	-0.36	0	95.95	相对角度姿态	-0.36	0
Mac:DA:3E:20:B6:30:BA传感器0	0	0.01	0.99	-0.12	-0.12	-0.31	-0.44	0.05	95.94	相对角度姿态	-0.44	0.05
Mac:DA:3E:20:B6:30:BA传感器0	-0.01	0	1	-2.2	-2.2	-0.49	-0.49	0.06	95.9	相对角度姿态	-0.49	0.06
Mac:DA:3E:20:B6:30:BA传感器0	0	0	1	0.98	0.98	0.67	-0.48	0.11	95.93	相对角度姿态	-0.48	0.11
Mac:DA:3E:20:B6:30:BA传感器0	-0.01	0.01	1.01	0.18	0.18	-0.06	-0.36	0.16	95.99	相对角度姿态	-0.36	0.16
Mac:DA:3E:20:B6:30:BA传感器0	-0.01	0.01	1	0.12	0.12	-0.61	-0.37	0.17	95.95	相对角度姿态	-0.37	0.17
Mac:DA:3E:20:B6:30:BA传感器0	0.01	0.02	1.01	-4.46	-4.46	-0.06	-0.4	0.07	95.92	相对角度姿态	-0.4	0.07
Mac:DA:3E:20:B6:30:BA传感器0	0.01	0	0.99	-3.48	-3.48	0.12	-0.7	0.12	95.92	相对角度姿态	-0.7	0.12
Mac:DA:3E:20:B6:30:BA传感器0	0.01	0.01	1.01	2.08	2.08	-0.67	-0.53	0.19	95.93	相对角度姿态	-0.53	0.19
Mac:DA:3E:20:B6:30:BA传感器0	0	0	0.99	1.22	1.22	0.24	-0.43	0.16	95.92	相对角度姿态	-0.43	0.16
Mac:DA:3E:20:B6:30:BA传感器0	0	0.02	1.02	3.6	3.6	1.1	-0.05	0.13	96.04	相对角度姿态	-0.05	0.13
Mac:DA:3E:20:B6:30:BA传感器0	-0.02	0.01	0.97	3.11	3.11	2.08	0.07	0.39	96.31	相对角度姿态	0.07	0.39
Mac:DA:3E:20:B6:30:BA传感器0	-0.02	0.03	1.01	5.43	5.43	-0.55	0.53	0.57	96.49	相对角度姿态	0.53	0.57
Mac:DA:3E:20:B6:30:BA传感器0	0	0.04	1.01	-0.06	-0.06	0	0.75	0.42	96.43	相对角度姿态	0.75	0.42
Mac:DA:3E:20:B6:30:BA传感器0	-0.02	0	0.99	6.9	6.9	15.81	1.24	0.4	97.22	相对角度姿态	1.24	0.4
Mac:DA:3E:20:B6:30:BA传感器0	-0.22	0.08	1.19	34.61	34.61	3.48	3.7	1.15	98.47	相对角度姿态	3.7	1.15
Mac:DA:3E:20:B6:30:BA传感器0	0.09	0.34	1.69	60.42	60.42	-14.28	9.99	3.85	97.43	相对角度姿态	9.99	3.85
Mac:DA:3E:20:B6:30:BA传感器0	0.03	0.55	1.5	-21.3	-21.3	19.59	13.95	3.15	97.1	相对角度姿态	13.95	3.15
Mac:DA:3E:20:B6:30:BA传感器0	-0.04	0.4	0.81	-86.43	-86.43	15.26	7.47	0.46	97.85	相对角度姿态	7.47	0.46
Mac:DA:3E:20:B6:30:BA传感器0	-0.03	0.11	0.38	-77.64	-77.64	-13.98	-0.08	2.16	97.6	相对角度姿态	-0.08	2.16
Mac:DA:3E:20:B6:30:BA传感器0	-0.06	-0.2	0.42	-21.48	-21.48	-8.3	-5.33	6.17	96.23	相对角度姿态	-5.33	6.17
Mac:DA:3E:20:B6:30:BA传感器0	0.03	-0.34	0.6	-24.11	-24.11	2.75	-10.23	4.86	96.77	相对角度姿态	-10.23	4.86
Mac:DA:3E:20:B6:30:BA传感器0	0.04	-0.33	0.87	-11.54	-11.54	-11.72	-12.15	3.59	96.52	相对角度姿态	-12.15	3.59
Mac:DA:3E:20:B6:30:BA传感器0	-0.04	-0.17	1.07	-5.13	-5.13	-8.79	-12.39	3.33	96.27	相对角度姿态	-12.39	3.33
Mac:DA:3E:20:B6:30:BA传感器0	-0.05	-0.19	1.05	1.77	1.77	-5.43	-12.23	4.14	94.78	相对角度姿态	-12.23	4.14
Mac:DA:3E:20:B6:30:BA传感器0	-0.12	-0.12	1.04	1.16	1.16	-0.73	-11.4	4.01	95.04	相对角度姿态	-11.4	4.01
Mac:DA:3E:20:B6:30:BA传感器0	-0.09	-0.16	1.04	6.77	6.77	-0.12	-11.18	3.78	94.94	相对角度姿态	-11.18	3.78
Mac:DA:3E:20:B6:30:BA传感器0	-0.16	-0.19	1	4.15	4.15	1.28	-11.3	3.75	95.13	相对角度姿态	-11.3	3.75
Mac:DA:3E:20:B6:30:BA传感器0	-0.43	-0.22	0.93	0.24	0.24	0	-11.35	4.63	95.23	相对角度姿态	-11.35	4.63
Mac:DA:3E:20:B6:30:BA传感器0	-0.47	-0.06	1.01	7.75	7.75	11.72	-10.42	4.71	96.05	相对角度姿态	-10.42	4.71
Mac:DA:3E:20:B6:30:BA传感器0	0.01	0.06	0.99	9.16	9.16	-111.08	-9.45	4.82	86.45	相对角度姿态	-9.45	4.82
Mac:DA:3E:20:B6:30:BA传感器0	0.01	0.06	0.99	9.16	9.16	-111.08	-9.45	4.82	86.45	相对角度姿态	-9.45	4.82
Mac:DA:3E:20:B6:30:BA传感器0	0.54	-0.16	1.03	9.83	9.83	-59.14	-10.22	1.97	78.49	相对角度姿态	-10.22	1.97
Mac:DA:3E:20:B6:30:BA传感器0	0.38	-0.23	1.08	-10.13	-10.13	-35.71	-9.2	0.43	74.43	相对角度姿态	-9.2	0.43
Mac:DA:3E:20:B6:30:BA传感器0	0.08	-0.15	1.08	-2.14	-2.14	-2.5	-9.21	-1.32	73.6	相对角度姿态	-9.21	-1.32
Mac:DA:3E:20:B6:30:BA传感器0	0.11	-0.23	1.07	-3.36	-3.36	8.73	-10.05	-2.92	74.4	相对角度姿态	-10.05	-2.92
Mac:DA:3E:20:B6:30:BA传感器0	-0.07	-0.15	1.01	-5.98	-5.98	7.93	-9.92	-2.13	75.83	相对角度姿态	-9.92	-2.13
Mac:DA:3E:20:B6:30:BA传感器0	-0.05	-0.25	0.98	-5.49	-5.49	-6.1	-10.95	-2.27	76.98	相对角度姿态	-10.95	-2.27
Mac:DA:3E:20:B6:30:BA传感器0	-0.13	-0.22	0.91	-2.32	-2.32	-1.4	-11.06	-1.19	77.27	相对角度姿态	-11.06	-1.19
Mac:DA:3E:20:B6:30:BA传感器0	-0.15	-0.25	0.63	-2.69	-2.69	-21.06	-11.79	0.93	76.46	相对角度姿态	-11.79	0.93
Mac:DA:3E:20:B6:30:BA传感器0	-0.14	-0.27	0.43	4.94	4.94	-13.85	-13.15	2.82	75.8	相对角度姿态	-13.15	2.82
Mac:DA:3E:20:B6:30:BA传感器0	-0.09	0	0.68	73.67	73.67	-6.9	-9.71	2.35	75.49	相对角度姿态	-9.71	2.35
Mac:DA:3E:20:B6:30:BA传感器0	0.15	0.17	1.16	100.59	100.59	-24.84	-1.5	-0.29	74.45	相对角度姿态	-1.5	-0.29
Mac:DA:3E:20:B6:30:BA传感器0	-0.06	0.21	1.26	51.15	51.15	-4.27	5.91	0.35	73.76	相对角度姿态	5.91	0.35
Mac:DA:3E:20:B6:30:BA传感器0	-0.13	0.32	1.65	74.16	74.16	1.4	13.28	-0.88	74.6	相对角度姿态	13.28	-0.88
Mac:DA:3E:20:B6:30:BA传感器0	-0.03	0.26	1.25	1.65	1.65	-1.71	16.41	0.45	75.22	相对角度姿态	16.41	0.45
Mac:DA:3E:20:B6:30:BA传感器0	-0.06	0.22	1.02	-28.63	-28.63	6.23	14.84	0.34	76.23	相对角度姿态	14.84	0.34
Mac:DA:3E:20:B6:30:BA传感器0	-0.13	0.23	0.89	-20.26	-20.26	10.07	11.87	0.99	77.65	相对角度姿态	11.87	0.99
Mac:DA:3E:20:B6:30:BA传感器0	-0.04	0.16	0.85	-7.63	-7.63	2.38	9.68	0.84	78.2	相对角度姿态	9.68	0.84
Mac:DA:3E:20:B6:30:BA传感器0	-0.02	0.14	0.91	-13.85	-13.85	-8.24	8.72	0.25	78.16	相对角度姿态	8.72	0.25
Mac:DA:3E:20:B6:30:BA传感器0	-0.04	0.12	0.96	3.97	3.97	-1.71	8.55	0.65	78.23	相对角度姿态	8.55	0.65
Mac:DA:3E:20:B6:30:BA传感器0	-0.06	0.13	0.95	-0.73	-0.73	-3.3	8.61	1.51	78.51	相对角度姿态	8.61	1.51
Mac:DA:3E:20:B6:30:BA传感器0	-0.02	0.1	0.89	10.74	10.74	1.89	8.06	1.3	78.29	相对角度姿态	8.06	1.3
Mac:DA:3E:20:B6:30:BA传感器0	-0.08	0.19	1.03	-15.81	-15.81	-6.23	8.83	1.43	79	相对角度姿态	8.83	1.43
Mac:DA:3E:20:B6:30:BA传感器0	0.02	0.19	1.06	8.12	8.12	-0.37	8.65	1.55	79.02	相对角度姿态	8.65	1.55
Mac:DA:3E:20:B6:30:BA传感器0	0.28	0.2	0.88	19.29	19.29	-7.32	9.71	1.97	78.9	相对角度姿态	9.71	1.97
Mac:DA:3E:20:B6:30:BA传感器0	0.17	0.39	0.86	31.31	31.31	-8	12.4	3.22	78.88	相对角度姿态	12.4	3.22
Mac:DA:3E:20:B6:30:BA传感器0	0.11	0.31	0.72	-45.72	-45.72	12.63	13.05	4.65	79.37	相对角度姿态	13.05	4.65
Mac:DA:3E:20:B6:30:BA传感器0	-0.13	0.29	0.63	-31.8	-31.8	104	9.74	2.26	83.42	相对角度姿态	9.74	2.26
Mac:DA:3E:20:B6:30:BA传感器0	-0.79	0.21	0.77	-2.2	-2.2	107.6	9.38	3.5	94.28	相对角度姿态	9.38	3.5
Mac:DA:3E:20:B6:30:BA传感器0	-0.73	0.12	1.13	-9.52	-9.52	38.39	10.52	6.31	101.79	相对角度姿态	10.52	6.31
Mac:DA:3E:20:B6:30:BA传感器0	-0.24	0.07	0.91	-12.76	-12.76	12.76	8.67	10.13	104.3	相对角度姿态	8.67	10.13
Mac:DA:3E:20:B6:30:BA传感器0	-0.18	0.12	0.93	-4.88	-4.88	9.83	7.87	12.5	105.05	相对角度姿态	7.87	12.5
Mac:DA:3E:20:B6:30:BA传感器0	-0.21	0.14	1.01	-9.58	-9.58	4.64	7.74	13.39	105.09	相对角度姿态	7.74	13.39
Mac:DA:3E:20:B6:30:BA传感器0	-0.15	0.12	0.92	-8.54	-8.54	-0.73	7.26	13.76	104.68	相对角度姿态	7.26	13.76
Mac:DA:3E:20:B6:30:BA传感器0	-0.16	0.12	0.98	3.42	3.42	0.92	7.01	13.41	104.1	相对角度姿态	7.01	13.41
Mac:DA:3E:20:B6:30:BA传感器0	-0.16	0.08	0.9	-4.15	-4.15	-0.06	6.57	13.47	103.53	相对角度姿态	6.57	13.47
Mac:DA:3E:20:B6:30:BA传感器0	-0.16	0.11	0.95	0.12	0.12	-1.77	6.71	13.27	102.86	相对角度姿态	6.71	13.27
Mac:DA:3E:20:B6:30:BA传感器0	-0.18	0.15	0.93	7.87	7.87	2.69	7.15	13.67	102.57	相对角度姿态	7.15	13.67
Mac:DA:3E:20:B6:30:BA传感器0	-0.16	0.12	0.91	-4.52	-4.52	1.04	7.06	13.83	102.29	相对角度姿态	7.06	13.83
Mac:DA:3E:20:B6:30:BA传感器0	-0.15	0.13	0.97	-0.24	-0.24	8.06	7.09	13.06	102.21	相对角度姿态	7.09	13.06
Mac:DA:3E:20:B6:30:BA传感器0	-0.21	0.15	0.94	3.66	3.66	2.2	7.19	13.05	102.42	相对角度姿态	7.19	13.05
Mac:DA:3E:20:B6:30:BA传感器0	-0.09	0.08	0.96	5.13	5.13	0.55	7.11	12.31	101.99	相对角度姿态	7.11	12.31
Mac:DA:3E:20:B6:30:BA传感器0	-0.12	0.12	0.95	-8.3	-8.3	5.07	6.84	11.28	101.69	相对角度姿态	6.84	11.28
Mac:DA:3E:20:B6:30:BA传感器0	-0.16	0.14	0.93	-9.4	-9.4	4.33	6.1	9.77	102.11	相对角度姿态	6.1	9.77
Mac:DA:3E:20:B6:30:BA传感器0	-0.06	0.06	0.96	-3.78	-3.78	-1.4	5.02	8.73	102.2	相对角度姿态	5.02	8.73
Mac:DA:3E:20:B6:30:BA传感器0	-0.13	0.09	0.97	2.75	2.75	-1.04	4.91	9.35	102.09	相对角度姿态	4.91	9.35
Mac:DA:3E:20:B6:30:BA传感器0	-0.1	0.08	0.97	-2.01	-2.01	-3.78	5.1	9	101.66	相对角度姿态	5.1	9
Mac:DA:3E:20:B6:30:BA传感器0	-0.1	0.1	0.96	0.61	0.61	-0.67	5.33	8.43	101.3	相对角度姿态	5.33	8.43
Mac:DA:3E:20:B6:30:BA传感器0	-0.13	0.13	0.95	7.26	7.26	1.71	5.75	8.26	101.19	相对角度姿态	5.75	8.26
Mac:DA:3E:20:B6:30:BA传感器0	-0.1	0.11	0.95	4.82	4.82	1.4	6.11	8.14	100.95	相对角度姿态	6.11	8.14
Mac:DA:3E:20:B6:30:BA传感器0	-0.11	0.11	0.93	5.8	5.8	0	6.49	8.25	100.8	相对角度姿态	6.49	8.25
Mac:DA:3E:20:B6:30:BA传感器0	-0.09	0.12	0.98	0.18	0.18	1.34	6.88	8.09	100.63	相对角度姿态	6.88	8.09
Mac:DA:3E:20:B6:30:BA传感器0	-0.11	0.13	0.95	0.24	0.24	1.04	6.92	7.94	100.57	相对角度姿态	6.92	7.94
Mac:DA:3E:20:B6:30:BA传感器0	-0.11	0.13	0.96	2.32	2.32	-1.16	7.12	8.03	100.4	相对角度姿态	7.12	8.03
Mac:DA:3E:20:B6:30:BA传感器0	-0.13	0.11	0.95	-4.33	-4.33	-1.22	6.99	8.24	100.21	相对角度姿态	6.99	8.24
Mac:DA:3E:20:B6:30:BA传感器0	-0.12	0.14	0.95	4.27	4.27	0	7.2	8.65	100.05	相对角度姿态	7.2	8.65
Mac:DA:3E:20:B6:30:BA传感器0	-0.14	0.14	0.95	-1.34	-1.34	0.12	7.25	8.91	99.96	相对角度姿态	7.25	8.91
Mac:DA:3E:20:B6:30:BA传感器0	-0.12	0.12	0.93	-2.99	-2.99	0.98	7.05	8.77	99.82	相对角度姿态	7.05	8.77
Mac:DA:3E:20:B6:30:BA传感器0	-0.12	0.13	0.95	-2.93	-2.93	-0.55	7.09	8.71	99.71	相对角度姿态	7.09	8.71
Mac:DA:3E:20:B6:30:BA传感器0	-0.14	0.13	0.94	-1.16	-1.16	-1.53	7.12	8.67	99.52	相对角度姿态	7.12	8.67
Mac:DA:3E:20:B6:30:BA传感器0	-0.12	0.14	0.97	-1.22	-1.22	0.98	7.19	8.2	99.33	相对角度姿态	7.19	8.2
Mac:DA:3E:20:B6:30:BA传感器0	-0.12	0.13	0.93	-1.46	-1.46	-0.55	7.12	8	99.21	相对角度姿态	7.12	8
Mac:DA:3E:20:B6:30:BA传感器0	-0.12	0.14	0.95	2.01	2.01	-0.43	7.14	7.72	99.15	相对角度姿态	7.14	7.72
Mac:DA:3E:20:B6:30:BA传感器0	-0.11	0.13	0.94	0.31	0.31	1.53	7.07	7.44	99	相对角度姿态	7.07	7.44
Mac:DA:3E:20:B6:30:BA传感器0	-0.1	0.13	0.95	1.4	1.4	2.01	7.08	7.39	98.85	相对角度姿态	7.08	7.39
Mac:DA:3E:20:B6:30:BA传感器0	-0.12	0.13	0.97	0.61	0.61	0.49	7.27	7.59	98.82	相对角度姿态	7.27	7.59
Mac:DA:3E:20:B6:30:BA传感器0	-0.14	0.12	0.93	1.65	1.65	-0.18	7.33	8.09	98.83	相对角度姿态	7.33	8.09
Mac:DA:3E:20:B6:30:BA传感器0	-0.11	0.15	0.96	2.2	2.2	-0.06	7.7	8.06	98.76	相对角度姿态	7.7	8.06
Mac:DA:3E:20:B6:30:BA传感器0	-0.16	0.17	1.23	28.75	28.75	2.62	9.07	8.77	99.03	相对角度姿态	9.07	8.77
Mac:DA:3E:20:B6:30:BA传感器0	-0.42	0.41	1.68	42.91	42.91	-0.06	12.63	9.67	99.22	相对角度姿态	12.63	9.67
Mac:DA:3E:20:B6:30:BA传感器0	-0.23	0.56	1.69	4.03	4.03	4.39	14.09	7.92	98.48	相对角度姿态	14.09	7.92
Mac:DA:3E:20:B6:30:BA传感器0	-0.23	0.81	0.75	-86.18	-86.18	-11.6	10.51	7.44	98.77	相对角度姿态	10.51	7.44
Mac:DA:3E:20:B6:30:BA传感器0	-0.14	-0.15	-0.27	-86.73	-86.73	-20.45	-3.38	7.98	96.43	相对角度姿态	-3.38	7.98
Mac:DA:3E:20:B6:30:BA传感器0	0.04	-0.37	0.45	-16.6	-16.6	-10.01	-12.01	8.65	94.97	相对角度姿态	-12.01	8.65
Mac:DA:3E:20:B6:30:BA传感器0	-0.06	-0.16	0.95	13.85	13.85	3.36	-13.08	6.47	96.12	相对角度姿态	-13.08	6.47
Mac:DA:3E:20:B6:30:BA传感器0	-0.1	-0.18	1.01	3.3	3.3	-8.3	-12.91	6.42	95.97	相对角度姿态	-12.91	6.42
Mac:DA:3E:20:B6:30:BA传感器0	-0.12	-0.13	1.05	1.53	1.53	0.24	-12.34	6.32	95.86	相对角度姿态	-12.34	6.32
Mac:DA:3E:20:B6:30:BA传感器0	-0.08	-0.16	1.02	1.53	1.53	2.26	-11.67	6.18	95.76	相对角度姿态	-11.67	6.18
Mac:DA:3E:20:B6:30:BA传感器0	-0.15	-0.13	0.99	2.75	2.75	-1.04	-11.07	6.09	96.1	相对角度姿态	-11.07	6.09
Mac:DA:3E:20:B6:30:BA传感器0	-0.13	-0.11	1.02	7.32	7.32	-3.3	-10.67	6.08	96.11	相对角度姿态	-10.67	6.08
Mac:DA:3E:20:B6:30:BA传感器0	-0.17	-0.13	0.99	1.89	1.89	-2.44	-10.24	6.01	96.06	相对角度姿态	-10.24	6.01
Mac:DA:3E:20:B6:30:BA传感器0	-0.33	-0.13	0.99	3.23	3.23	-2.56	-9.7	5.81	96.09	相对角度姿态	-9.7	5.81
Mac:DA:3E:20:B6:30:BA传感器0	-0.5	-0.12	0.95	7.32	7.32	-17.52	-9.44	6.87	95.02	相对角度姿态	-9.44	6.87
Mac:DA:3E:20:B6:30:BA传感器0	-0.52	-0.11	0.97	16.42	16.42	-16.11	-8.52	6.24	93.37	相对角度姿态	-8.52	6.24
Mac:DA:3E:20:B6:30:BA传感器0	-0.49	0.29	0.92	16.48	16.48	-85.02	-6.92	6.12	89.63	相对角度姿态	-6.92	6.12
Mac:DA:3E:20:B6:30:BA传感器0	0.42	0.04	0.96	-43.88	-43.88	-106.81	-8.93	4	80.06	相对角度姿态	-8.93	4
Mac:DA:3E:20:B6:30:BA传感器0	0.73	-0.15	1.11	43.7	43.7	-34.36	-7.58	-1.08	74.82	相对角度姿态	-7.58	-1.08
Mac:DA:3E:20:B6:30:BA传感器0	0.21	-0.21	1.07	-27.65	-27.65	-10.01	-6.73	-2.76	72.24	相对角度姿态	-6.73	-2.76
Mac:DA:3E:20:B6:30:BA传感器0	-0.03	-0.15	1.04	4.7	4.7	14.16	-8.84	-3.01	72.76	相对角度姿态	-8.84	-3.01
Mac:DA:3E:20:B6:30:BA传感器0	-0.13	-0.04	1.14	5	5	-15.87	-8.46	-2.2	73.69	相对角度姿态	-8.46	-2.2
Mac:DA:3E:20:B6:30:BA传感器0	0.07	-0.2	1.01	3.66	3.66	-4.64	-9.14	-1.72	73.19	相对角度姿态	-9.14	-1.72
Mac:DA:3E:20:B6:30:BA传感器0	-0.02	-0.18	1.05	6.23	6.23	4.21	-9.09	-1.29	74.13	相对角度姿态	-9.09	-1.29
Mac:DA:3E:20:B6:30:BA传感器0	-0.06	-0.14	1.02	5.8	5.8	-0.79	-8.86	-1.04	74.97	相对角度姿态	-8.86	-1.04
Mac:DA:3E:20:B6:30:BA传感器0	-0.04	-0.2	1	5.13	5.13	-4.58	-8.8	-0.64	75.33	相对角度姿态	-8.8	-0.64
Mac:DA:3E:20:B6:30:BA传感器0	-0.1	-0.18	0.93	-4.39	-4.39	-2.01	-9.31	0.01	75.87	相对角度姿态	-9.31	0.01
Mac:DA:3E:20:B6:30:BA传感器0	-0.03	-0.17	0.79	22.95	22.95	-21.36	-8.28	0.21	75.27	相对角度姿态	-8.28	0.21
Mac:DA:3E:20:B6:30:BA传感器0	-0.08	-0.25	0.34	-7.63	-7.63	-14.71	-8.31	3.41	72.93	相对角度姿态	-8.31	3.41
Mac:DA:3E:20:B6:30:BA传感器0	-0.05	-0.07	0.37	14.22	14.22	4.88	-10	4.84	72.91	相对角度姿态	-10	4.84
Mac:DA:3E:20:B6:30:BA传感器0	-0.35	0.4	1.22	132.39	132.39	43.7	-1.19	4.57	76.18	相对角度姿态	-1.19	4.57
Mac:DA:3E:20:B6:30:BA传感器0	-0.25	0.49	1.46	40.95	40.95	1.34	10.15	2.96	78.8	相对角度姿态	10.15	2.96
Mac:DA:3E:20:B6:30:BA传感器0	-0.08	0.24	1.33	38.64	38.64	3.66	12.21	1.24	78.71	相对角度姿态	12.21	1.24
Mac:DA:3E:20:B6:30:BA传感器0	-0.08	0.24	1.25	3.48	3.48	-0.18	14.56	1.07	79.26	相对角度姿态	14.56	1.07
Mac:DA:3E:20:B6:30:BA传感器0	-0.14	0.28	0.99	-17.94	-17.94	-0.55	13.52	1.65	79.85	相对角度姿态	13.52	1.65
Mac:DA:3E:20:B6:30:BA传感器0	-0.08	0.17	0.85	-5.8	-5.8	-2.62	11.05	1.52	79.45	相对角度姿态	11.05	1.52
Mac:DA:3E:20:B6:30:BA传感器0	-0.04	0.14	0.83	-7.32	-7.32	-0.55	9.96	1.49	79.39	相对角度姿态	9.96	1.49
Mac:DA:3E:20:B6:30:BA传感器0	-0.07	0.18	0.89	-1.28	-1.28	2.32	10.34	2.22	80.05	相对角度姿态	10.34	2.22
Mac:DA:3E:20:B6:30:BA传感器0	-0.08	0.19	0.92	3.23	3.23	0.79	10.54	2.4	80.36	相对角度姿态	10.54	2.4
Mac:DA:3E:20:B6:30:BA传感器0	-0.09	0.2	0.94	2.5	2.5	0.24	10.79	2.24	80.74	相对角度姿态	10.79	2.24
Mac:DA:3E:20:B6:30:BA传感器0	-0.08	0.2	0.94	0.24	0.24	-2.08	11.02	2.43	80.9	相对角度姿态	11.02	2.43
Mac:DA:3E:20:B6:30:BA传感器0	-0.06	0.18	0.92	1.1	1.1	0.49	11.21	2.61	81.05	相对角度姿态	11.21	2.61
Mac:DA:3E:20:B6:30:BA传感器0	-0.07	0.21	0.96	13.67	13.67	1.89	11.85	2.8	81.54	相对角度姿态	11.85	2.8
Mac:DA:3E:20:B6:30:BA传感器0	0.07	0.3	1.03	48.58	48.58	-44.13	14.47	6.12	80.56	相对角度姿态	14.47	6.12
Mac:DA:3E:20:B6:30:BA传感器0	0.34	0.43	1.03	10.5	10.5	-29.91	17.52	8.42	77.5	相对角度姿态	17.52	8.42
Mac:DA:3E:20:B6:30:BA传感器0	0.25	0.51	0.8	-43.09	-43.09	-13.49	16.23	9.61	75.53	相对角度姿态	16.23	9.61
Mac:DA:3E:20:B6:30:BA传感器0	0.32	0.36	0.7	-43.95	-43.95	39.92	12.91	7.17	74.34	相对角度姿态	12.91	7.17
Mac:DA:3E:20:B6:30:BA传感器0	-0.55	0.44	0.9	-20.45	-20.45	138.55	12.64	4.73	84.33	相对角度姿态	12.64	4.73
Mac:DA:3E:20:B6:30:BA传感器0	-1.06	0.08	0.81	-45.35	-45.35	80.08	10.59	5.21	95.53	相对角度姿态	10.59	5.21
Mac:DA:3E:20:B6:30:BA传感器0	-0.58	-0.07	0.84	-17.82	-17.82	1.04	8.16	10.84	100.6	相对角度姿态	8.16	10.84
Mac:DA:3E:20:B6:30:BA传感器0	-0.12	0.04	0.96	-4.15	-4.15	14.89	6.42	11.84	101.13	相对角度姿态	6.42	11.84
Mac:DA:3E:20:B6:30:BA传感器0	-0.18	0.09	0.92	1.53	1.53	13.55	7.15	13.05	102.72	相对角度姿态	7.15	13.05
Mac:DA:3E:20:B6:30:BA传感器0	-0.2	0.14	0.97	-5.68	-5.68	-1.83	7.28	14.11	102.35	相对角度姿态	7.28	14.11
Mac:DA:3E:20:B6:30:BA传感器0	-0.25	0.12	0.89	-11.35	-11.35	2.26	6.59	15.01	101.96	相对角度姿态	6.59	15.01
Mac:DA:3E:20:B6:30:BA传感器0	-0.24	0.09	0.86	-4.15	-4.15	-2.44	5.88	15.56	101.43	相对角度姿态	5.88	15.56
Mac:DA:3E:20:B6:30:BA传感器0	-0.16	0.1	0.95	1.46	1.46	-2.62	6.08	15.4	100.72	相对角度姿态	6.08	15.4
Mac:DA:3E:20:B6:30:BA传感器0	-0.19	0.15	0.98	1.04	1.04	1.46	6.49	14.97	100.5	相对角度姿态	6.49	14.97
Mac:DA:3E:20:B6:30:BA传感器0	-0.22	0.11	0.91	0.37	0.37	2.62	6.46	14.72	100.43	相对角度姿态	6.46	14.72
Mac:DA:3E:20:B6:30:BA传感器0	-0.19	0.13	0.95	5.55	5.55	1.65	6.94	14.32	100.35	相对角度姿态	6.94	14.32
Mac:DA:3E:20:B6:30:BA传感器0	-0.21	0.14	0.92	-4.58	-4.58	4.33	7.11	13.62	100.39	相对角度姿态	7.11	13.62
Mac:DA:3E:20:B6:30:BA传感器0	-0.2	0.17	0.99	4.7	4.7	-0.43	7.56	13.43	100.1	相对角度姿态	7.56	13.43
Mac:DA:3E:20:B6:30:BA传感器0	-0.18	0.14	0.96	0.98	0.98	2.75	7.54	13.11	99.73	相对角度姿态	7.54	13.11
Mac:DA:3E:20:B6:30:BA传感器0	-0.17	0.13	0.92	1.22	1.22	4.09	7.38	12.62	99.65	相对角度姿态	7.38	12.62
Mac:DA:3E:20:B6:30:BA传感器0	-0.17	0.14	0.93	0.24	0.24	1.71	7.54	12.4	99.45	相对角度姿态	7.54	12.4
Mac:DA:3E:20:B6:30:BA传感器0	-0.17	0.14	0.93	-1.04	-1.04	0.85	7.49	12.15	99.32	相对角度姿态	7.49	12.15
Mac:DA:3E:20:B6:30:BA传感器0	-0.15	0.15	0.95	4.76	4.76	0.79	7.72	11.88	99.17	相对角度姿态	7.72	11.88
Mac:DA:3E:20:B6:30:BA传感器0	-0.17	0.15	0.93	-1.04	-1.04	1.1	7.93	11.78	99.01	相对角度姿态	7.93	11.78
Mac:DA:3E:20:B6:30:BA传感器0	-0.17	0.15	0.93	3.36	3.36	2.62	8.03	11.71	98.91	相对角度姿态	8.03	11.71
Mac:DA:3E:20:B6:30:BA传感器0	-0.16	0.16	0.94	1.16	1.16	3.23	8.29	11.17	99.11	相对角度姿态	8.29	11.17
Mac:DA:3E:20:B6:30:BA传感器0	-0.15	0.14	0.92	-0.98	-0.98	1.83	8.22	10.99	99.08	相对角度姿态	8.22	10.99
Mac:DA:3E:20:B6:30:BA传感器0	-0.14	0.14	0.93	-1.77	-1.77	0.06	8.11	10.87	98.88	相对角度姿态	8.11	10.87
Mac:DA:3E:20:B6:30:BA传感器0	-0.15	0.15	0.93	-0.98	-0.98	0.79	8.15	10.74	98.72	相对角度姿态	8.15	10.74
Mac:DA:3E:20:B6:30:BA传感器0	-0.14	0.16	0.94	-0.92	-0.92	2.56	8.23	10.34	98.62	相对角度姿态	8.23	10.34
Mac:DA:3E:20:B6:30:BA传感器0	-0.15	0.14	0.94	-0.12	-0.12	1.04	8.27	10.13	98.59	相对角度姿态	8.27	10.13
Mac:DA:3E:20:B6:30:BA传感器0	-0.16	0.15	0.94	1.34	1.34	-1.95	8.31	10.17	98.38	相对角度姿态	8.31	10.17
Mac:DA:3E:20:B6:30:BA传感器0	-0.13	0.15	0.93	-0.98	-0.98	-1.77	8.3	10.1	98.01	相对角度姿态	8.3	10.1
Mac:DA:3E:20:B6:30:BA传感器0	-0.17	0.16	0.92	-7.45	-7.45	-3.23	8.23	10.13	97.81	相对角度姿态	8.23	10.13
Mac:DA:3E:20:B6:30:BA传感器0	-0.15	0.17	0.93	-1.46	-1.46	-5.49	8.32	10.27	97.48	相对角度姿态	8.32	10.27
Mac:DA:3E:20:B6:30:BA传感器0	-0.16	0.14	0.93	-5.98	-5.98	2.26	8.06	10.27	97.21	相对角度姿态	8.06	10.27
Mac:DA:3E:20:B6:30:BA传感器0	-0.17	0.15	0.93	-1.4	-1.4	1.34	8.31	9.88	97.27	相对角度姿态	8.31	9.88
Mac:DA:3E:20:B6:30:BA传感器0	-0.18	0.15	0.92	-3.78	-3.78	-0.92	8.34	9.81	97.4	相对角度姿态	8.34	9.81
Mac:DA:3E:20:B6:30:BA传感器0	-0.16	0.16	0.93	-0.24	-0.24	-0.98	8.5	9.82	97.41	相对角度姿态	8.5	9.82
Mac:DA:3E:20:B6:30:BA传感器0	-0.15	0.16	0.93	1.65	1.65	1.04	8.71	9.88	97.32	相对角度姿态	8.71	9.88
Mac:DA:3E:20:B6:30:BA传感器0	-0.16	0.17	0.93	0.49	0.49	-0.61	9.02	9.89	97.3	相对角度姿态	9.02	9.89
Mac:DA:3E:20:B6:30:BA传感器0	-0.12	0.17	0.95	0.06	0.06	0.18	8.89	9.72	97.22	相对角度姿态	8.89	9.72
Mac:DA:3E:20:B6:30:BA传感器0	-0.17	0.16	0.91	2.69	2.69	1.16	8.92	9.86	97.37	相对角度姿态	8.92	9.86
Mac:DA:3E:20:B6:30:BA传感器0	-0.14	0.16	0.93	6.96	6.96	0.92	9.43	9.67	97.26	相对角度姿态	9.43	9.67
Mac:DA:3E:20:B6:30:BA传感器0	-0.2	0.17	1.01	16.48	16.48	6.1	10.56	9.54	97.62	相对角度姿态	10.56	9.54
Mac:DA:3E:20:B6:30:BA传感器0	-0.3	0.44	1.35	88.81	88.81	16.05	16.21	10.29	98.57	相对角度姿态	16.21	10.29
Mac:DA:3E:20:B6:30:BA传感器0	-0.14	0.62	1.57	0	0	-3.91	21.74	8.22	98.48	相对角度姿态	21.74	8.22
Mac:DA:3E:20:B6:30:BA传感器0	-0.09	0.68	1.31	-70.19	-70.19	7.39	16.39	4.82	98.42	相对角度姿态	16.39	4.82
Mac:DA:3E:20:B6:30:BA传感器0	-0.07	0.43	0.48	-148.32	-148.32	-0.61	6.75	6.15	99.06	相对角度姿态	6.75	6.15
Mac:DA:3E:20:B6:30:BA传感器0	-0.14	-0.29	-0.12	-112.37	-112.37	-6.04	-4.87	9.6	97.47	相对角度姿态	-4.87	9.6
Mac:DA:3E:20:B6:30:BA传感器0	-0.01	-0.32	0.59	-22.89	-22.89	20.63	-10.43	8.23	97.39	相对角度姿态	-10.43	8.23
Mac:DA:3E:20:B6:30:BA传感器0	0.01	-0.22	0.94	2.75	2.75	0.67	-11.04	5.52	98.3	相对角度姿态	-11.04	5.52
Mac:DA:3E:20:B6:30:BA传感器0	-0.07	-0.14	0.98	1.1	1.1	11.47	-10.79	5.25	98.38	相对角度姿态	-10.79	5.25
Mac:DA:3E:20:B6:30:BA传感器0	-0.04	-0.09	1.09	6.77	6.77	-7.69	-10.04	4.84	98.35	相对角度姿态	-10.04	4.84
Mac:DA:3E:20:B6:30:BA传感器0	-0.08	-0.18	0.99	2.2	2.2	8.91	-9.98	4.63	98.55	相对角度姿态	-9.98	4.63
Mac:DA:3E:20:B6:30:BA传感器0	-0.37	-0.15	1.01	9.58	9.58	-0.24	-9.26	4.84	99.72	相对角度姿态	-9.26	4.84
Mac:DA:3E:20:B6:30:BA传感器0	-0.65	-0.03	0.95	-0.37	-0.37	-16.66	-8.58	6.36	99.09	相对角度姿态	-8.58	6.36
Mac:DA:3E:20:B6:30:BA传感器0	-0.72	0.32	0.98	-30.76	-30.76	-38.27	-8.44	4.31	96.53	相对角度姿态	-8.44	4.31
Mac:DA:3E:20:B6:30:BA传感器0	0.34	-0.02	0.96	-9.89	-9.89	-140.5	-11.24	2.54	86.37	相对角度姿态	-11.24	2.54
Mac:DA:3E:20:B6:30:BA传感器0	0.56	-0.26	0.98	-18.86	-18.86	-33.57	-13.49	2.13	79.38	相对角度姿态	-13.49	2.13
Mac:DA:3E:20:B6:30:BA传感器0	0.27	-0.19	1.13	17.09	17.09	-29.54	-11.71	1.94	75.92	相对角度姿态	-11.71	1.94
Mac:DA:3E:20:B6:30:BA传感器0	0.07	-0.27	1.05	5.68	5.68	-5.74	-11.21	-0.66	75.54	相对角度姿态	-11.21	-0.66
Mac:DA:3E:20:B6:30:BA传感器0	-0.06	-0.16	1.1	-16.72	-16.72	-2.01	-10.51	-2.09	76.71	相对角度姿态	-10.51	-2.09
Mac:DA:3E:20:B6:30:BA传感器0	-0.09	-0.17	1.04	4.33	4.33	2.32	-11.02	-2.58	77.74	相对角度姿态	-11.02	-2.58
Mac:DA:3E:20:B6:30:BA传感器0	-0.05	-0.22	1.03	5.31	5.31	-13.92	-10.77	-2.35	77.85	相对角度姿态	-10.77	-2.35
Mac:DA:3E:20:B6:30:BA传感器0	-0.12	-0.18	0.96	5.43	5.43	-8.91	-10.93	-2.01	78.06	相对角度姿态	-10.93	-2.01
Mac:DA:3E:20:B6:30:BA传感器0	0.04	-0.3	0.92	23.44	23.44	-15.26	-11.36	-3.21	77.73	相对角度姿态	-11.36	-3.21
Mac:DA:3E:20:B6:30:BA传感器0	-0.04	-0.17	0.79	-14.95	-14.95	-13.55	-10.88	-2.36	77.22	相对角度姿态	-10.88	-2.36
Mac:DA:3E:20:B6:30:BA传感器0	-0.03	-0.24	0.48	-11.9	-11.9	-48.34	-12.62	-0.96	74.79	相对角度姿态	-12.62	-0.96
Mac:DA:3E:20:B6:30:BA传感器0	0.02	-0.3	0.39	-2.81	-2.81	-8.36	-14.04	0.11	71.76	相对角度姿态	-14.04	0.11
Mac:DA:3E:20:B6:30:BA传感器0	-0.03	0.15	1.14	104.43	104.43	15.32	-9.5	-2.82	73.89	相对角度姿态	-9.5	-2.82
Mac:DA:3E:20:B6:30:BA传感器0	-0.07	0.35	1.77	117.07	117.07	9.34	3.11	-3.54	75.91	相对角度姿态	3.11	-3.54
Mac:DA:3E:20:B6:30:BA传感器0	-0.14	0.32	1.55	32.23	32.23	-6.47	12.3	-3.42	76.57	相对角度姿态	12.3	-3.42
Mac:DA:3E:20:B6:30:BA传感器0	-0.03	0.21	1.15	-15.44	-15.44	-4.94	12.19	-3.93	76.31	相对角度姿态	12.19	-3.93
Mac:DA:3E:20:B6:30:BA传感器0	-0.03	0.16	0.84	-19.53	-19.53	2.32	9.53	-3.6	76.58	相对角度姿态	9.53	-3.6
Mac:DA:3E:20:B6:30:BA传感器0	-0.04	0.13	0.84	-4.52	-4.52	4.39	7.97	-3.08	77.48	相对角度姿态	7.97	-3.08
Mac:DA:3E:20:B6:30:BA传感器0	-0.05	0.13	0.92	-2.01	-2.01	0.49	7.86	-1.87	78.18	相对角度姿态	7.86	-1.87
Mac:DA:3E:20:B6:30:BA传感器0	-0.07	0.13	0.93	-3.97	-3.97	-2.2	7.9	-1.08	78.69	相对角度姿态	7.9	-1.08
Mac:DA:3E:20:B6:30:BA传感器0	0	0.17	0.96	7.51	7.51	-6.47	8.36	-0.83	78.81	相对角度姿态	8.36	-0.83
Mac:DA:3E:20:B6:30:BA传感器0	0.01	0.17	0.99	12.63	12.63	-1.28	10.35	0.4	79.12	相对角度姿态	10.35	0.4
Mac:DA:3E:20:B6:30:BA传感器0	0.02	0.17	0.92	9.7	9.7	4.27	10.48	0.63	79.45	相对角度姿态	10.48	0.63
Mac:DA:3E:20:B6:30:BA传感器0	0.09	0.33	0.95	21.06	21.06	-11.17	11.71	2.07	79.98	相对角度姿态	11.71	2.07
Mac:DA:3E:20:B6:30:BA传感器0	0.35	0.33	0.88	13.55	13.55	-34.18	13.04	5.48	79.26	相对角度姿态	13.04	5.48
Mac:DA:3E:20:B6:30:BA传感器0	0.26	0.35	0.76	1.71	1.71	14.59	14.44	8.5	80.59	相对角度姿态	14.44	8.5
Mac:DA:3E:20:B6:30:BA传感器0	0.01	0.44	1.04	-22.34	-22.34	95.21	13.85	5.01	85.87	相对角度姿态	13.85	5.01
Mac:DA:3E:20:B6:30:BA传感器0	-0.77	0.45	0.82	-39.43	-39.43	105.53	12.74	2.29	93.87	相对角度姿态	12.74	2.29
Mac:DA:3E:20:B6:30:BA传感器0	-0.29	0.12	0.87	18.92	18.92	21.91	12.84	6.37	105.34	相对角度姿态	12.84	6.37
Mac:DA:3E:20:B6:30:BA传感器0	-0.29	0.12	0.87	18.92	18.92	21.91	12.84	6.37	105.34	相对角度姿态	12.84	6.37
Mac:DA:3E:20:B6:30:BA传感器0	-0.11	0.18	0.9	-2.2	-2.2	-1.1	12.92	8.48	105.72	相对角度姿态	12.92	8.48
Mac:DA:3E:20:B6:30:BA传感器0	-0.11	0.23	1.01	-11.78	-11.78	1.95	12.64	9.48	105.41	相对角度姿态	12.64	9.48
Mac:DA:3E:20:B6:30:BA传感器0	-0.13	0.2	0.91	-3.11	-3.11	4.76	11.78	10.16	105.27	相对角度姿态	11.78	10.16
Mac:DA:3E:20:B6:30:BA传感器0	-0.13	0.2	0.89	-3.23	-3.23	-0.55	11.37	10.22	104.86	相对角度姿态	11.37	10.22
Mac:DA:3E:20:B6:30:BA传感器0	-0.13	0.19	0.9	2.01	2.01	-2.93	11.22	10.26	103.49	相对角度姿态	11.22	10.26
Mac:DA:3E:20:B6:30:BA传感器0	-0.13	0.19	0.9	2.01	2.01	-2.93	11.22	10.26	103.49	相对角度姿态	11.22	10.26
Mac:DA:3E:20:B6:30:BA传感器0	-0.11	0.2	0.95	-1.89	-1.89	-3.91	11.28	9.84	102.77	相对角度姿态	11.28	9.84
Mac:DA:3E:20:B6:30:BA传感器0	-0.11	0.19	0.91	-4.09	-4.09	-4.15	10.92	9.61	102.12	相对角度姿态	10.92	9.61
Mac:DA:3E:20:B6:30:BA传感器0	-0.1	0.19	0.93	-1.16	-1.16	-3.66	10.83	9.26	101.43	相对角度姿态	10.83	9.26
Mac:DA:3E:20:B6:30:BA传感器0	-0.09	0.19	0.95	-3.97	-3.97	-1.34	10.63	9.07	100.7	相对角度姿态	10.63	9.07
Mac:DA:3E:20:B6:30:BA传感器0	-0.14	0.18	0.91	-3.3	-3.3	-1.4	10.12	9.14	100.34	相对角度姿态	10.12	9.14
Mac:DA:3E:20:B6:30:BA传感器0	-0.09	0.18	0.93	-1.83	-1.83	-3.23	9.88	8.72	99.74	相对角度姿态	9.88	8.72
Mac:DA:3E:20:B6:30:BA传感器0	-0.1	0.17	0.93	-2.75	-2.75	-0.37	9.7	8.45	99.32	相对角度姿态	9.7	8.45
Mac:DA:3E:20:B6:30:BA传感器0	-0.11	0.18	0.95	-1.46	-1.46	1.22	9.67	8.33	99.14	相对角度姿态	9.67	8.33
Mac:DA:3E:20:B6:30:BA传感器0	-0.12	0.18	0.94	2.08	2.08	-0.98	9.54	8.12	98.87	相对角度姿态	9.54	8.12
Mac:DA:3E:20:B6:30:BA传感器0	-0.08	0.17	0.96	0	0	0.55	9.55	7.9	98.56	相对角度姿态	9.55	7.9
Mac:DA:3E:20:B6:30:BA传感器0	-0.11	0.16	0.93	-1.71	-1.71	2.32	9.35	7.9	98.51	相对角度姿态	9.35	7.9
Mac:DA:3E:20:B6:30:BA传感器0	-0.11	0.16	0.92	-1.89	-1.89	-0.61	9.23	7.98	98.44	相对角度姿态	9.23	7.98
Mac:DA:3E:20:B6:30:BA传感器0	-0.11	0.14	0.9	-1.4	-1.4	0.31	8.95	8.09	98.27	相对角度姿态	8.95	8.09
Mac:DA:3E:20:B6:30:BA传感器0	-0.13	0.17	0.93	0.31	0.31	-0.24	9.2	8.03	98.21	相对角度姿态	9.2	8.03
Mac:DA:3E:20:B6:30:BA传感器0	-0.1	0.17	0.95	-2.75	-2.75	-1.95	9.26	7.94	97.88	相对角度姿态	9.26	7.94
Mac:DA:3E:20:B6:30:BA传感器0	-0.1	0.18	0.94	-0.67	-0.67	-0.37	9.23	7.89	97.62	相对角度姿态	9.23	7.89
Mac:DA:3E:20:B6:30:BA传感器0	-0.1	0.15	0.93	-0.79	-0.79	1.65	9.15	7.75	97.58	相对角度姿态	9.15	7.75
Mac:DA:3E:20:B6:30:BA传感器0	-0.12	0.17	0.93	-1.77	-1.77	0.85	9.26	7.75	97.61	相对角度姿态	9.26	7.75
Mac:DA:3E:20:B6:30:BA传感器0	-0.12	0.17	0.93	0.92	0.92	-0.79	9.28	7.65	97.51	相对角度姿态	9.28	7.65
Mac:DA:3E:20:B6:30:BA传感器0	-0.11	0.17	0.94	-1.28	-1.28	-1.71	9.29	7.48	97.29	相对角度姿态	9.29	7.48
Mac:DA:3E:20:B6:30:BA传感器0	-0.11	0.17	0.93	-1.71	-1.71	-0.92	9.2	7.45	97.14	相对角度姿态	9.2	7.45
Mac:DA:3E:20:B6:30:BA传感器0	-0.1	0.17	0.94	-0.67	-0.67	-2.38	9.21	7.25	96.92	相对角度姿态	9.21	7.25
Mac:DA:3E:20:B6:30:BA传感器0	-0.09	0.16	0.94	0.67	0.67	-0.55	9.21	7.2	96.66	相对角度姿态	9.21	7.2
Mac:DA:3E:20:B6:30:BA传感器0	-0.12	0.17	0.94	-1.95	-1.95	-0.73	9.22	7.29	96.58	相对角度姿态	9.22	7.29
Mac:DA:3E:20:B6:30:BA传感器0	-0.12	0.16	0.93	-1.95	-1.95	-0.43	9.09	7.37	96.49	相对角度姿态	9.09	7.37
Mac:DA:3E:20:B6:30:BA传感器0	-0.11	0.16	0.92	-1.4	-1.4	-0.67	9.01	7.3	96.35	相对角度姿态	9.01	7.3
Mac:DA:3E:20:B6:30:BA传感器0	-0.11	0.17	0.94	0.24	0.24	-0.43	8.98	7.22	96.17	相对角度姿态	8.98	7.22
Mac:DA:3E:20:B6:30:BA传感器0	-0.11	0.16	0.94	-2.44	-2.44	0.73	8.85	7.3	96.12	相对角度姿态	8.85	7.3
Mac:DA:3E:20:B6:30:BA传感器0	-0.13	0.16	0.92	-1.65	-1.65	0.12	8.83	7.45	96.15	相对角度姿态	8.83	7.45
Mac:DA:3E:20:B6:30:BA传感器0	-0.13	0.16	0.94	-1.59	-1.59	-0.55	8.71	7.43	96	相对角度姿态	8.71	7.43
Mac:DA:3E:20:B6:30:BA传感器0	-0.11	0.15	0.92	-5.31	-5.31	0.98	8.22	7.2	95.92	相对角度姿态	8.22	7.2
Mac:DA:3E:20:B6:30:BA传感器0	-0.12	0.14	0.94	3.42	3.42	0.12	7.88	7.11	95.91	相对角度姿态	7.88	7.11
Mac:DA:3E:20:B6:30:BA传感器0	-0.11	0.14	0.96	-0.73	-0.73	0.67	7.89	6.93	95.85	相对角度姿态	7.89	6.93
Mac:DA:3E:20:B6:30:BA传感器0	-0.1	0.14	0.94	0.43	0.43	0.24	7.99	6.82	95.83	相对角度姿态	7.99	6.82
Mac:DA:3E:20:B6:30:BA传感器0	-0.12	0.15	0.93	-3.23	-3.23	-0.55	8.08	6.79	95.84	相对角度姿态	8.08	6.79
Mac:DA:3E:20:B6:30:BA传感器0	-0.12	0.15	0.92	-1.89	-1.89	2.75	8.07	7.04	95.98	相对角度姿态	8.07	7.04
Mac:DA:3E:20:B6:30:BA传感器0	-0.1	0.17	0.96	7.2	7.2	0.12	8.54	7.2	96.06	相对角度姿态	8.54	7.2
Mac:DA:3E:20:B6:30:BA传感器0	-0.11	0.17	0.97	0.31	0.31	1.53	8.85	7.11	96.06	相对角度姿态	8.85	7.11
Mac:DA:3E:20:B6:30:BA传感器0	-0.12	0.16	0.92	5.31	5.31	1.22	9	7.21	96.12	相对角度姿态	9	7.21
Mac:DA:3E:20:B6:30:BA传感器0	-0.08	0.17	0.94	4.82	4.82	1.1	9.37	7	96.19	相对角度姿态	9.37	7
Mac:DA:3E:20:B6:30:BA传感器0	-0.12	0.16	0.9	0.98	0.98	1.65	9.39	7.16	96.39	相对角度姿态	9.39	7.16
Mac:DA:3E:20:B6:30:BA传感器0	-0.11	0.17	0.97	1.77	1.77	1.04	9.62	7.31	96.42	相对角度姿态	9.62	7.31
Mac:DA:3E:20:B6:30:BA传感器0	-0.15	0.21	1.14	7.45	7.45	8.06	10.27	6.88	96.82	相对角度姿态	10.27	6.88
Mac:DA:3E:20:B6:30:BA传感器0	-0.18	0.35	1.37	52.49	52.49	19.23	12.65	6.6	97.78	相对角度姿态	12.65	6.6
Mac:DA:3E:20:B6:30:BA传感器0	-0.12	0.79	1.75	38.88	38.88	-12.21	19.99	6.02	99.01	相对角度姿态	19.99	6.02
Mac:DA:3E:20:B6:30:BA传感器0	-0.19	0.51	0.93	-113.34	-113.34	-16.66	12.85	9.07	97.19	相对角度姿态	12.85	9.07
Mac:DA:3E:20:B6:30:BA传感器0	-0.16	0.15	0.29	-84.53	-84.53	5.55	2.98	9.08	96.88	相对角度姿态	2.98	9.08
Mac:DA:3E:20:B6:30:BA传感器0	0.07	-0.23	0.35	-20.51	-20.51	-21.3	-3.43	10.23	97.07	相对角度姿态	-3.43	10.23
Mac:DA:3E:20:B6:30:BA传感器0	0.09	-0.36	0.59	-19.9	-19.9	19.1	-7.39	9.14	97.49	相对角度姿态	-7.39	9.14
Mac:DA:3E:20:B6:30:BA传感器0	-0.04	-0.19	0.85	-7.87	-7.87	-6.96	-7.42	8.77	98.27	相对角度姿态	-7.42	8.77
Mac:DA:3E:20:B6:30:BA传感器0	-0.08	-0.1	1.02	10.68	10.68	-2.56	-7.11	8.28	98.17	相对角度姿态	-7.11	8.28
Mac:DA:3E:20:B6:30:BA传感器0	-0.12	-0.05	1.07	-9.64	-9.64	2.01	-6.34	8.62	97.66	相对角度姿态	-6.34	8.62
Mac:DA:3E:20:B6:30:BA传感器0	-0.17	-0.09	1.02	-16.24	-16.24	4.03	-6.71	8.56	97.81	相对角度姿态	-6.71	8.56
Mac:DA:3E:20:B6:30:BA传感器0	-0.18	-0.12	0.96	-1.46	-1.46	8.61	-6.98	8.4	98.27	相对角度姿态	-6.98	8.4
Mac:DA:3E:20:B6:30:BA传感器0	-0.13	-0.08	1.04	10.56	10.56	6.84	-5.95	7.98	98.91	相对角度姿态	-5.95	7.98
Mac:DA:3E:20:B6:30:BA传感器0	-0.21	-0.08	0.99	-5.98	-5.98	1.71	-5.99	7.64	99.38	相对角度姿态	-5.99	7.64
Mac:DA:3E:20:B6:30:BA传感器0	-0.31	-0.07	0.95	-13	-13	5.68	-6.73	7.55	99.57	相对角度姿态	-6.73	7.55
Mac:DA:3E:20:B6:30:BA传感器0	-0.55	-0.06	0.97	-15.14	-15.14	4.64	-7.39	7.25	100.76	相对角度姿态	-7.39	7.25
Mac:DA:3E:20:B6:30:BA传感器0	-0.5	0.07	0.85	-16.36	-16.36	-21.61	-8.82	5.81	100.13	相对角度姿态	-8.82	5.81
Mac:DA:3E:20:B6:30:BA传感器0	-0.14	0.28	1.07	-20.08	-20.08	-110.66	-8.9	2.4	94.54	相对角度姿态	-8.9	2.4
Mac:DA:3E:20:B6:30:BA传感器0	0.61	-0.13	0.99	-28.69	-28.69	-103.52	-10.9	2.13	80.76	相对角度姿态	-10.9	2.13
Mac:DA:3E:20:B6:30:BA传感器0	0.57	-0.28	1.19	1.71	1.71	-29.48	-11.69	-1.07	76.59	相对角度姿态	-11.69	-1.07
Mac:DA:3E:20:B6:30:BA传感器0	0.11	-0.3	0.93	-19.71	-19.71	-12.21	-13.15	-1.42	75.65	相对角度姿态	-13.15	-1.42
Mac:DA:3E:20:B6:30:BA传感器0	0.04	-0.32	1.04	18.74	18.74	-8.73	-12.52	-1.19	74.97	相对角度姿态	-12.52	-1.19
Mac:DA:3E:20:B6:30:BA传感器0	0	-0.2	1.04	4.7	4.7	0.55	-11.71	-1.3	75.84	相对角度姿态	-11.71	-1.3
Mac:DA:3E:20:B6:30:BA传感器0	-0.11	-0.17	1.01	3.42	3.42	0.79	-11.42	-0.93	76.64	相对角度姿态	-11.42	-0.93
Mac:DA:3E:20:B6:30:BA传感器0	-0.09	-0.2	1.02	-4.76	-4.76	-8.67	-11.24	-0.94	77.2	相对角度姿态	-11.24	-0.94
Mac:DA:3E:20:B6:30:BA传感器0	-0.09	-0.2	1	-2.26	-2.26	-4.27	-11.09	-0.73	77.26	相对角度姿态	-11.09	-0.73
Mac:DA:3E:20:B6:30:BA传感器0	-0.09	-0.22	0.96	-4.15	-4.15	-2.01	-11.19	-0.64	77.52	相对角度姿态	-11.19	-0.64
Mac:DA:3E:20:B6:30:BA传感器0	-0.08	-0.18	0.83	-1.16	-1.16	-12.57	-11.05	-0.97	77.59	相对角度姿态	-11.05	-0.97
Mac:DA:3E:20:B6:30:BA传感器0	-0.06	-0.21	0.48	-14.1	-14.1	-13.24	-12.05	-1.44	76.48	相对角度姿态	-12.05	-1.44
Mac:DA:3E:20:B6:30:BA传感器0	-0.08	-0.21	0.37	79.16	79.16	-46.14	-12.81	-3.78	75.57	相对角度姿态	-12.81	-3.78
Mac:DA:3E:20:B6:30:BA传感器0	-0.03	0.2	0.81	132.14	132.14	-11.47	-2.78	-1.24	72.48	相对角度姿态	-2.78	-1.24
Mac:DA:3E:20:B6:30:BA传感器0	-0.09	0.46	1.33	84.84	84.84	25.39	7.43	-1.97	73.84	相对角度姿态	7.43	-1.97
Mac:DA:3E:20:B6:30:BA传感器0	-0.14	0.53	1.77	40.04	40.04	-3.42	14.55	-3.05	75.33	相对角度姿态	14.55	-3.05
Mac:DA:3E:20:B6:30:BA传感器0	-0.01	0.27	1.37	-32.29	-32.29	-15.63	14.53	-4.11	74.39	相对角度姿态	14.53	-4.11
Mac:DA:3E:20:B6:30:BA传感器0	-0.05	0.18	0.91	-36.25	-36.25	-4.27	11.1	-4.11	74.27	相对角度姿态	11.1	-4.11
Mac:DA:3E:20:B6:30:BA传感器0	-0.05	0.17	0.78	3.3	3.3	-2.75	9.54	-2.17	74.71	相对角度姿态	9.54	-2.17
Mac:DA:3E:20:B6:30:BA传感器0	0.01	0.11	0.87	2.99	2.99	-1.65	9.31	-1.88	74.96	相对角度姿态	9.31	-1.88
Mac:DA:3E:20:B6:30:BA传感器0	-0.01	0.15	0.97	2.26	2.26	-2.87	10.25	-1.16	75.54	相对角度姿态	10.25	-1.16
Mac:DA:3E:20:B6:30:BA传感器0	-0.04	0.16	0.94	-0.37	-0.37	-3.6	10.12	-0.96	75.82	相对角度姿态	10.12	-0.96
Mac:DA:3E:20:B6:30:BA传感器0	-0.05	0.18	0.92	-12.02	-12.02	-3.78	10.17	-0.7	76.03	相对角度姿态	10.17	-0.7
Mac:DA:3E:20:B6:30:BA传感器0	-0.02	0.18	0.94	8.79	8.79	-1.4	10.42	-0.69	76.22	相对角度姿态	10.42	-0.69
Mac:DA:3E:20:B6:30:BA传感器0	0.07	0.24	0.98	38.45	38.45	-4.7	12.45	0.69	76.66	相对角度姿态	12.45	0.69
Mac:DA:3E:20:B6:30:BA传感器0	0.42	0.4	1.12	35.03	35.03	-33.2	16.64	4.42	75.64	相对角度姿态	16.64	4.42
Mac:DA:3E:20:B6:30:BA传感器0	0.32	0.46	0.7	-45.59	-45.59	2.69	16.63	8.44	74.73	相对角度姿态	16.63	8.44
Mac:DA:3E:20:B6:30:BA传感器0	-0.53	0.34	0.94	44.13	44.13	103.64	10.26	-2.83	84.19	相对角度姿态	10.26	-2.83
Mac:DA:3E:20:B6:30:BA传感器0	-0.53	0.34	0.94	44.13	44.13	103.64	10.26	-2.83	84.19	相对角度姿态	10.26	-2.83
Mac:DA:3E:20:B6:30:BA传感器0	-0.85	0.12	0.91	-10.86	-10.86	77.76	12.19	2.57	93.7	相对角度姿态	12.19	2.57
Mac:DA:3E:20:B6:30:BA传感器0	-0.5	-0.02	0.87	-11.96	-11.96	-9.58	10.63	6.47	97.62	相对角度姿态	10.63	6.47
Mac:DA:3E:20:B6:30:BA传感器0	-0.05	0.08	0.9	-16.11	-16.11	4.82	9.45	9.17	97.34	相对角度姿态	9.45	9.17
Mac:DA:3E:20:B6:30:BA传感器0	-0.09	0.17	0.96	-0.12	-0.12	15.93	9.59	9.55	98.08	相对角度姿态	9.59	9.55
Mac:DA:3E:20:B6:30:BA传感器0	-0.19	0.17	0.97	-5.92	-5.92	18.62	9.84	9.85	99.44	相对角度姿态	9.84	9.85
Mac:DA:3E:20:B6:30:BA传感器0	-0.17	0.12	0.95	-16.54	-16.54	4.09	9.5	10.78	100.12	相对角度姿态	9.5	10.78
Mac:DA:3E:20:B6:30:BA传感器0	-0.13	0.15	0.93	-3.6	-3.6	2.87	8.82	10.76	99.83	相对角度姿态	8.82	10.76
Mac:DA:3E:20:B6:30:BA传感器0	-0.09	0.17	0.94	1.59	1.59	1.34	8.8	9.48	99.6	相对角度姿态	8.8	9.48
Mac:DA:3E:20:B6:30:BA传感器0	-0.11	0.15	0.93	-1.46	-1.46	3.6	8.82	9.43	99.42	相对角度姿态	8.82	9.43
Mac:DA:3E:20:B6:30:BA传感器0	-0.13	0.15	0.92	3.36	3.36	6.59	9.05	9.67	99.62	相对角度姿态	9.05	9.67
Mac:DA:3E:20:B6:30:BA传感器0	-0.1	0.17	0.95	-0.12	-0.12	0.24	9.18	9.51	99.37	相对角度姿态	9.18	9.51
Mac:DA:3E:20:B6:30:BA传感器0	-0.09	0.15	0.93	-2.38	-2.38	3.3	8.78	9.12	99.27	相对角度姿态	8.78	9.12
Mac:DA:3E:20:B6:30:BA传感器0	-0.09	0.15	0.95	0.31	0.31	0	8.39	8.82	99.05	相对角度姿态	8.39	8.82
Mac:DA:3E:20:B6:30:BA传感器0	-0.1	0.13	0.92	-3.48	-3.48	-4.58	8.18	8.57	98.7	相对角度姿态	8.18	8.57
Mac:DA:3E:20:B6:30:BA传感器0	-0.1	0.14	0.94	-0.73	-0.73	-2.75	8.25	8.51	98.3	相对角度姿态	8.25	8.51
Mac:DA:3E:20:B6:30:BA传感器0	-0.1	0.16	0.96	1.95	1.95	4.46	8.42	8.26	98.2	相对角度姿态	8.42	8.26
Mac:DA:3E:20:B6:30:BA传感器0	-0.11	0.16	0.95	1.71	1.71	0.31	8.69	8.32	98.15	相对角度姿态	8.69	8.32
Mac:DA:3E:20:B6:30:BA传感器0	-0.1	0.15	0.93	3.85	3.85	1.71	8.79	8.38	97.96	相对角度姿态	8.79	8.38
Mac:DA:3E:20:B6:30:BA传感器0	-0.11	0.16	0.93	0.55	0.55	-1.1	9.18	8.51	97.72	相对角度姿态	9.18	8.51
Mac:DA:3E:20:B6:30:BA传感器0	-0.11	0.16	0.95	1.22	1.22	-1.34	9.2	8.47	97.4	相对角度姿态	9.2	8.47
Mac:DA:3E:20:B6:30:BA传感器0	-0.13	0.18	0.92	-4.64	-4.64	-0.55	9.88	8.82	96.92	相对角度姿态	9.88	8.82
Mac:DA:3E:20:B6:30:BA传感器0	-0.11	0.16	0.94	-4.03	-4.03	2.93	9.27	8.4	96.79	相对角度姿态	9.27	8.4
Mac:DA:3E:20:B6:30:BA传感器0	-0.14	0.18	0.94	-5.19	-5.19	1.83	9.37	8.03	97.12	相对角度姿态	9.37	8.03
Mac:DA:3E:20:B6:30:BA传感器0	-0.1	0.16	0.93	-0.37	-0.37	0.37	8.95	7.62	97.04	相对角度姿态	8.95	7.62
Mac:DA:3E:20:B6:30:BA传感器0	-0.1	0.17	0.96	-5.74	-5.74	-1.1	9.06	7.99	96.5	相对角度姿态	9.06	7.99
Mac:DA:3E:20:B6:30:BA传感器0	-0.1	0.17	0.96	-5.74	-5.74	-1.1	9.06	7.99	96.5	相对角度姿态	9.06	7.99
Mac:DA:3E:20:B6:30:BA传感器0	-0.11	0.16	0.92	-4.58	-4.58	0	8.81	7.87	96.34	相对角度姿态	8.81	7.87
Mac:DA:3E:20:B6:30:BA传感器0	-0.09	0.16	0.93	-0.06	-0.06	0.98	8.83	7.43	96.21	相对角度姿态	8.83	7.43
Mac:DA:3E:20:B6:30:BA传感器0	-0.1	0.15	0.93	1.53	1.53	1.89	8.87	7.13	96.22	相对角度姿态	8.87	7.13
Mac:DA:3E:20:B6:30:BA传感器0	-0.11	0.15	0.93	2.01	2.01	0.55	8.95	7.1	96.16	相对角度姿态	8.95	7.1
Mac:DA:3E:20:B6:30:BA传感器0	-0.1	0.17	0.94	0.31	0.31	-0.55	9.14	6.99	96.07	相对角度姿态	9.14	6.99
Mac:DA:3E:20:B6:30:BA传感器0	-0.08	0.17	0.93	1.65	1.65	-1.34	9.22	6.97	95.89	相对角度姿态	9.22	6.97
Mac:DA:3E:20:B6:30:BA传感器0	-0.11	0.18	0.95	-2.08	-2.08	1.95	9.31	7.04	95.81	相对角度姿态	9.31	7.04
Mac:DA:3E:20:B6:30:BA传感器0	-0.12	0.16	0.92	0	0	0.37	9.32	7.04	95.83	相对角度姿态	9.32	7.04
Mac:DA:3E:20:B6:30:BA传感器0	-0.11	0.17	0.93	1.59	1.59	-0.61	9.58	6.95	95.71	相对角度姿态	9.58	6.95
Mac:DA:3E:20:B6:30:BA传感器0	-0.11	0.18	0.93	2.08	2.08	0	9.77	6.87	95.58	相对角度姿态	9.77	6.87
Mac:DA:3E:20:B6:30:BA传感器0	-0.11	0.18	0.93	1.71	1.71	-2.75	10.09	6.81	95.45	相对角度姿态	10.09	6.81
Mac:DA:3E:20:B6:30:BA传感器0	-0.13	0.18	0.91	3.54	3.54	-4.58	10.4	6.84	95.28	相对角度姿态	10.4	6.84
Mac:DA:3E:20:B6:30:BA传感器0	-0.09	0.19	0.96	4.82	4.82	-1.16	10.72	6.88	94.95	相对角度姿态	10.72	6.88
Mac:DA:3E:20:B6:30:BA传感器0	-0.23	0.23	1.15	37.11	37.11	-7.2	12.21	8.2	95.1	相对角度姿态	12.21	8.2
Mac:DA:3E:20:B6:30:BA传感器0	-0.28	0.46	1.63	24.11	24.11	3.54	16.03	9.14	94.7	相对角度姿态	16.03	9.14
Mac:DA:3E:20:B6:30:BA传感器0	-0.12	0.59	1.55	-65.8	-65.8	21.73	15.38	4.2	94.16	相对角度姿态	15.38	4.2
Mac:DA:3E:20:B6:30:BA传感器0	-0.2	0.49	0.72	-116.58	-116.58	33.75	7.77	1.64	96.41	相对角度姿态	7.77	1.64
Mac:DA:3E:20:B6:30:BA传感器0	-0.17	0.06	0.16	-49.8	-49.8	5	0.85	3.82	97.83	相对角度姿态	0.85	3.82
Mac:DA:3E:20:B6:30:BA传感器0	-0.04	-0.38	0.28	-5.92	-5.92	-13.73	-7.82	5.85	98.16	相对角度姿态	-7.82	5.85
Mac:DA:3E:20:B6:30:BA传感器0	0.13	-0.18	0.91	28.02	28.02	5.25	-8.76	4.52	99.44	相对角度姿态	-8.76	4.52
Mac:DA:3E:20:B6:30:BA传感器0	0.02	-0.11	1.02	1.22	1.22	-6.29	-8.5	4.81	99.18	相对角度姿态	-8.5	4.81
Mac:DA:3E:20:B6:30:BA传感器0	-0.04	-0.16	0.99	-4.7	-4.7	8.12	-8.22	5.77	98.36	相对角度姿态	-8.22	5.77
Mac:DA:3E:20:B6:30:BA传感器0	-0.09	-0.09	1.06	-9.52	-9.52	7.08	-7.7	4.94	99.28	相对角度姿态	-7.7	4.94
Mac:DA:3E:20:B6:30:BA传感器0	-0.23	-0.12	1	-15.93	-15.93	8.97	-8.25	4.7	99.81	相对角度姿态	-8.25	4.7
Mac:DA:3E:20:B6:30:BA传感器0	-0.32	-0.19	1.09	-4.21	-4.21	16.05	-8.81	4.92	100.9	相对角度姿态	-8.81	4.92
Mac:DA:3E:20:B6:30:BA传感器0	-0.58	-0.07	0.81	-16.97	-16.97	20.26	-9.61	6.54	102.76	相对角度姿态	-9.61	6.54
Mac:DA:3E:20:B6:30:BA传感器0	-0.45	0.35	0.96	13.37	13.37	-52.19	-7.62	4.64	101.46	相对角度姿态	-7.62	4.64
Mac:DA:3E:20:B6:30:BA传感器0	0.38	0.15	1.15	16.91	16.91	-146.18	-5.27	1.57	89.64	相对角度姿态	-5.27	1.57
Mac:DA:3E:20:B6:30:BA传感器0	0.44	-0.13	0.92	-62.19	-62.19	-65.98	-6.45	2.53	78.66	相对角度姿态	-6.45	2.53
Mac:DA:3E:20:B6:30:BA传感器0	0.42	-0.3	0.94	33.33	33.33	-40.16	-9.61	-0.93	75.28	相对角度姿态	-9.61	-0.93
Mac:DA:3E:20:B6:30:BA传感器0	0.14	-0.14	1.17	-17.4	-17.4	10.19	-6.84	-2.22	75.15	相对角度姿态	-6.84	-2.22
Mac:DA:3E:20:B6:30:BA传感器0	-0.07	-0.09	1.03	1.4	1.4	10.01	-8.51	-3.28	77.51	相对角度姿态	-8.51	-3.28
Mac:DA:3E:20:B6:30:BA传感器0	-0.05	-0.12	1.08	-0.31	-0.31	-2.26	-8.17	-3.24	78.06	相对角度姿态	-8.17	-3.24
Mac:DA:3E:20:B6:30:BA传感器0	0.03	-0.17	1	0.06	0.06	-12.33	-8.35	-3.24	77.81	相对角度姿态	-8.35	-3.24
Mac:DA:3E:20:B6:30:BA传感器0	-0.04	-0.18	0.73	-14.83	-14.83	-17.82	-9.87	-2.66	77.53	相对角度姿态	-9.87	-2.66
Mac:DA:3E:20:B6:30:BA传感器0	-0.03	-0.35	0.34	-47.18	-47.18	-37.41	-13.23	-1.94	76.27	相对角度姿态	-13.23	-1.94
Mac:DA:3E:20:B6:30:BA传感器0	0.04	-0.22	0.34	68.85	68.85	-7.08	-12.11	-1.24	74.23	相对角度姿态	-12.11	-1.24
Mac:DA:3E:20:B6:30:BA传感器0	-0.15	0.42	1.17	48.16	48.16	14.47	-3.2	-5.61	75.94	相对角度姿态	-3.2	-5.61
Mac:DA:3E:20:B6:30:BA传感器0	0.09	0.62	1.91	139.22	139.22	-2.5	6.66	-10.02	75.83	相对角度姿态	6.66	-10.02
Mac:DA:3E:20:B6:30:BA传感器0	0.06	0.35	1.52	20.39	20.39	-10.25	13.11	-9.1	75.14	相对角度姿态	13.11	-9.1
Mac:DA:3E:20:B6:30:BA传感器0	0.07	0.13	1	-6.84	-6.84	-15.93	11.84	-8.06	74.18	相对角度姿态	11.84	-8.06
Mac:DA:3E:20:B6:30:BA传感器0	0.06	0.19	0.91	-5.74	-5.74	-9.58	11.9	-5.6	73.78	相对角度姿态	11.9	-5.6
Mac:DA:3E:20:B6:30:BA传感器0	0	0.18	0.92	-12.02	-12.02	-4.03	11.23	-4.22	74.04	相对角度姿态	11.23	-4.22
Mac:DA:3E:20:B6:30:BA传感器0	0	0.16	0.89	2.81	2.81	-2.5	10.54	-3.65	74.5	相对角度姿态	10.54	-3.65
Mac:DA:3E:20:B6:30:BA传感器0	-0.03	0.19	0.94	1.28	1.28	0.85	10.94	-2.96	75.06	相对角度姿态	10.94	-2.96
Mac:DA:3E:20:B6:30:BA传感器0	-0.02	0.18	0.94	-1.71	-1.71	0	10.87	-2.97	75.49	相对角度姿态	10.87	-2.97
Mac:DA:3E:20:B6:30:BA传感器0	0.02	0.18	0.94	7.32	7.32	-0.67	10.98	-2.64	76.06	相对角度姿态	10.98	-2.64
Mac:DA:3E:20:B6:30:BA传感器0	0.04	0.24	0.94	6.84	6.84	-2.93	12.46	-1.07	76.62	相对角度姿态	12.46	-1.07
Mac:DA:3E:20:B6:30:BA传感器0	0.05	0.23	0.85	32.23	32.23	-25.94	14.28	0.21	76.47	相对角度姿态	14.28	0.21
Mac:DA:3E:20:B6:30:BA传感器0	0.16	0.47	0.9	55.24	55.24	-73.91	20.83	3.66	75.12	相对角度姿态	20.83	3.66
Mac:DA:3E:20:B6:30:BA传感器0	0.24	0.52	0.74	-74.71	-74.71	1.59	20.31	8.63	75.15	相对角度姿态	20.31	8.63
Mac:DA:3E:20:B6:30:BA传感器0	-0.09	0.47	0.79	-76.72	-76.72	80.32	13.69	5.34	80.8	相对角度姿态	13.69	5.34
Mac:DA:3E:20:B6:30:BA传感器0	-0.79	0.32	1.02	-6.53	-6.53	120.67	10.44	1.96	90.68	相对角度姿态	10.44	1.96
Mac:DA:3E:20:B6:30:BA传感器0	-0.62	0.06	1	-4.58	-4.58	45.9	10.11	3.65	98.46	相对角度姿态	10.11	3.65
Mac:DA:3E:20:B6:30:BA传感器0	-0.25	0.07	0.94	-15.69	-15.69	9.83	8.43	6.06	100.95	相对角度姿态	8.43	6.06
Mac:DA:3E:20:B6:30:BA传感器0	-0.12	0.13	0.94	0.85	0.85	9.34	7.71	7.56	101.63	相对角度姿态	7.71	7.56
Mac:DA:3E:20:B6:30:BA传感器0	-0.09	0.17	0.98	-4.03	-4.03	7.2	7.69	8.21	101.53	相对角度姿态	7.69	8.21
Mac:DA:3E:20:B6:30:BA传感器0	-0.08	0.17	0.96	-4.82	-4.82	5.49	7.22	7.99	101.42	相对角度姿态	7.22	7.99
Mac:DA:3E:20:B6:30:BA传感器0	-0.02	0.12	0.95	-0.55	-0.55	2.44	6.73	7.03	101.29	相对角度姿态	6.73	7.03
Mac:DA:3E:20:B6:30:BA传感器0	-0.04	0.08	0.97	-6.29	-6.29	2.75	6.51	7.26	101.09	相对角度姿态	6.51	7.26
Mac:DA:3E:20:B6:30:BA传感器0	-0.11	0.1	0.97	1.04	1.04	5.55	6.24	8.03	101.17	相对角度姿态	6.24	8.03
Mac:DA:3E:20:B6:30:BA传感器0	-0.08	0.14	1	2.87	2.87	0	6.08	8.04	101.13	相对角度姿态	6.08	8.04
Mac:DA:3E:20:B6:30:BA传感器0	-0.08	0.09	0.96	-9.22	-9.22	-1.1	6	8.48	100.82	相对角度姿态	6	8.48
Mac:DA:3E:20:B6:30:BA传感器0	-0.09	0.13	0.96	3.6	3.6	-3.05	5.87	7.56	100.34	相对角度姿态	5.87	7.56
Mac:DA:3E:20:B6:30:BA传感器0	-0.09	0.13	0.93	-0.06	-0.06	1.65	5.91	7.53	100.03	相对角度姿态	5.91	7.53
Mac:DA:3E:20:B6:30:BA传感器0	-0.09	0.12	0.99	4.94	4.94	3.05	6.27	7.54	99.83	相对角度姿态	6.27	7.54
Mac:DA:3E:20:B6:30:BA传感器0	-0.12	0.13	0.98	-0.92	-0.92	2.2	6.65	7.88	99.75	相对角度姿态	6.65	7.88
Mac:DA:3E:20:B6:30:BA传感器0	-0.09	0.13	0.97	-2.56	-2.56	4.27	6.62	7.37	99.52	相对角度姿态	6.62	7.37
Mac:DA:3E:20:B6:30:BA传感器0	-0.08	0.12	0.93	0.79	0.79	-2.99	6.4	7.23	98.98	相对角度姿态	6.4	7.23
Mac:DA:3E:20:B6:30:BA传感器0	-0.08	0.13	0.92	-1.65	-1.65	1.22	6.38	7.2	98.66	相对角度姿态	6.38	7.2
Mac:DA:3E:20:B6:30:BA传感器0	-0.11	0.13	0.97	0.31	0.31	1.83	6.51	7.38	98.66	相对角度姿态	6.51	7.38
Mac:DA:3E:20:B6:30:BA传感器0	-0.08	0.13	0.99	-1.77	-1.77	2.38	6.54	7.05	98.55	相对角度姿态	6.54	7.05
Mac:DA:3E:20:B6:30:BA传感器0	-0.09	0.14	0.97	1.95	1.95	2.99	6.56	6.83	98.46	相对角度姿态	6.56	6.83
Mac:DA:3E:20:B6:30:BA传感器0	-0.12	0.12	0.95	-1.89	-1.89	-2.01	6.41	6.74	98.41	相对角度姿态	6.41	6.74
Mac:DA:3E:20:B6:30:BA传感器0	-0.08	0.11	0.93	-0.98	-0.98	-0.92	6.2	6.12	98.2	相对角度姿态	6.2	6.12
Mac:DA:3E:20:B6:30:BA传感器0	-0.04	0.12	0.98	-3.85	-3.85	-0.92	6.22	5.74	97.93	相对角度姿态	6.22	5.74
Mac:DA:3E:20:B6:30:BA传感器0	-0.06	0.14	0.98	-0.31	-0.31	3.6	6.21	5.49	97.98	相对角度姿态	6.21	5.49
Mac:DA:3E:20:B6:30:BA传感器0	-0.09	0.12	0.95	-3.54	-3.54	1.1	6.05	5.38	97.9	相对角度姿态	6.05	5.38
Mac:DA:3E:20:B6:30:BA传感器0	-0.05	0.11	0.96	3.17	3.17	1.16	6.15	4.78	97.79	相对角度姿态	6.15	4.78
Mac:DA:3E:20:B6:30:BA传感器0	-0.06	0.12	0.96	-1.95	-1.95	0.73	6.28	4.31	97.7	相对角度姿态	6.28	4.31
Mac:DA:3E:20:B6:30:BA传感器0	-0.06	0.12	0.94	2.87	2.87	1.95	6.36	4.33	97.67	相对角度姿态	6.36	4.33
Mac:DA:3E:20:B6:30:BA传感器0	-0.02	0.13	0.98	2.32	2.32	0.98	6.61	4.06	97.44	相对角度姿态	6.61	4.06
Mac:DA:3E:20:B6:30:BA传感器0	-0.06	0.12	0.95	-0.73	-0.73	0.61	6.55	4.11	97.46	相对角度姿态	6.55	4.11
Mac:DA:3E:20:B6:30:BA传感器0	-0.05	0.13	0.95	2.32	2.32	0.43	6.61	4.1	97.36	相对角度姿态	6.61	4.1
Mac:DA:3E:20:B6:30:BA传感器0	-0.05	0.12	0.93	4.15	4.15	1.34	6.77	4.09	97.29	相对角度姿态	6.77	4.09
Mac:DA:3E:20:B6:30:BA传感器0	-0.05	0.14	0.95	2.26	2.26	-0.31	7.21	4.1	97.23	相对角度姿态	7.21	4.1
Mac:DA:3E:20:B6:30:BA传感器0	-0.03	0.14	0.98	13	13	-0.79	7.94	4.32	97.12	相对角度姿态	7.94	4.32
Mac:DA:3E:20:B6:30:BA传感器0	-0.15	0.17	1.11	64.94	64.94	3.17	10.91	5.41	97.23	相对角度姿态	10.91	5.41
Mac:DA:3E:20:B6:30:BA传感器0	-0.12	0.43	1.35	53.53	53.53	1.65	17.27	5.63	97.48	相对角度姿态	17.27	5.63
Mac:DA:3E:20:B6:30:BA传感器0	-0.04	0.52	1.54	-32.04	-32.04	-20.51	17.28	4.96	95.78	相对角度姿态	17.28	4.96
Mac:DA:3E:20:B6:30:BA传感器0	-0.18	0.51	1.03	-72.2	-72.2	12.39	12.23	3.91	95.09	相对角度姿态	12.23	3.91
Mac:DA:3E:20:B6:30:BA传感器0	-0.06	0.44	0.83	-58.96	-58.96	10.74	7.62	3.86	96.03	相对角度姿态	7.62	3.86
Mac:DA:3E:20:B6:30:BA传感器0	0.02	-0.26	0.05	-125.43	-125.43	8.12	-1.95	4.16	96.44	相对角度姿态	-1.95	4.16
Mac:DA:3E:20:B6:30:BA传感器0	0.02	-0.27	0.6	-14.16	-14.16	12.45	-9.44	5.88	96.42	相对角度姿态	-9.44	5.88
Mac:DA:3E:20:B6:30:BA传感器0	-0.02	-0.17	0.87	-7.32	-7.32	-6.84	-10.43	5.65	97.09	相对角度姿态	-10.43	5.65
Mac:DA:3E:20:B6:30:BA传感器0	-0.15	-0.09	0.93	-3.11	-3.11	-2.75	-9.96	6.78	96.33	相对角度姿态	-9.96	6.78
Mac:DA:3E:20:B6:30:BA传感器0	-0.2	-0.04	1.08	0	0	5.74	-8.89	7.23	96.26	相对角度姿态	-8.89	7.23
Mac:DA:3E:20:B6:30:BA传感器0	-0.2	-0.08	1.06	-5.68	-5.68	-1.04	-8.66	7.43	96.22	相对角度姿态	-8.66	7.43
Mac:DA:3E:20:B6:30:BA传感器0	-0.34	-0.2	0.96	-3.11	-3.11	6.35	-9.45	8.1	96.38	相对角度姿态	-9.45	8.1
Mac:DA:3E:20:B6:30:BA传感器0	-0.64	-0.11	0.95	-1.89	-1.89	13	-10.03	8.89	97.7	相对角度姿态	-10.03	8.89
Mac:DA:3E:20:B6:30:BA传感器0	-0.87	0.15	0.83	7.45	7.45	-11.23	-9.45	10.31	98.46	相对角度姿态	-9.45	10.31
Mac:DA:3E:20:B6:30:BA传感器0	-0.08	0.3	0.9	-21.18	-21.18	-118.41	-10.03	7.15	92.71	相对角度姿态	-10.03	7.15
Mac:DA:3E:20:B6:30:BA传感器0	0.66	-0.13	1.03	43.88	43.88	-106.32	-10.48	3.96	80.35	相对角度姿态	-10.48	3.96
Mac:DA:3E:20:B6:30:BA传感器0	0.45	-0.14	1.03	17.82	17.82	-31.01	-8.28	0.66	74.81	相对角度姿态	-8.28	0.66
Mac:DA:3E:20:B6:30:BA传感器0	0.17	-0.17	1.2	16.54	16.54	-6.35	-7.48	-2.51	74.03	相对角度姿态	-7.48	-2.51
Mac:DA:3E:20:B6:30:BA传感器0	0.01	-0.25	0.93	-20.45	-20.45	3.72	-10.13	-2.37	74.43	相对角度姿态	-10.13	-2.37
Mac:DA:3E:20:B6:30:BA传感器0	0.01	-0.25	0.93	-20.45	-20.45	3.72	-10.13	-2.37	74.43	相对角度姿态	-10.13	-2.37
Mac:DA:3E:20:B6:30:BA传感器0	-0.06	-0.22	0.97	-14.53	-14.53	1.59	-10.29	-2.22	75.34	相对角度姿态	-10.29	-2.22
Mac:DA:3E:20:B6:30:BA传感器0	-0.08	-0.19	0.98	-8.3	-8.3	-1.46	-9.58	-2.31	75.82	相对角度姿态	-9.58	-2.31
Mac:DA:3E:20:B6:30:BA传感器0	-0.06	-0.21	0.86	5.68	5.68	-4.09	-9.37	-2.05	75.9	相对角度姿态	-9.37	-2.05
Mac:DA:3E:20:B6:30:BA传感器0	-0.11	-0.17	0.47	-16.24	-16.24	-6.59	-10.5	-0.58	76.07	相对角度姿态	-10.5	-0.58
Mac:DA:3E:20:B6:30:BA传感器0	-0.15	-0.16	0.09	52.86	52.86	-31.62	-12.58	1.38	74.53	相对角度姿态	-12.58	1.38
Mac:DA:3E:20:B6:30:BA传感器0	-0.22	0.33	1.08	146.42	146.42	4.15	-3.37	0.7	74.19	相对角度姿态	-3.37	0.7
Mac:DA:3E:20:B6:30:BA传感器0	-0.15	0.61	1.83	93.32	93.32	9.7	9.44	-1.26	75.43	相对角度姿态	9.44	-1.26
Mac:DA:3E:20:B6:30:BA传感器0	-0.05	0.34	1.44	14.4	14.4	-6.35	12.77	-1.04	75.49	相对角度姿态	12.77	-1.04
Mac:DA:3E:20:B6:30:BA传感器0	-0.04	0.16	1.04	-19.59	-19.59	-5	11.68	-1.6	75.25	相对角度姿态	11.68	-1.6
Mac:DA:3E:20:B6:30:BA传感器0	-0.1	0.22	0.9	-18.49	-18.49	-4.27	10.86	-0.36	75.69	相对角度姿态	10.86	-0.36
Mac:DA:3E:20:B6:30:BA传感器0	-0.08	0.21	0.87	-9.7	-9.7	-0.79	9.6	0.49	75.95	相对角度姿态	9.6	0.49
Mac:DA:3E:20:B6:30:BA传感器0	-0.11	0.2	0.91	0.43	0.43	-2.26	9.65	0.87	76.2	相对角度姿态	9.65	0.87
Mac:DA:3E:20:B6:30:BA传感器0	-0.07	0.16	0.94	0.55	0.55	-0.24	9.45	0.42	76.25	相对角度姿态	9.45	0.42
Mac:DA:3E:20:B6:30:BA传感器0	-0.05	0.18	0.94	1.4	1.4	-0.92	9.46	0.54	76.66	相对角度姿态	9.46	0.54
Mac:DA:3E:20:B6:30:BA传感器0	0.06	0.2	0.95	6.16	6.16	-11.54	9.87	1.08	76.76	相对角度姿态	9.87	1.08
Mac:DA:3E:20:B6:30:BA传感器0	0.25	0.35	0.91	12.27	12.27	-53.59	11.63	4.84	74.51	相对角度姿态	11.63	4.84
Mac:DA:3E:20:B6:30:BA传感器0	0.15	0.47	0.75	-10.44	-10.44	-25.09	12.32	6.21	70.89	相对角度姿态	12.32	6.21
Mac:DA:3E:20:B6:30:BA传感器0	0.24	0.29	0.92	-33.26	-33.26	53.65	10.58	2.55	70.76	相对角度姿态	10.58	2.55
Mac:DA:3E:20:B6:30:BA传感器0	-0.46	0.24	0.79	-35.03	-35.03	143.25	8.61	2.94	81.67	相对角度姿态	8.61	2.94
Mac:DA:3E:20:B6:30:BA传感器0	-0.87	-0.02	0.82	14.83	14.83	97.96	7.76	4.34	94.82	相对角度姿态	7.76	4.34
Mac:DA:3E:20:B6:30:BA传感器0	-0.38	0	0.94	-3.72	-3.72	21.24	9.46	6.81	99.93	相对角度姿态	9.46	6.81
Mac:DA:3E:20:B6:30:BA传感器0	-0.21	0.14	0.95	-7.14	-7.14	1.28	9.37	9.41	100.81	相对角度姿态	9.37	9.41
Mac:DA:3E:20:B6:30:BA传感器0	-0.16	0.18	0.94	-3.48	-3.48	-1.28	8.8	11.36	100.26	相对角度姿态	8.8	11.36
Mac:DA:3E:20:B6:30:BA传感器0	-0.08	0.17	0.99	-10.86	-10.86	-3.54	8.38	11.57	99.63	相对角度姿态	8.38	11.57
Mac:DA:3E:20:B6:30:BA传感器0	-0.13	0.15	0.93	0.67	0.67	1.83	7.83	11.31	99.2	相对角度姿态	7.83	11.31
Mac:DA:3E:20:B6:30:BA传感器0	-0.12	0.14	0.94	1.59	1.59	3.11	8.03	10.9	98.83	相对角度姿态	8.03	10.9
Mac:DA:3E:20:B6:30:BA传感器0	-0.1	0.13	0.93	2.81	2.81	0.61	8.21	10.83	98.65	相对角度姿态	8.21	10.83
Mac:DA:3E:20:B6:30:BA传感器0	-0.15	0.17	0.94	2.01	2.01	2.2	8.68	11.17	98.81	相对角度姿态	8.68	11.17
Mac:DA:3E:20:B6:30:BA传感器0	-0.16	0.17	0.92	-5.86	-5.86	1.4	8.65	11.46	98.68	相对角度姿态	8.65	11.46
Mac:DA:3E:20:B6:30:BA传感器0	-0.16	0.16	0.93	-9.28	-9.28	5.8	8.54	11.13	98.73	相对角度姿态	8.54	11.13
Mac:DA:3E:20:B6:30:BA传感器0	-0.15	0.14	0.9	1.16	1.16	7.57	8.12	10.38	98.75	相对角度姿态	8.12	10.38
Mac:DA:3E:20:B6:30:BA传感器0	-0.14	0.16	0.94	-6.23	-6.23	1.1	8.31	9.72	98.9	相对角度姿态	8.31	9.72
Mac:DA:3E:20:B6:30:BA传感器0	-0.13	0.17	0.95	-8.3	-8.3	-0.79	8.36	9.66	98.81	相对角度姿态	8.36	9.66
Mac:DA:3E:20:B6:30:BA传感器0	-0.12	0.15	0.96	0.73	0.73	0.92	8.04	9.76	98.59	相对角度姿态	8.04	9.76
Mac:DA:3E:20:B6:30:BA传感器0	-0.13	0.16	0.96	-1.59	-1.59	-0.92	7.87	9.61	98.49	相对角度姿态	7.87	9.61
Mac:DA:3E:20:B6:30:BA传感器0	-0.14	0.15	0.94	2.01	2.01	-2.44	7.78	9.64	98.14	相对角度姿态	7.78	9.64
Mac:DA:3E:20:B6:30:BA传感器0	-0.12	0.14	0.94	-2.99	-2.99	-0.37	7.73	9.41	97.83	相对角度姿态	7.73	9.41
Mac:DA:3E:20:B6:30:BA传感器0	-0.13	0.14	0.94	-2.08	-2.08	1.04	7.73	9.35	97.71	相对角度姿态	7.73	9.35
Mac:DA:3E:20:B6:30:BA传感器0	-0.13	0.13	0.93	2.81	2.81	1.1	7.61	9.37	97.37	相对角度姿态	7.61	9.37
Mac:DA:3E:20:B6:30:BA传感器0	-0.1	0.15	0.96	2.26	2.26	1.65	8.06	9.05	97.27	相对角度姿态	8.06	9.05
Mac:DA:3E:20:B6:30:BA传感器0	-0.13	0.17	0.95	0	0	1.65	8.24	8.88	97.26	相对角度姿态	8.24	8.88
Mac:DA:3E:20:B6:30:BA传感器0	-0.14	0.15	0.93	0	0	-1.04	8.32	9	97.06	相对角度姿态	8.32	9
Mac:DA:3E:20:B6:30:BA传感器0	-0.12	0.15	0.93	-3.23	-3.23	-0.06	8.32	8.87	96.86	相对角度姿态	8.32	8.87
Mac:DA:3E:20:B6:30:BA传感器0	-0.12	0.16	0.93	1.53	1.53	2.75	8.57	8.57	96.77	相对角度姿态	8.57	8.57
Mac:DA:3E:20:B6:30:BA传感器0	-0.13	0.17	0.95	-2.93	-2.93	-0.98	8.93	8.1	96.8	相对角度姿态	8.93	8.1
Mac:DA:3E:20:B6:30:BA传感器0	-0.11	0.17	0.94	0.24	0.24	-0.24	9	8.06	96.54	相对角度姿态	9	8.06
Mac:DA:3E:20:B6:30:BA传感器0	-0.1	0.16	0.94	-0.73	-0.73	-0.37	8.92	7.82	96.4	相对角度姿态	8.92	7.82
Mac:DA:3E:20:B6:30:BA传感器0	-0.12	0.16	0.92	-1.22	-1.22	-0.31	8.85	7.67	96.27	相对角度姿态	8.85	7.67
Mac:DA:3E:20:B6:30:BA传感器0	-0.11	0.16	0.93	0.24	0.24	1.89	8.86	7.49	96.2	相对角度姿态	8.86	7.49
Mac:DA:3E:20:B6:30:BA传感器0	-0.12	0.16	0.91	0	0	1.59	8.87	7.47	96.2	相对角度姿态	8.87	7.47
Mac:DA:3E:20:B6:30:BA传感器0	-0.1	0.17	0.95	0.85	0.85	-0.37	9.17	7.39	96.12	相对角度姿态	9.17	7.39
Mac:DA:3E:20:B6:30:BA传感器0	-0.11	0.17	0.92	-0.37	-0.37	0.61	9.22	7.39	96.1	相对角度姿态	9.22	7.39
Mac:DA:3E:20:B6:30:BA传感器0	-0.1	0.17	0.94	0	0	0.18	9.34	7.28	96	相对角度姿态	9.34	7.28
Mac:DA:3E:20:B6:30:BA传感器0	-0.11	0.18	0.95	0.06	0.06	0.06	9.46	7.27	95.93	相对角度姿态	9.46	7.27
Mac:DA:3E:20:B6:30:BA传感器0	-0.14	0.2	1.24	81.05	81.05	20.69	13.09	7.66	96.54	相对角度姿态	13.09	7.66
Mac:DA:3E:20:B6:30:BA传感器0	-0.14	0.2	1.24	81.05	81.05	20.69	13.09	7.66	96.54	相对角度姿态	13.09	7.66
Mac:DA:3E:20:B6:30:BA传感器0	-0.32	0.7	1.61	75.87	75.87	1.59	22.27	8.11	97.99	相对角度姿态	22.27	8.11
Mac:DA:3E:20:B6:30:BA传感器0	-0.13	0.91	1.38	-90.64	-90.64	-1.89	22.33	4.08	96.01	相对角度姿态	22.33	4.08
Mac:DA:3E:20:B6:30:BA传感器0	-0.15	0.46	0.57	-165.83	-165.83	-12.76	8.17	6	94.55	相对角度姿态	8.17	6
Mac:DA:3E:20:B6:30:BA传感器0	-0.01	-0.12	0.14	-103.27	-103.27	-1.1	-3.88	8.9	93.82	相对角度姿态	-3.88	8.9
Mac:DA:3E:20:B6:30:BA传感器0	0.09	-0.44	0.32	-31.19	-31.19	-13.73	-12.38	11.17	92.87	相对角度姿态	-12.38	11.17
Mac:DA:3E:20:B6:30:BA传感器0	-0.03	-0.29	0.78	8.67	8.67	7.63	-13.88	10.12	93.58	相对角度姿态	-13.88	10.12
Mac:DA:3E:20:B6:30:BA传感器0	-0.12	-0.17	0.96	2.26	2.26	1.4	-12.49	9.52	94.59	相对角度姿态	-12.49	9.52
Mac:DA:3E:20:B6:30:BA传感器0	-0.19	-0.14	1.03	-6.71	-6.71	-3.23	-11.5	9.42	94.69	相对角度姿态	-11.5	9.42
Mac:DA:3E:20:B6:30:BA传感器0	-0.21	-0.14	1.06	2.69	2.69	10.13	-10.8	8.94	95.33	相对角度姿态	-10.8	8.94
Mac:DA:3E:20:B6:30:BA传感器0	-0.39	-0.19	0.96	5.92	5.92	8.18	-10.51	9.16	96.5	相对角度姿态	-10.51	9.16
Mac:DA:3E:20:B6:30:BA传感器0	-0.8	0.28	1.06	-2.69	-2.69	5	-8.46	6.95	100.39	相对角度姿态	-8.46	6.95
Mac:DA:3E:20:B6:30:BA传感器0	-0.8	0.28	1.06	-2.69	-2.69	5	-8.46	6.95	100.39	相对角度姿态	-8.46	6.95
Mac:DA:3E:20:B6:30:BA传感器0	-0.01	0.1	0.73	-3.78	-3.78	-169.62	-10.33	7.06	91.79	相对角度姿态	-10.33	7.06
Mac:DA:3E:20:B6:30:BA传感器0	0.59	-0.14	1.04	0.49	0.49	-74.4	-11.83	4.2	80.11	相对角度姿态	-11.83	4.2
Mac:DA:3E:20:B6:30:BA传感器0	0.42	-0.26	1.11	-47.18	-47.18	-48.03	-12.78	1.27	75.02	相对角度姿态	-12.78	1.27
Mac:DA:3E:20:B6:30:BA传感器0	0.1	-0.27	1.12	8.42	8.42	3.91	-13.33	-0.98	74.04	相对角度姿态	-13.33	-0.98
Mac:DA:3E:20:B6:30:BA传感器0	-0.02	-0.28	1.04	0.31	0.31	-0.31	-13.45	-1.53	75.4	相对角度姿态	-13.45	-1.53
Mac:DA:3E:20:B6:30:BA传感器0	-0.16	-0.2	1.01	-7.02	-7.02	5.62	-13.49	-0.82	76.62	相对角度姿态	-13.49	-0.82
Mac:DA:3E:20:B6:30:BA传感器0	-0.13	-0.19	1.07	-9.89	-9.89	-10.01	-13.72	-0.27	76.93	相对角度姿态	-13.72	-0.27
Mac:DA:3E:20:B6:30:BA传感器0	-0.12	-0.29	0.93	2.14	2.14	2.75	-14.85	-0.04	76.95	相对角度姿态	-14.85	-0.04
Mac:DA:3E:20:B6:30:BA传感器0	-0.08	-0.36	0.76	0.49	0.49	-8.48	-15.23	0.72	77.35	相对角度姿态	-15.23	0.72
Mac:DA:3E:20:B6:30:BA传感器0	-0.18	-0.27	0.41	8.24	8.24	-16.11	-15.62	4.09	76.01	相对角度姿态	-15.62	4.09
Mac:DA:3E:20:B6:30:BA传感器0	-0.12	-0.17	0.33	-32.17	-32.17	-44.07	-16.77	4.05	74.53	相对角度姿态	-16.77	4.05
Mac:DA:3E:20:B6:30:BA传感器0	0.08	-0.07	1.04	131.41	131.41	-10.56	-13.89	-0.5	73.49	相对角度姿态	-13.89	-0.5
Mac:DA:3E:20:B6:30:BA传感器0	0.03	0.27	1.59	99.55	99.55	16.78	-0.6	-2.45	74.78	相对角度姿态	-0.6	-2.45
Mac:DA:3E:20:B6:30:BA传感器0	0.01	0.27	1.65	73.06	73.06	6.04	7.19	-5.56	76.47	相对角度姿态	7.19	-5.56
Mac:DA:3E:20:B6:30:BA传感器0	0	0.17	1.24	-0.85	-0.85	4.76	10.2	-4.37	77.23	相对角度姿态	10.2	-4.37
Mac:DA:3E:20:B6:30:BA传感器0	-0.06	0.2	1.06	-0.49	-0.49	3.97	9.4	-3.43	78.05	相对角度姿态	9.4	-3.43
Mac:DA:3E:20:B6:30:BA传感器0	-0.1	0.2	0.9	-11.47	-11.47	-12.02	8.84	-1.7	78.18	相对角度姿态	8.84	-1.7
Mac:DA:3E:20:B6:30:BA传感器0	-0.05	0.11	0.85	-9.34	-9.34	-12.76	7.94	-0.9	77.24	相对角度姿态	7.94	-0.9
Mac:DA:3E:20:B6:30:BA传感器0	-0.04	0.15	0.97	-3.42	-3.42	-0.79	8.14	-0.97	77.19	相对角度姿态	8.14	-0.97
Mac:DA:3E:20:B6:30:BA传感器0	0.03	0.14	0.97	6.65	6.65	-2.14	7.95	-1.91	77.29	相对角度姿态	7.95	-1.91
Mac:DA:3E:20:B6:30:BA传感器0	0.07	0.17	0.98	16.6	16.6	5	9.12	-1.18	78.07	相对角度姿态	9.12	-1.18
Mac:DA:3E:20:B6:30:BA传感器0	0.26	0.24	0.97	-8.73	-8.73	-36.68	9.39	1.17	76.9	相对角度姿态	9.39	1.17
Mac:DA:3E:20:B6:30:BA传感器0	0.45	0.3	1.06	-21.67	-21.67	16.17	8.68	3.62	75.36	相对角度姿态	8.68	3.62
Mac:DA:3E:20:B6:30:BA传感器0	0.27	0.39	0.82	-23.07	-23.07	47.73	7.87	4.5	77.69	相对角度姿态	7.87	4.5
Mac:DA:3E:20:B6:30:BA传感器0	-0.21	0.29	0.77	-3.72	-3.72	110.72	6.73	2.86	85.23	相对角度姿态	6.73	2.86
Mac:DA:3E:20:B6:30:BA传感器0	-0.94	0.37	1	33.69	33.69	120.12	11.07	3.64	95.37	相对角度姿态	11.07	3.64
Mac:DA:3E:20:B6:30:BA传感器0	-0.64	0.07	0.88	3.42	3.42	43.82	12.04	6.31	102.33	相对角度姿态	12.04	6.31
Mac:DA:3E:20:B6:30:BA传感器0	-0.27	0.09	0.9	-8.06	-8.06	1.95	11.55	10.07	105.14	相对角度姿态	11.55	10.07
Mac:DA:3E:20:B6:30:BA传感器0	-0.17	0.17	0.94	-4.39	-4.39	8.79	11.38	11.38	105.66	相对角度姿态	11.38	11.38
Mac:DA:3E:20:B6:30:BA传感器0	-0.16	0.2	0.94	6.53	6.53	0.67	11.31	11.73	105	相对角度姿态	11.31	11.73
Mac:DA:3E:20:B6:30:BA传感器0	-0.09	0.18	0.94	-1.34	-1.34	-2.93	11.25	11.19	104.03	相对角度姿态	11.25	11.19
Mac:DA:3E:20:B6:30:BA传感器0	-0.05	0.16	0.92	-8.42	-8.42	-2.14	10.68	10.84	103.22	相对角度姿态	10.68	10.84
Mac:DA:3E:20:B6:30:BA传感器0	-0.11	0.17	0.9	0.18	0.18	3.23	10.37	10.58	103.08	相对角度姿态	10.37	10.58
Mac:DA:3E:20:B6:30:BA传感器0	-0.16	0.18	0.92	0.18	0.18	0.31	10.59	10.55	103.01	相对角度姿态	10.59	10.55
Mac:DA:3E:20:B6:30:BA传感器0	-0.1	0.16	0.92	-0.61	-0.61	-3.66	10.38	10.54	102.44	相对角度姿态	10.38	10.54
Mac:DA:3E:20:B6:30:BA传感器0	-0.11	0.2	0.95	0.61	0.61	0.18	10.38	10.69	102	相对角度姿态	10.38	10.69
Mac:DA:3E:20:B6:30:BA传感器0	-0.13	0.18	0.94	-1.04	-1.04	1.65	10.05	10.34	101.72	相对角度姿态	10.05	10.34
Mac:DA:3E:20:B6:30:BA传感器0	-0.13	0.16	0.93	-3.3	-3.3	-1.4	9.7	10.11	101.3	相对角度姿态	9.7	10.11
Mac:DA:3E:20:B6:30:BA传感器0	-0.11	0.15	0.91	-2.26	-2.26	-3.36	9.34	9.93	100.76	相对角度姿态	9.34	9.93
Mac:DA:3E:20:B6:30:BA传感器0	-0.13	0.17	0.94	-1.1	-1.1	0	9.28	9.72	100.48	相对角度姿态	9.28	9.72
Mac:DA:3E:20:B6:30:BA传感器0	-0.12	0.16	0.92	1.04	1.04	0	9.18	9.6	100.15	相对角度姿态	9.18	9.6
Mac:DA:3E:20:B6:30:BA传感器0	-0.1	0.17	0.94	-0.18	-0.18	1.22	9.37	9.36	99.78	相对角度姿态	9.37	9.36
Mac:DA:3E:20:B6:30:BA传感器0	-0.13	0.16	0.94	-0.61	-0.61	3.6	9.23	9.35	99.67	相对角度姿态	9.23	9.35
Mac:DA:3E:20:B6:30:BA传感器0	-0.12	0.15	0.93	3.05	3.05	-1.04	9.14	9.46	99.49	相对角度姿态	9.14	9.46
Mac:DA:3E:20:B6:30:BA传感器0	-0.12	0.16	0.93	0.43	0.43	-2.08	9.12	9.32	99.17	相对角度姿态	9.12	9.32
Mac:DA:3E:20:B6:30:BA传感器0	-0.12	0.17	0.93	0.06	0.06	0	9.15	9.1	98.95	相对角度姿态	9.15	9.1
Mac:DA:3E:20:B6:30:BA传感器0	-0.11	0.15	0.91	-0.67	-0.67	0.98	8.98	8.89	98.68	相对角度姿态	8.98	8.89
Mac:DA:3E:20:B6:30:BA传感器0	-0.12	0.17	0.94	3.78	3.78	1.22	9.3	8.76	98.55	相对角度姿态	9.3	8.76
Mac:DA:3E:20:B6:30:BA传感器0	-0.13	0.17	0.91	-0.24	-0.24	0.55	9.43	8.59	98.46	相对角度姿态	9.43	8.59
Mac:DA:3E:20:B6:30:BA传感器0	-0.11	0.16	0.93	1.77	1.77	0.31	9.57	8.39	98.35	相对角度姿态	9.57	8.39
Mac:DA:3E:20:B6:30:BA传感器0	-0.11	0.17	0.94	1.28	1.28	0.18	9.73	8.31	98.21	相对角度姿态	9.73	8.31
Mac:DA:3E:20:B6:30:BA传感器0	-0.13	0.18	0.91	2.62	2.62	-0.12	9.84	8.42	98.07	相对角度姿态	9.84	8.42
Mac:DA:3E:20:B6:30:BA传感器0	-0.1	0.18	0.94	0.98	0.98	0.85	10.09	8.29	97.94	相对角度姿态	10.09	8.29
Mac:DA:3E:20:B6:30:BA传感器0	-0.13	0.18	0.91	1.65	1.65	0.79	10.16	8.34	97.9	相对角度姿态	10.16	8.34
Mac:DA:3E:20:B6:30:BA传感器0	-0.12	0.17	0.93	3.97	3.97	3.23	10.48	8.17	97.92	相对角度姿态	10.48	8.17
Mac:DA:3E:20:B6:30:BA传感器0	-0.19	0.13	1.08	18.55	18.55	6.9	11.49	7.93	98.26	相对角度姿态	11.49	7.93
Mac:DA:3E:20:B6:30:BA传感器0	-0.16	0.4	1.38	76.66	76.66	18.74	17.14	8.48	99.76	相对角度姿态	17.14	8.48
Mac:DA:3E:20:B6:30:BA传感器0	-0.31	0.67	1.44	-27.28	-27.28	-7.39	20.86	8.41	100.16	相对角度姿态	20.86	8.41
Mac:DA:3E:20:B6:30:BA传感器0	-0.23	0.84	1.3	-60.55	-60.55	-13.31	16.46	5.95	97.54	相对角度姿态	16.46	5.95
Mac:DA:3E:20:B6:30:BA传感器0	-0.09	0.48	0.48	-117.31	-117.31	-37.23	7.63	7.99	94.19	相对角度姿态	7.63	7.99
Mac:DA:3E:20:B6:30:BA传感器0	0.06	-0.27	0.09	-94.54	-94.54	-2.5	-4.91	8.89	89.89	相对角度姿态	-4.91	8.89
Mac:DA:3E:20:B6:30:BA传感器0	-0.02	-0.3	0.59	-13.18	-13.18	30.58	-11.68	8.34	90.55	相对角度姿态	-11.68	8.34
Mac:DA:3E:20:B6:30:BA传感器0	-0.14	-0.2	0.87	-2.62	-2.62	19.17	-11.72	8.61	93.44	相对角度姿态	-11.72	8.61
Mac:DA:3E:20:B6:30:BA传感器0	-0.09	-0.19	1	2.26	2.26	4.64	-11.15	9.24	93.58	相对角度姿态	-11.15	9.24
Mac:DA:3E:20:B6:30:BA传感器0	-0.19	-0.12	1.01	6.59	6.59	0.24	-10.6	9.68	94.25	相对角度姿态	-10.6	9.68
Mac:DA:3E:20:B6:30:BA传感器0	-0.26	-0.17	0.97	-6.1	-6.1	11.84	-10.21	9.78	94.77	相对角度姿态	-10.21	9.78
Mac:DA:3E:20:B6:30:BA传感器0	-0.48	-0.18	0.91	9.22	9.22	4.82	-10.16	9.65	96.18	相对角度姿态	-10.16	9.65
Mac:DA:3E:20:B6:30:BA传感器0	-0.61	-0.16	0.87	27.34	27.34	-1.77	-8.36	9.01	97.22	相对角度姿态	-8.36	9.01
Mac:DA:3E:20:B6:30:BA传感器0	-0.57	0.27	0.93	28.69	28.69	4.39	-4.33	6.73	96.84	相对角度姿态	-4.33	6.73
Mac:DA:3E:20:B6:30:BA传感器0	-0.26	0.47	0.86	-59.39	-59.39	-153.87	-7.67	5.56	92.02	相对角度姿态	-7.67	5.56
Mac:DA:3E:20:B6:30:BA传感器0	0.99	-0.43	1.05	37.23	37.23	-99.12	-10.66	5.48	76.07	相对角度姿态	-10.66	5.48
Mac:DA:3E:20:B6:30:BA传感器0	0.62	-0.25	1.37	-4.15	-4.15	-7.14	-8.67	0.83	74.81	相对角度姿态	-8.67	0.83
Mac:DA:3E:20:B6:30:BA传感器0	0	-0.24	1	-15.56	-15.56	17.09	-10.67	-0.57	75.9	相对角度姿态	-10.67	-0.57
Mac:DA:3E:20:B6:30:BA传感器0	-0.21	-0.09	1.08	10.5	10.5	0.49	-10.98	-0.7	78.22	相对角度姿态	-10.98	-0.7
Mac:DA:3E:20:B6:30:BA传感器0	-0.16	-0.17	1	-12.45	-12.45	-11.84	-11.06	-0.29	77.99	相对角度姿态	-11.06	-0.29
Mac:DA:3E:20:B6:30:BA传感器0	-0.1	-0.23	0.92	-0.79	-0.79	-25.7	-11.27	-0.29	76.81	相对角度姿态	-11.27	-0.29
Mac:DA:3E:20:B6:30:BA传感器0	-0.07	-0.27	0.93	6.29	6.29	-12.94	-11.01	-0.2	75.65	相对角度姿态	-11.01	-0.2
Mac:DA:3E:20:B6:30:BA传感器0	-0.04	-0.24	0.48	-15.5	-15.5	-29.05	-12.24	1.11	74.39	相对角度姿态	-12.24	1.11
Mac:DA:3E:20:B6:30:BA传感器0	-0.01	-0.22	0.25	23.68	23.68	-24.23	-16.2	3.31	73.02	相对角度姿态	-16.2	3.31
Mac:DA:3E:20:B6:30:BA传感器0	0.01	0.07	0.76	101.32	101.32	-6.59	-9.93	4.21	71.56	相对角度姿态	-9.93	4.21
Mac:DA:3E:20:B6:30:BA传感器0	-0.22	0.25	1.56	109.86	109.86	38.27	2.54	3.06	73.65	相对角度姿态	2.54	3.06
Mac:DA:3E:20:B6:30:BA传感器0	-0.47	0.62	1.83	74.16	74.16	18.92	12.91	3.22	77.31	相对角度姿态	12.91	3.22
Mac:DA:3E:20:B6:30:BA传感器0	-0.19	0.23	1.07	-20.51	-20.51	-16.91	13.39	1.71	76.3	相对角度姿态	13.39	1.71
Mac:DA:3E:20:B6:30:BA传感器0	-0.06	0.12	0.86	4.88	4.88	-10.31	11.83	0.68	75.2	相对角度姿态	11.83	0.68
Mac:DA:3E:20:B6:30:BA传感器0	-0.09	0.2	0.91	2.62	2.62	-1.83	12.68	2.09	75.62	相对角度姿态	12.68	2.09
Mac:DA:3E:20:B6:30:BA传感器0	-0.12	0.23	0.92	-3.42	-3.42	2.14	12.86	2.46	76.2	相对角度姿态	12.86	2.46
Mac:DA:3E:20:B6:30:BA传感器0	-0.16	0.23	0.91	-0.73	-0.73	1.59	12.73	2.63	76.85	相对角度姿态	12.73	2.63
Mac:DA:3E:20:B6:30:BA传感器0	-0.18	0.24	0.89	0	0	-4.46	12.94	3.1	77.15	相对角度姿态	12.94	3.1
Mac:DA:3E:20:B6:30:BA传感器0	-0.16	0.26	0.91	25.02	25.02	-49.87	13.86	4.91	75.94	相对角度姿态	13.86	4.91
Mac:DA:3E:20:B6:30:BA传感器0	-0.02	0.25	0.93	18.92	18.92	-45.17	15.19	7	73.31	相对角度姿态	15.19	7
Mac:DA:3E:20:B6:30:BA传感器0	0.28	0.37	0.87	31.13	31.13	-31.49	17.79	6.35	72.49	相对角度姿态	17.79	6.35
Mac:DA:3E:20:B6:30:BA传感器0	0.1	0.56	0.69	-38.51	-38.51	-33.45	17.31	9.35	73.46	相对角度姿态	17.31	9.35
Mac:DA:3E:20:B6:30:BA传感器0	-0.15	0.59	0.69	-66.28	-66.28	14.34	12.34	7.67	76.43	相对角度姿态	12.34	7.67
Mac:DA:3E:20:B6:30:BA传感器0	-0.77	0.17	0.8	13.43	13.43	115.91	9.12	5.58	84.38	相对角度姿态	9.12	5.58
Mac:DA:3E:20:B6:30:BA传感器0	-0.79	-0.03	0.94	10.74	10.74	95.89	11	6.4	95.55	相对角度姿态	11	6.4
Mac:DA:3E:20:B6:30:BA传感器0	-0.4	0.05	0.83	-11.72	-11.72	20.75	11.73	10.71	100.97	相对角度姿态	11.73	10.71
Mac:DA:3E:20:B6:30:BA传感器0	-0.19	0.18	0.97	-2.32	-2.32	12.57	11.48	13.27	102.41	相对角度姿态	11.48	13.27
Mac:DA:3E:20:B6:30:BA传感器0	-0.25	0.23	0.93	-0.18	-0.18	1.22	11.65	14.89	102.87	相对角度姿态	11.65	14.89
Mac:DA:3E:20:B6:30:BA传感器0	-0.17	0.2	0.96	6.35	6.35	-1.65	11.87	15.21	102.03	相对角度姿态	11.87	15.21
Mac:DA:3E:20:B6:30:BA传感器0	-0.15	0.18	0.88	-6.16	-6.16	-0.55	11.42	14.66	101.5	相对角度姿态	11.42	14.66
Mac:DA:3E:20:B6:30:BA传感器0	-0.14	0.22	0.92	1.65	1.65	4.33	11.42	14.37	101.2	相对角度姿态	11.42	14.37
Mac:DA:3E:20:B6:30:BA传感器0	-0.17	0.19	0.9	0	0	0.12	11.24	13.92	101.14	相对角度姿态	11.24	13.92
Mac:DA:3E:20:B6:30:BA传感器0	-0.2	0.18	0.87	2.01	2.01	4.03	11.48	14.16	101.2	相对角度姿态	11.48	14.16
Mac:DA:3E:20:B6:30:BA传感器0	-0.18	0.2	0.91	-1.1	-1.1	1.28	11.72	13.72	101.06	相对角度姿态	11.72	13.72
Mac:DA:3E:20:B6:30:BA传感器0	-0.18	0.21	0.91	-1.53	-1.53	1.95	11.7	13.56	100.76	相对角度姿态	11.7	13.56
Mac:DA:3E:20:B6:30:BA传感器0	-0.18	0.2	0.91	-2.26	-2.26	2.81	11.64	13.29	100.42	相对角度姿态	11.64	13.29
Mac:DA:3E:20:B6:30:BA传感器0	-0.18	0.2	0.89	-2.75	-2.75	0.55	11.48	13.07	100.1	相对角度姿态	11.48	13.07
Mac:DA:3E:20:B6:30:BA传感器0	-0.16	0.2	0.9	-1.22	-1.22	-0.18	11.42	12.79	99.74	相对角度姿态	11.42	12.79
Mac:DA:3E:20:B6:30:BA传感器0	-0.16	0.21	0.92	-2.5	-2.5	-0.43	11.39	12.53	99.47	相对角度姿态	11.39	12.53
Mac:DA:3E:20:B6:30:BA传感器0	-0.16	0.14	0.88	-0.61	-0.61	5.13	10.6	12.5	99.21	相对角度姿态	10.6	12.5
Mac:DA:3E:20:B6:30:BA传感器0	-0.18	0.2	0.9	-0.43	-0.43	-1.34	11.23	12.33	99.22	相对角度姿态	11.23	12.33
Mac:DA:3E:20:B6:30:BA传感器0	-0.16	0.19	0.9	-4.76	-4.76	0.49	11.15	11.91	98.88	相对角度姿态	11.15	11.91
Mac:DA:3E:20:B6:30:BA传感器0	-0.16	0.19	0.9	0.43	0.43	4.82	11.09	11.4	98.82	相对角度姿态	11.09	11.4
Mac:DA:3E:20:B6:30:BA传感器0	-0.15	0.19	0.91	-0.67	-0.67	-0.43	11.22	10.96	98.57	相对角度姿态	11.22	10.96
Mac:DA:3E:20:B6:30:BA传感器0	-0.15	0.19	0.91	-2.01	-2.01	0.43	11.14	10.85	98.38	相对角度姿态	11.14	10.85
Mac:DA:3E:20:B6:30:BA传感器0	-0.16	0.21	0.91	0	0	0.98	11.3	10.73	98.26	相对角度姿态	11.3	10.73
Mac:DA:3E:20:B6:30:BA传感器0	-0.15	0.2	0.92	0.73	0.73	0.12	11.37	10.63	98.07	相对角度姿态	11.37	10.63
Mac:DA:3E:20:B6:30:BA传感器0	-0.15	0.19	0.9	2.44	2.44	1.46	11.46	10.58	97.99	相对角度姿态	11.46	10.58
Mac:DA:3E:20:B6:30:BA传感器0	-0.16	0.2	0.91	-1.71	-1.71	0.43	11.6	10.48	97.94	相对角度姿态	11.6	10.48
Mac:DA:3E:20:B6:30:BA传感器0	-0.15	0.19	0.9	-2.08	-2.08	-0.79	11.56	10.43	97.76	相对角度姿态	11.56	10.43
Mac:DA:3E:20:B6:30:BA传感器0	-0.15	0.19	0.89	-0.24	-0.24	0.79	11.56	10.33	97.62	相对角度姿态	11.56	10.33
Mac:DA:3E:20:B6:30:BA传感器0	-0.15	0.2	0.9	1.34	1.34	0.18	11.64	10.32	97.54	相对角度姿态	11.64	10.32
Mac:DA:3E:20:B6:30:BA传感器0	-0.15	0.21	0.9	-0.49	-0.49	0.43	11.83	10.31	97.46	相对角度姿态	11.83	10.31
Mac:DA:3E:20:B6:30:BA传感器0	-0.14	0.21	0.92	2.32	2.32	0.43	11.99	10.34	97.34	相对角度姿态	11.99	10.34
Mac:DA:3E:20:B6:30:BA传感器0	-0.18	0.22	0.91	-2.08	-2.08	-0.37	12.07	10.29	97.36	相对角度姿态	12.07	10.29
Mac:DA:3E:20:B6:30:BA传感器0	-0.15	0.2	0.9	0.18	0.18	0.98	12.1	10.27	97.25	相对角度姿态	12.1	10.27
Mac:DA:3E:20:B6:30:BA传感器0	-0.13	0.21	0.91	2.14	2.14	-0.67	12.28	10.31	97.11	相对角度姿态	12.28	10.31
Mac:DA:3E:20:B6:30:BA传感器0	-0.14	0.22	0.91	1.77	1.77	0.06	12.46	10.43	97.05	相对角度姿态	12.46	10.43
Mac:DA:3E:20:B6:30:BA传感器0	-0.18	0.2	0.86	-0.49	-0.49	2.56	12.48	11.06	97.25	相对角度姿态	12.48	11.06
Mac:DA:3E:20:B6:30:BA传感器0	-0.18	0.21	0.89	3.05	3.05	-0.12	12.82	11	97.3	相对角度姿态	12.82	11
Mac:DA:3E:20:B6:30:BA传感器0	-0.18	0.22	0.9	-1.04	-1.04	-1.16	13.06	10.88	97.2	相对角度姿态	13.06	10.88
Mac:DA:3E:20:B6:30:BA传感器0	-0.17	0.2	0.92	8.97	8.97	-0.61	13.28	10.88	97.1	相对角度姿态	13.28	10.88
Mac:DA:3E:20:B6:30:BA传感器0	-0.25	0.29	1.15	20.51	20.51	-10.13	14.77	10.46	96.83	相对角度姿态	14.77	10.46
Mac:DA:3E:20:B6:30:BA传感器0	-0.1	0.41	1.75	71.11	71.11	9.77	17.94	10.59	95.57	相对角度姿态	17.94	10.59
Mac:DA:3E:20:B6:30:BA传感器0	-0.34	0.78	1.29	-20.08	-20.08	26.43	19.87	8.81	96.59	相对角度姿态	19.87	8.81
Mac:DA:3E:20:B6:30:BA传感器0	-0.27	0.74	0.76	-98.08	-98.08	-17.03	15.16	7.74	96.6	相对角度姿态	15.16	7.74
Mac:DA:3E:20:B6:30:BA传感器0	0.01	0.1	0.12	-148.86	-148.86	-52.31	5.82	11.77	93.37	相对角度姿态	5.82	11.77
Mac:DA:3E:20:B6:30:BA传感器0	0.09	-0.3	0.34	-47.79	-47.79	1.77	-7.33	12.37	89.41	相对角度姿态	-7.33	12.37
Mac:DA:3E:20:B6:30:BA传感器0	0.03	-0.29	0.73	-2.14	-2.14	14.65	-11.21	9.85	92.11	相对角度姿态	-11.21	9.85
Mac:DA:3E:20:B6:30:BA传感器0	-0.15	-0.17	0.97	-2.32	-2.32	2.56	-11.58	9.66	93.73	相对角度姿态	-11.58	9.66
Mac:DA:3E:20:B6:30:BA传感器0	-0.21	-0.16	0.96	2.2	2.2	-1.83	-11.96	9.88	94.33	相对角度姿态	-11.96	9.88
Mac:DA:3E:20:B6:30:BA传感器0	-0.19	-0.19	0.99	6.23	6.23	7.63	-11.38	10.29	94.65	相对角度姿态	-11.38	10.29
Mac:DA:3E:20:B6:30:BA传感器0	-0.32	-0.18	0.98	4.39	4.39	14.59	-10.89	10.21	96.18	相对角度姿态	-10.89	10.21
Mac:DA:3E:20:B6:30:BA传感器0	-0.58	-0.18	0.87	1.77	1.77	10.07	-10.72	10.73	97.36	相对角度姿态	-10.72	10.73
Mac:DA:3E:20:B6:30:BA传感器0	-0.71	0.03	0.96	9.22	9.22	-19.04	-9.2	9.83	97.3	相对角度姿态	-9.2	9.83
Mac:DA:3E:20:B6:30:BA传感器0	-0.51	0.33	1.07	-5.8	-5.8	-21.79	-7.8	4.18	96.88	相对角度姿态	-7.8	4.18
Mac:DA:3E:20:B6:30:BA传感器0	0.06	0.15	0.82	-38.15	-38.15	-116.82	-9.77	2.7	88.45	相对角度姿态	-9.77	2.7
Mac:DA:3E:20:B6:30:BA传感器0	0.8	-0.3	0.94	32.23	32.23	-92.47	-13.63	-4.15	80.4	相对角度姿态	-13.63	-4.15
Mac:DA:3E:20:B6:30:BA传感器0	0.56	-0.27	1.13	-15.38	-15.38	-17.09	-11.22	-5.45	76.51	相对角度姿态	-11.22	-5.45
Mac:DA:3E:20:B6:30:BA传感器0	0.15	-0.22	1.04	6.16	6.16	0.37	-12.04	-5.54	76.8	相对角度姿态	-12.04	-5.54
Mac:DA:3E:20:B6:30:BA传感器0	0.01	-0.13	1.1	10.86	10.86	-0.37	-10.38	-5.14	77.96	相对角度姿态	-10.38	-5.14
Mac:DA:3E:20:B6:30:BA传感器0	-0.17	-0.13	1.01	2.62	2.62	-6.16	-9.55	-3.43	78.22	相对角度姿态	-9.55	-3.43
Mac:DA:3E:20:B6:30:BA传感器0	-0.07	-0.16	1.01	19.1	19.1	-11.41	-9.7	-3.27	78.46	相对角度姿态	-9.7	-3.27
Mac:DA:3E:20:B6:30:BA传感器0	0.05	-0.19	0.96	6.65	6.65	-11.11	-9.04	-3.26	78.2	相对角度姿态	-9.04	-3.26
Mac:DA:3E:20:B6:30:BA传感器0	-0.08	-0.23	0.75	-6.47	-6.47	-7.81	-9.2	-2.93	78.11	相对角度姿态	-9.2	-2.93
Mac:DA:3E:20:B6:30:BA传感器0	-0.09	-0.3	0.44	0.31	0.31	-36.32	-9.7	-1.42	76.92	相对角度姿态	-9.7	-1.42
Mac:DA:3E:20:B6:30:BA传感器0	-0.02	-0.19	0.3	51.64	51.64	-30.76	-7.85	0.45	74.07	相对角度姿态	-7.85	0.45
Mac:DA:3E:20:B6:30:BA传感器0	0.18	0.4	0.95	71.53	71.53	-9.22	0.74	-6.12	73.82	相对角度姿态	0.74	-6.12
Mac:DA:3E:20:B6:30:BA传感器0	0.21	0.48	1.66	94.42	94.42	-6.41	10.77	-10.05	72.2	相对角度姿态	10.77	-10.05
Mac:DA:3E:20:B6:30:BA传感器0	-0.17	0.6	1.66	12.15	12.15	-3.42	17.47	-7.44	73.4	相对角度姿态	17.47	-7.44
Mac:DA:3E:20:B6:30:BA传感器0	-0.12	0.33	1.09	-15.56	-15.56	-15.87	16.37	-5.38	73.27	相对角度姿态	16.37	-5.38
Mac:DA:3E:20:B6:30:BA传感器0	-0.06	0.24	0.85	-8.06	-8.06	-8.36	14.46	-4.21	72.88	相对角度姿态	14.46	-4.21
Mac:DA:3E:20:B6:30:BA传感器0	0	0.19	0.87	-4.94	-4.94	-0.37	13.08	-3.72	72.74	相对角度姿态	13.08	-3.72
Mac:DA:3E:20:B6:30:BA传感器0	0.02	0.16	0.87	-3.23	-3.23	1.59	12.07	-3.44	73.32	相对角度姿态	12.07	-3.44
Mac:DA:3E:20:B6:30:BA传感器0	-0.01	0.21	0.92	-11.84	-11.84	-2.93	12.54	-3.19	73.97	相对角度姿态	12.54	-3.19
Mac:DA:3E:20:B6:30:BA传感器0	0.02	0.25	0.91	8	8	-10.62	12.57	-3.04	73.99	相对角度姿态	12.57	-3.04
Mac:DA:3E:20:B6:30:BA传感器0	0.27	0.29	0.89	-2.14	-2.14	-41.44	13.91	0.18	71.22	相对角度姿态	13.91	0.18
Mac:DA:3E:20:B6:30:BA传感器0	0.39	0.36	0.85	-39.79	-39.79	11.9	12.24	0.72	70.88	相对角度姿态	12.24	0.72
Mac:DA:3E:20:B6:30:BA传感器0	0.26	0.4	0.75	-15.99	-15.99	59.57	9.97	1.27	75.23	相对角度姿态	9.97	1.27
Mac:DA:3E:20:B6:30:BA传感器0	-0.47	0.52	0.78	-5.31	-5.31	94.6	9.61	1.88	84.57	相对角度姿态	9.61	1.88
Mac:DA:3E:20:B6:30:BA传感器0	-0.96	0.24	0.95	43.15	43.15	109.25	11.72	2.16	95	相对角度姿态	11.72	2.16
Mac:DA:3E:20:B6:30:BA传感器0	-0.63	-0.05	0.86	-7.87	-7.87	31.31	12.33	6.72	101.63	相对角度姿态	12.33	6.72
Mac:DA:3E:20:B6:30:BA传感器0	-0.25	0.09	0.97	-10.25	-10.25	6.23	11.21	9.58	102.83	相对角度姿态	11.21	9.58
Mac:DA:3E:20:B6:30:BA传感器0	-0.12	0.2	0.92	-0.79	-0.79	9.09	10.84	11.48	103.22	相对角度姿态	10.84	11.48
Mac:DA:3E:20:B6:30:BA传感器0	-0.15	0.18	0.88	7.02	7.02	3.85	10.84	11.95	103.13	相对角度姿态	10.84	11.95
Mac:DA:3E:20:B6:30:BA传感器0	-0.12	0.21	0.94	-4.76	-4.76	0	11.59	11.44	102.99	相对角度姿态	11.59	11.44
Mac:DA:3E:20:B6:30:BA传感器0	-0.15	0.16	0.86	-6.16	-6.16	2.01	11.04	11.96	102.76	相对角度姿态	11.04	11.96
Mac:DA:3E:20:B6:30:BA传感器0	-0.16	0.16	0.9	-4.09	-4.09	1.53	10.78	11.83	102.55	相对角度姿态	10.78	11.83
Mac:DA:3E:20:B6:30:BA传感器0	-0.19	0.19	0.9	-4.15	-4.15	0.43	10.91	11.88	102.35	相对角度姿态	10.91	11.88
Mac:DA:3E:20:B6:30:BA传感器0	-0.15	0.22	0.92	4.46	4.46	2.01	11.41	11.8	101.84	相对角度姿态	11.41	11.8
Mac:DA:3E:20:B6:30:BA传感器0	-0.15	0.22	0.92	0.12	0.12	0	11.5	11.38	101.45	相对角度姿态	11.5	11.38
Mac:DA:3E:20:B6:30:BA传感器0	-0.14	0.19	0.9	1.46	1.46	-0.73	11.47	11.07	101.02	相对角度姿态	11.47	11.07
Mac:DA:3E:20:B6:30:BA传感器0	-0.14	0.22	0.94	1.71	1.71	2.01	11.79	10.65	100.73	相对角度姿态	11.79	10.65
Mac:DA:3E:20:B6:30:BA传感器0	-0.13	0.22	0.93	-1.95	-1.95	1.22	11.56	10.22	100.39	相对角度姿态	11.56	10.22
Mac:DA:3E:20:B6:30:BA传感器0	-0.13	0.2	0.91	0.49	0.49	1.59	11.32	10.06	100.06	相对角度姿态	11.32	10.06
Mac:DA:3E:20:B6:30:BA传感器0	-0.13	0.19	0.9	1.1	1.1	-1.59	11.27	9.79	99.69	相对角度姿态	11.27	9.79
Mac:DA:3E:20:B6:30:BA传感器0	-0.13	0.21	0.94	-1.83	-1.83	2.32	11.44	9.58	99.5	相对角度姿态	11.44	9.58
Mac:DA:3E:20:B6:30:BA传感器0	-0.14	0.19	0.89	0	0	1.46	11.4	9.49	99.59	相对角度姿态	11.4	9.49
Mac:DA:3E:20:B6:30:BA传感器0	-0.11	0.2	0.92	3.97	3.97	2.93	11.61	9.26	99.41	相对角度姿态	11.61	9.26
Mac:DA:3E:20:B6:30:BA传感器0	-0.13	0.2	0.91	0.55	0.55	0.61	11.75	9.2	99.18	相对角度姿态	11.75	9.2
Mac:DA:3E:20:B6:30:BA传感器0	-0.12	0.21	0.92	-0.18	-0.18	-1.04	11.85	9.09	99.01	相对角度姿态	11.85	9.09
Mac:DA:3E:20:B6:30:BA传感器0	-0.14	0.21	0.91	-1.71	-1.71	-0.85	11.9	9.04	98.79	相对角度姿态	11.9	9.04
Mac:DA:3E:20:B6:30:BA传感器0	-0.13	0.2	0.9	2.5	2.5	-0.43	11.81	9.03	98.48	相对角度姿态	11.81	9.03
Mac:DA:3E:20:B6:30:BA传感器0	-0.12	0.21	0.9	0.79	0.79	-0.92	11.91	8.91	98.18	相对角度姿态	11.91	8.91
Mac:DA:3E:20:B6:30:BA传感器0	-0.13	0.21	0.91	-1.22	-1.22	-1.83	12.07	8.77	98.01	相对角度姿态	12.07	8.77
Mac:DA:3E:20:B6:30:BA传感器0	-0.13	0.2	0.88	1.22	1.22	-0.12	12.22	8.83	97.87	相对角度姿态	12.22	8.83
Mac:DA:3E:20:B6:30:BA传感器0	-0.11	0.23	0.95	2.56	2.56	0.06	12.61	8.83	97.76	相对角度姿态	12.61	8.83
Mac:DA:3E:20:B6:30:BA传感器0	-0.14	0.19	1.08	20.02	20.02	16.36	13.69	8.16	98.63	相对角度姿态	13.69	8.16
Mac:DA:3E:20:B6:30:BA传感器0	-0.14	0.19	1.08	20.02	20.02	16.36	13.69	8.16	98.63	相对角度姿态	13.69	8.16
Mac:DA:3E:20:B6:30:BA传感器0	-0.31	0.33	1.33	55.66	55.66	20.69	18.4	9.74	100.61	相对角度姿态	18.4	9.74
Mac:DA:3E:20:B6:30:BA传感器0	-0.29	0.93	1.59	7.69	7.69	-8.97	23.51	8.16	100.78	相对角度姿态	23.51	8.16
Mac:DA:3E:20:B6:30:BA传感器0	-0.13	0.82	1.14	-91.55	-91.55	-15.14	18.35	5.77	98.48	相对角度姿态	18.35	5.77
Mac:DA:3E:20:B6:30:BA传感器0	0.04	0.09	0.14	-137.21	-137.21	-38.45	5.87	8.79	96.02	相对角度姿态	5.87	8.79
Mac:DA:3E:20:B6:30:BA传感器0	0	-0.32	0.17	2.81	2.81	-24.54	-5	13.3	93.16	相对角度姿态	-5	13.3
Mac:DA:3E:20:B6:30:BA传感器0	-0.1	-0.09	0.86	-9.09	-9.09	4.33	-6.76	10.54	96.97	相对角度姿态	-6.76	10.54
Mac:DA:3E:20:B6:30:BA传感器0	-0.1	-0.09	0.86	-9.09	-9.09	4.33	-6.76	10.54	96.97	相对角度姿态	-6.76	10.54
Mac:DA:3E:20:B6:30:BA传感器0	-0.23	0.03	1.04	15.32	15.32	9.64	-5.39	11.1	97.5	相对角度姿态	-5.39	11.1
Mac:DA:3E:20:B6:30:BA传感器0	-0.23	-0.05	0.98	-10.68	-10.68	4.88	-5.17	11.69	98.28	相对角度姿态	-5.17	11.69
Mac:DA:3E:20:B6:30:BA传感器0	-0.3	-0.05	0.94	-0.06	-0.06	2.69	-5.04	11.51	99.18	相对角度姿态	-5.04	11.51
Mac:DA:3E:20:B6:30:BA传感器0	-0.46	-0.05	0.96	1.95	1.95	-9.7	-4.48	12.28	98.4	相对角度姿态	-4.48	12.28
Mac:DA:3E:20:B6:30:BA传感器0	-0.61	0	1	-3.54	-3.54	8.97	-4.28	11.79	98.09	相对角度姿态	-4.28	11.79
Mac:DA:3E:20:B6:30:BA传感器0	-0.6	0.19	0.94	-28.87	-28.87	4.94	-4.71	9.11	99.22	相对角度姿态	-4.71	9.11
Mac:DA:3E:20:B6:30:BA传感器0	-0.28	0.09	0.63	6.77	6.77	-184.33	-6.93	10.93	92.14	相对角度姿态	-6.93	10.93
Mac:DA:3E:20:B6:30:BA传感器0	0.54	-0.09	0.97	12.82	12.82	-102.78	-6.99	9.2	76.19	相对角度姿态	-6.99	9.2
Mac:DA:3E:20:B6:30:BA传感器0	0.33	0.07	1.41	17.58	17.58	-5.07	-3.07	5.59	73.03	相对角度姿态	-3.07	5.59
Mac:DA:3E:20:B6:30:BA传感器0	-0.05	-0.11	0.92	-29.17	-29.17	12.45	-5.92	3.49	74.84	相对角度姿态	-5.92	3.49
Mac:DA:3E:20:B6:30:BA传感器0	-0.16	-0.07	1.03	6.71	6.71	4.94	-5.94	3.87	75.74	相对角度姿态	-5.94	3.87
Mac:DA:3E:20:B6:30:BA传感器0	-0.17	-0.11	0.97	11.96	11.96	-3.05	-5.99	3.54	76.53	相对角度姿态	-5.99	3.54
Mac:DA:3E:20:B6:30:BA传感器0	-0.07	-0.14	1.01	9.95	9.95	-11.72	-5.08	3.05	76.22	相对角度姿态	-5.08	3.05
Mac:DA:3E:20:B6:30:BA传感器0	-0.08	-0.13	0.93	-0.31	-0.31	-2.14	-4.65	2.61	76.05	相对角度姿态	-4.65	2.61
Mac:DA:3E:20:B6:30:BA传感器0	-0.2	-0.12	0.65	-16.85	-16.85	-17.76	-5.3	2.3	75.87	相对角度姿态	-5.3	2.3
Mac:DA:3E:20:B6:30:BA传感器0	-0.06	-0.22	0.46	1.34	1.34	-35.77	-6.5	2.08	73.4	相对角度姿态	-6.5	2.08
Mac:DA:3E:20:B6:30:BA传感器0	-0.12	-0.08	0.3	51.57	51.57	-19.35	-6.92	0.75	71.92	相对角度姿态	-6.92	0.75
Mac:DA:3E:20:B6:30:BA传感器0	0.11	0.35	1.62	63.96	63.96	-12.02	14.36	-2.7	69.95	相对角度姿态	14.36	-2.7
Mac:DA:3E:20:B6:30:BA传感器0	0.11	0.35	1.62	63.96	63.96	-12.02	14.36	-2.7	69.95	相对角度姿态	14.36	-2.7
Mac:DA:3E:20:B6:30:BA传感器0	-0.04	0.4	1.32	5.31	5.31	1.4	19.22	-1.24	71.1	相对角度姿态	19.22	-1.24
Mac:DA:3E:20:B6:30:BA传感器0	-0.12	0.35	1.01	-8.73	-8.73	5.98	19.04	-1.2	71.93	相对角度姿态	19.04	-1.2
Mac:DA:3E:20:B6:30:BA传感器0	-0.14	0.32	0.95	-5.86	-5.86	-0.18	18.31	-0.86	72.71	相对角度姿态	18.31	-0.86
Mac:DA:3E:20:B6:30:BA传感器0	-0.08	0.29	0.87	-5.25	-5.25	-4.03	17.4	-0.18	72.92	相对角度姿态	17.4	-0.18
Mac:DA:3E:20:B6:30:BA传感器0	-0.04	0.26	0.83	-9.95	-9.95	-8.73	16.68	0.19	72.8	相对角度姿态	16.68	0.19
Mac:DA:3E:20:B6:30:BA传感器0	-0.05	0.25	0.86	2.87	2.87	-3.17	16.35	0.23	72.71	相对角度姿态	16.35	0.23
Mac:DA:3E:20:B6:30:BA传感器0	-0.04	0.29	0.89	-1.34	-1.34	-4.64	16.78	0.52	72.92	相对角度姿态	16.78	0.52
Mac:DA:3E:20:B6:30:BA传感器0	0.15	0.32	0.98	0.67	0.67	-32.84	16.77	0.12	72.17	相对角度姿态	16.77	0.12
Mac:DA:3E:20:B6:30:BA传感器0	0.34	0.3	0.84	-23.99	-23.99	-10.86	15.43	1.73	71.44	相对角度姿态	15.43	1.73
Mac:DA:3E:20:B6:30:BA传感器0	0.44	0.35	0.72	-10.25	-10.25	105.59	14.05	-0.44	77.59	相对角度姿态	14.05	-0.44
Mac:DA:3E:20:B6:30:BA传感器0	0.13	0.58	0.89	-10.74	-10.74	137.82	14.3	-1.94	90.03	相对角度姿态	14.3	-1.94
Mac:DA:3E:20:B6:30:BA传感器0	-0.66	0.42	0.7	-26.12	-26.12	87.83	14.07	1.42	99.53	相对角度姿态	14.07	1.42
Mac:DA:3E:20:B6:30:BA传感器0	-0.67	0.18	1	2.93	2.93	65.61	12.97	-1.23	107.25	相对角度姿态	12.97	-1.23
Mac:DA:3E:20:B6:30:BA传感器0	-0.37	0.15	0.97	-0.61	-0.61	-13.43	14.43	4.76	109.62	相对角度姿态	14.43	4.76
Mac:DA:3E:20:B6:30:BA传感器0	-0.09	0.21	0.93	0.85	0.85	-11.35	13.66	8.07	108.72	相对角度姿态	13.66	8.07
Mac:DA:3E:20:B6:30:BA传感器0	-0.03	0.21	0.92	-0.98	-0.98	-3.48	13.1	9.25	107.72	相对角度姿态	13.1	9.25
Mac:DA:3E:20:B6:30:BA传感器0	-0.06	0.2	0.9	-4.82	-4.82	-4.76	12.77	9.72	106.92	相对角度姿态	12.77	9.72
Mac:DA:3E:20:B6:30:BA传感器0	-0.08	0.19	0.9	2.26	2.26	-0.49	12.29	9.43	105.58	相对角度姿态	12.29	9.43
Mac:DA:3E:20:B6:30:BA传感器0	-0.08	0.19	0.9	2.26	2.26	-0.49	12.29	9.43	105.58	相对角度姿态	12.29	9.43
Mac:DA:3E:20:B6:30:BA传感器0	-0.11	0.21	0.96	-5.07	-5.07	5.07	12.49	9.49	105.49	相对角度姿态	12.49	9.49
Mac:DA:3E:20:B6:30:BA传感器0	-0.15	0.22	0.92	-4.15	-4.15	-1.71	12.25	9.79	105.33	相对角度姿态	12.25	9.79
Mac:DA:3E:20:B6:30:BA传感器0	-0.09	0.21	0.94	-2.14	-2.14	-0.18	12.07	9.59	104.67	相对角度姿态	12.07	9.59
Mac:DA:3E:20:B6:30:BA传感器0	-0.08	0.17	0.9	0.31	0.31	-0.49	11.65	9.29	104.17	相对角度姿态	11.65	9.29
Mac:DA:3E:20:B6:30:BA传感器0	-0.11	0.19	0.91	-0.12	-0.12	-1.1	11.56	8.93	103.91	相对角度姿态	11.56	8.93
Mac:DA:3E:20:B6:30:BA传感器0	-0.12	0.2	0.92	2.44	2.44	-2.56	11.74	9.06	103.46	相对角度姿态	11.74	9.06
Mac:DA:3E:20:B6:30:BA传感器0	-0.1	0.2	0.92	0.61	0.61	-2.2	11.86	8.94	102.89	相对角度姿态	11.86	8.94
Mac:DA:3E:20:B6:30:BA传感器0	-0.1	0.21	0.92	-1.53	-1.53	-0.37	11.94	8.73	102.45	相对角度姿态	11.94	8.73
Mac:DA:3E:20:B6:30:BA传感器0	-0.1	0.21	0.92	1.53	1.53	1.04	11.98	8.59	102.18	相对角度姿态	11.98	8.59
Mac:DA:3E:20:B6:30:BA传感器0	-0.1	0.19	0.91	-1.16	-1.16	1.28	11.89	8.45	101.92	相对角度姿态	11.89	8.45
Mac:DA:3E:20:B6:30:BA传感器0	-0.11	0.21	0.91	0.79	0.79	-0.61	11.99	8.52	101.65	相对角度姿态	11.99	8.52
Mac:DA:3E:20:B6:30:BA传感器0	-0.11	0.23	0.93	3.17	3.17	1.16	12.32	8.37	101.37	相对角度姿态	12.32	8.37
Mac:DA:3E:20:B6:30:BA传感器0	-0.1	0.22	0.92	1.4	1.4	0.37	12.61	8.42	101.16	相对角度姿态	12.61	8.42
Mac:DA:3E:20:B6:30:BA传感器0	-0.1	0.21	0.91	0.55	0.55	3.42	12.75	8.23	101.11	相对角度姿态	12.75	8.23
Mac:DA:3E:20:B6:30:BA传感器0	-0.1	0.22	0.9	1.77	1.77	0.12	12.93	8.19	100.94	相对角度姿态	12.93	8.19
Mac:DA:3E:20:B6:30:BA传感器0	-0.11	0.22	0.9	0.55	0.55	-1.34	13.11	8.01	100.68	相对角度姿态	13.11	8.01
Mac:DA:3E:20:B6:30:BA传感器0	-0.11	0.23	0.91	1.83	1.83	-0.79	13.3	8.15	100.55	相对角度姿态	13.3	8.15
Mac:DA:3E:20:B6:30:BA传感器0	-0.1	0.23	0.91	2.69	2.69	0.92	13.51	8.15	100.42	相对角度姿态	13.51	8.15
Mac:DA:3E:20:B6:30:BA传感器0	-0.11	0.22	0.88	4.46	4.46	-0.67	13.72	8.23	100.35	相对角度姿态	13.72	8.23
Mac:DA:3E:20:B6:30:BA传感器0	-0.11	0.22	0.97	6.53	6.53	0.24	14.31	8.23	100.4	相对角度姿态	14.31	8.23
Mac:DA:3E:20:B6:30:BA传感器0	-0.2	0.31	1.32	20.08	20.08	-4.33	15.89	8.54	100.37	相对角度姿态	15.89	8.54
Mac:DA:3E:20:B6:30:BA传感器0	-0.32	0.55	1.5	30.88	30.88	-11.23	18.63	9.64	99.82	相对角度姿态	18.63	9.64
Mac:DA:3E:20:B6:30:BA传感器0	-0.32	0.53	1.15	-44.19	-44.19	1.1	16.73	8.97	98.14	相对角度姿态	16.73	8.97
Mac:DA:3E:20:B6:30:BA传感器0	-0.06	0.54	0.86	-79.16	-79.16	4.52	12.76	6.65	98.34	相对角度姿态	12.76	6.65
Mac:DA:3E:20:B6:30:BA传感器0	-0.08	0.15	0.33	-129.52	-129.52	-11.05	3	9.5	98.11	相对角度姿态	3	9.5
Mac:DA:3E:20:B6:30:BA传感器0	-0.07	-0.37	0.32	-10.62	-10.62	-9.22	-8.17	10.79	97.1	相对角度姿态	-8.17	10.79
Mac:DA:3E:20:B6:30:BA传感器0	-0.02	-0.31	0.73	1.16	1.16	20.26	-10.08	10.62	98.53	相对角度姿态	-10.08	10.62
Mac:DA:3E:20:B6:30:BA传感器0	-0.15	-0.11	1.01	-0.85	-0.85	1.71	-8.77	10.68	99.11	相对角度姿态	-8.77	10.68
Mac:DA:3E:20:B6:30:BA传感器0	-0.23	-0.11	1	-2.69	-2.69	-2.81	-8.62	11.18	98.53	相对角度姿态	-8.62	11.18
Mac:DA:3E:20:B6:30:BA传感器0	-0.31	-0.15	0.95	6.41	6.41	-1.59	-8.4	10.83	98.53	相对角度姿态	-8.4	10.83
Mac:DA:3E:20:B6:30:BA传感器0	-0.41	-0.1	0.92	14.28	14.28	-14.34	-7.49	9.93	98.2	相对角度姿态	-7.49	9.93
Mac:DA:3E:20:B6:30:BA传感器0	-0.48	-0.05	0.95	-3.23	-3.23	-15.38	-6.67	9.22	96.69	相对角度姿态	-6.67	9.22
Mac:DA:3E:20:B6:30:BA传感器0	-0.63	0	0.82	-10.8	-10.8	-28.5	-7.59	10.76	94.36	相对角度姿态	-7.59	10.76
Mac:DA:3E:20:B6:30:BA传感器0	-0.48	0.57	0.94	-4.64	-4.64	-96.86	-8.27	9.27	90.81	相对角度姿态	-8.27	9.27
Mac:DA:3E:20:B6:30:BA传感器0	0.79	-0.22	1.04	8.18	8.18	-140.99	-9.31	5.31	75.75	相对角度姿态	-9.31	5.31
Mac:DA:3E:20:B6:30:BA传感器0	0.56	-0.22	1.12	18.37	18.37	-28.75	-8.59	-0.2	71.05	相对角度姿态	-8.59	-0.2
Mac:DA:3E:20:B6:30:BA传感器0	-0.14	-0.16	1.05	-9.64	-9.64	2.56	-8.44	-3.53	72.63	相对角度姿态	-8.44	-3.53
Mac:DA:3E:20:B6:30:BA传感器0	-0.14	-0.16	1.05	-9.64	-9.64	2.56	-8.44	-3.53	72.63	相对角度姿态	-8.44	-3.53
Mac:DA:3E:20:B6:30:BA传感器0	-0.12	-0.12	1.04	-4.76	-4.76	-13.85	-8.38	-2.5	72.5	相对角度姿态	-8.38	-2.5
Mac:DA:3E:20:B6:30:BA传感器0	-0.02	-0.21	0.95	13.37	13.37	-12.02	-8.64	-1.85	72.02	相对角度姿态	-8.64	-1.85
Mac:DA:3E:20:B6:30:BA传感器0	-0.03	-0.18	0.82	7.69	7.69	-18.13	-7.99	-1.73	71.87	相对角度姿态	-7.99	-1.73
Mac:DA:3E:20:B6:30:BA传感器0	0	-0.3	0.53	8.42	8.42	-23.07	-8.84	-1.98	71.37	相对角度姿态	-8.84	-1.98
Mac:DA:3E:20:B6:30:BA传感器0	0	-0.2	0.68	19.9	19.9	-31.31	-6.54	-1.34	70.09	相对角度姿态	-6.54	-1.34
Mac:DA:3E:20:B6:30:BA传感器0	-0.12	0.07	0.63	42.72	42.72	-11.66	-3.38	0.81	68.77	相对角度姿态	-3.38	0.81
Mac:DA:3E:20:B6:30:BA传感器0	-0.22	0.15	0.91	60.36	60.36	12.76	0.75	1.36	70.14	相对角度姿态	0.75	1.36
Mac:DA:3E:20:B6:30:BA传感器0	-0.18	0.44	1.71	89.6	89.6	15.01	11.59	1.27	72.45	相对角度姿态	11.59	1.27
Mac:DA:3E:20:B6:30:BA传感器0	-0.13	0.27	1.4	22.16	22.16	3.17	15.38	1.46	73.45	相对角度姿态	15.38	1.46
Mac:DA:3E:20:B6:30:BA传感器0	-0.15	0.2	0.93	-17.33	-17.33	-3.6	15	2.69	74.48	相对角度姿态	15	2.69
Mac:DA:3E:20:B6:30:BA传感器0	-0.16	0.23	0.81	-4.21	-4.21	0.24	14.22	3.96	75.28	相对角度姿态	14.22	3.96
Mac:DA:3E:20:B6:30:BA传感器0	-0.13	0.23	0.89	-1.34	-1.34	-5.19	14.05	4.61	75.53	相对角度姿态	14.05	4.61
Mac:DA:3E:20:B6:30:BA传感器0	-0.12	0.2	0.9	-1.95	-1.95	-2.5	14.05	4.92	75.67	相对角度姿态	14.05	4.92
Mac:DA:3E:20:B6:30:BA传感器0	-0.12	0.23	0.91	0.98	0.98	-5.31	14.29	5.12	75.98	相对角度姿态	14.29	5.12
Mac:DA:3E:20:B6:30:BA传感器0	-0.06	0.28	0.91	19.96	19.96	-3.6	15.3	5.02	75.94	相对角度姿态	15.3	5.02
Mac:DA:3E:20:B6:30:BA传感器0	0.08	0.27	0.87	22.71	22.71	-31.86	16.61	4.75	75.28	相对角度姿态	16.61	4.75
Mac:DA:3E:20:B6:30:BA传感器0	0.32	0.48	0.96	5.07	5.07	-17.88	19.23	6.51	72.59	相对角度姿态	19.23	6.51
Mac:DA:3E:20:B6:30:BA传感器0	0.21	0.46	0.77	-33.81	-33.81	0	17.11	7.2	72.7	相对角度姿态	17.11	7.2
Mac:DA:3E:20:B6:30:BA传感器0	-0.16	0.52	0.76	-65.37	-65.37	111.27	12.5	4.18	77.39	相对角度姿态	12.5	4.18
Mac:DA:3E:20:B6:30:BA传感器0	-0.69	0.1	0.76	-16.42	-16.42	121.89	9.24	2.84	88.06	相对角度姿态	9.24	2.84
Mac:DA:3E:20:B6:30:BA传感器0	-0.6	-0.02	0.92	8.18	8.18	61.83	10.4	3.38	98.07	相对角度姿态	10.4	3.38
Mac:DA:3E:20:B6:30:BA传感器0	-0.45	0.07	0.95	-13.24	-13.24	24.9	11.32	9.4	102.19	相对角度姿态	11.32	9.4
Mac:DA:3E:20:B6:30:BA传感器0	-0.17	0.16	0.89	-2.14	-2.14	-7.26	9.14	13.39	103.61	相对角度姿态	9.14	13.39
Mac:DA:3E:20:B6:30:BA传感器0	-0.17	0.16	0.89	-2.14	-2.14	-7.26	9.14	13.39	103.61	相对角度姿态	9.14	13.39
Mac:DA:3E:20:B6:30:BA传感器0	-0.05	0.18	1.03	-0.31	-0.31	0	9.39	11.99	102.58	相对角度姿态	9.39	11.99
Mac:DA:3E:20:B6:30:BA传感器0	-0.1	0.16	0.93	-9.22	-9.22	5.68	8.93	11.33	102.43	相对角度姿态	8.93	11.33
Mac:DA:3E:20:B6:30:BA传感器0	-0.13	0.13	0.91	3.42	3.42	5.37	8.56	11.28	102.62	相对角度姿态	8.56	11.28
Mac:DA:3E:20:B6:30:BA传感器0	-0.16	0.13	0.93	0.79	0.79	3.11	8.62	11.41	102.51	相对角度姿态	8.62	11.41
Mac:DA:3E:20:B6:30:BA传感器0	-0.14	0.15	0.94	0.12	0.12	0.92	8.74	11.1	102.5	相对角度姿态	8.74	11.1
Mac:DA:3E:20:B6:30:BA传感器0	-0.12	0.14	0.93	-3.97	-3.97	1.89	8.6	10.96	102.18	相对角度姿态	8.6	10.96
Mac:DA:3E:20:B6:30:BA传感器0	-0.15	0.14	0.92	-3.54	-3.54	2.14	8.51	10.86	101.99	相对角度姿态	8.51	10.86
Mac:DA:3E:20:B6:30:BA传感器0	-0.14	0.15	0.95	-0.79	-0.79	0.49	8.59	10.61	101.56	相对角度姿态	8.59	10.61
Mac:DA:3E:20:B6:30:BA传感器0	-0.14	0.15	0.94	-1.89	-1.89	-1.34	8.52	10.47	101.16	相对角度姿态	8.52	10.47
Mac:DA:3E:20:B6:30:BA传感器0	-0.12	0.15	0.95	2.69	2.69	-0.79	8.31	10.3	100.57	相对角度姿态	8.31	10.3
Mac:DA:3E:20:B6:30:BA传感器0	-0.12	0.15	0.94	1.04	1.04	-0.61	8.33	10.02	100.08	相对角度姿态	8.33	10.02
Mac:DA:3E:20:B6:30:BA传感器0	-0.13	0.14	0.92	-0.06	-0.06	-0.98	8.27	9.78	99.75	相对角度姿态	8.27	9.78
Mac:DA:3E:20:B6:30:BA传感器0	-0.13	0.15	0.94	-2.26	-2.26	-0.92	8.29	9.64	99.43	相对角度姿态	8.29	9.64
Mac:DA:3E:20:B6:30:BA传感器0	-0.13	0.16	0.95	-0.67	-0.67	-0.43	8.37	9.55	99.18	相对角度姿态	8.37	9.55
Mac:DA:3E:20:B6:30:BA传感器0	-0.14	0.15	0.92	-1.59	-1.59	-1.59	8.32	9.45	98.93	相对角度姿态	8.32	9.45
Mac:DA:3E:20:B6:30:BA传感器0	-0.11	0.14	0.93	0	0	-1.1	8.28	9.23	98.57	相对角度姿态	8.28	9.23
Mac:DA:3E:20:B6:30:BA传感器0	-0.12	0.15	0.94	-0.61	-0.61	0.12	8.33	9.04	98.33	相对角度姿态	8.33	9.04
Mac:DA:3E:20:B6:30:BA传感器0	-0.14	0.15	0.93	-1.28	-1.28	-0.12	8.32	9.01	98.16	相对角度姿态	8.32	9.01
Mac:DA:3E:20:B6:30:BA传感器0	-0.13	0.14	0.95	0.67	0.67	-0.85	8.37	8.9	97.86	相对角度姿态	8.37	8.9
Mac:DA:3E:20:B6:30:BA传感器0	-0.14	0.16	0.96	-2.01	-2.01	-0.18	8.38	8.78	97.58	相对角度姿态	8.38	8.78
Mac:DA:3E:20:B6:30:BA传感器0	-0.12	0.14	0.92	-1.59	-1.59	-2.44	8.2	8.65	97.12	相对角度姿态	8.2	8.65
Mac:DA:3E:20:B6:30:BA传感器0	-0.12	0.14	0.92	-0.18	-0.18	-2.01	8.05	8.38	96.76	相对角度姿态	8.05	8.38
Mac:DA:3E:20:B6:30:BA传感器0	-0.12	0.14	0.93	2.14	2.14	-1.16	8.1	8.49	96.5	相对角度姿态	8.1	8.49
Mac:DA:3E:20:B6:30:BA传感器0	-0.11	0.15	0.95	0.73	0.73	-0.06	8.38	8.29	96.4	相对角度姿态	8.38	8.29
Mac:DA:3E:20:B6:30:BA传感器0	-0.14	0.14	0.93	0.98	0.98	-0.67	8.57	8.23	96.42	相对角度姿态	8.57	8.23
Mac:DA:3E:20:B6:30:BA传感器0	-0.14	0.18	0.94	1.77	1.77	-0.18	8.7	8.13	96.3	相对角度姿态	8.7	8.13
Mac:DA:3E:20:B6:30:BA传感器0	-0.12	0.19	0.95	-3.97	-3.97	-2.26	8.76	8.27	96.04	相对角度姿态	8.76	8.27
Mac:DA:3E:20:B6:30:BA传感器0	-0.1	0.14	0.95	-10.19	-10.19	2.38	8.32	8.59	95.9	相对角度姿态	8.32	8.59
Mac:DA:3E:20:B6:30:BA传感器0	-0.17	0.13	0.89	1.34	1.34	1.4	7.83	8.82	96.09	相对角度姿态	7.83	8.82
Mac:DA:3E:20:B6:30:BA传感器0	-0.13	0.14	0.94	-0.98	-0.98	0.61	7.95	8.42	95.92	相对角度姿态	7.95	8.42
Mac:DA:3E:20:B6:30:BA传感器0	-0.13	0.14	0.94	0.31	0.31	0.98	7.97	8.45	95.91	相对角度姿态	7.97	8.45
Mac:DA:3E:20:B6:30:BA传感器0	-0.13	0.15	0.93	0	0	-0.67	8.03	8.4	95.87	相对角度姿态	8.03	8.4
Mac:DA:3E:20:B6:30:BA传感器0	-0.13	0.14	0.93	-0.31	-0.31	-0.37	8.05	8.38	95.75	相对角度姿态	8.05	8.38
Mac:DA:3E:20:B6:30:BA传感器0	-0.14	0.14	0.93	0.55	0.55	0.24	8.12	8.36	95.69	相对角度姿态	8.12	8.36
Mac:DA:3E:20:B6:30:BA传感器0	-0.12	0.15	0.94	1.34	1.34	-1.16	8.25	8.37	95.55	相对角度姿态	8.25	8.37
Mac:DA:3E:20:B6:30:BA传感器0	-0.12	0.16	0.95	-1.34	-1.34	-0.67	8.36	8.32	95.45	相对角度姿态	8.36	8.32
Mac:DA:3E:20:B6:30:BA传感器0	-0.14	0.15	0.92	0.24	0.24	0.18	8.26	8.37	95.45	相对角度姿态	8.26	8.37
Mac:DA:3E:20:B6:30:BA传感器0	-0.13	0.15	0.93	0.31	0.31	-1.46	8.44	8.33	95.39	相对角度姿态	8.44	8.33
Mac:DA:3E:20:B6:30:BA传感器0	-0.13	0.16	0.93	2.08	2.08	-0.55	8.54	8.42	95.25	相对角度姿态	8.54	8.42
Mac:DA:3E:20:B6:30:BA传感器0	-0.13	0.15	0.93	-0.73	-0.73	-0.92	8.64	8.45	95.13	相对角度姿态	8.64	8.45
Mac:DA:3E:20:B6:30:BA传感器0	-0.14	0.16	0.93	-2.26	-2.26	-0.55	8.62	8.45	95.09	相对角度姿态	8.62	8.45
Mac:DA:3E:20:B6:30:BA传感器0	-0.13	0.15	0.93	-0.12	-0.12	-1.22	8.5	8.52	94.95	相对角度姿态	8.5	8.52
Mac:DA:3E:20:B6:30:BA传感器0	-0.13	0.15	0.93	0.79	0.79	0.24	8.5	8.51	94.88	相对角度姿态	8.5	8.51
Mac:DA:3E:20:B6:30:BA传感器0	-0.13	0.15	0.93	0.31	0.31	-0.49	8.62	8.52	94.85	相对角度姿态	8.62	8.52
Mac:DA:3E:20:B6:30:BA传感器0	-0.14	0.16	0.94	-0.73	-0.73	0	8.82	8.4	94.83	相对角度姿态	8.82	8.4
Mac:DA:3E:20:B6:30:BA传感器0	-0.14	0.16	0.94	-0.73	-0.73	0	8.82	8.4	94.83	相对角度姿态	8.82	8.4
Mac:DA:3E:20:B6:30:BA传感器0	-0.15	0.16	0.93	-0.98	-0.98	-0.43	8.78	8.39	94.81	相对角度姿态	8.78	8.39
Mac:DA:3E:20:B6:30:BA传感器0	-0.13	0.16	0.93	0.67	0.67	-0.79	8.84	8.39	94.76	相对角度姿态	8.84	8.39
