Mac:DA:3E:20:B6:30:BA传感器0	-0.04	-0.02	1	1.04	1.04	-0.43	-1.22	1.98	95.08	相对角度姿态	-1.22	1.98
Mac:DA:3E:20:B6:30:BA传感器0	-0.04	-0.02	1	1.04	1.04	-0.43	-1.22	1.98	95.08	相对角度姿态	-1.22	1.98
Mac:DA:3E:20:B6:30:BA传感器0	-0.03	-0.02	1.02	0.43	0.43	-0.61	-1.12	1.97	95.06	相对角度姿态	-1.12	1.97
Mac:DA:3E:20:B6:30:BA传感器0	-0.04	-0.03	1	0.06	0.06	0	-1.2	2.03	95.06	相对角度姿态	-1.2	2.03
Mac:DA:3E:20:B6:30:BA传感器0	-0.05	0	1.02	4.09	4.09	-2.5	-1.09	2.19	94.98	相对角度姿态	-1.09	2.19
Mac:DA:3E:20:B6:30:BA传感器0	-0.02	-0.02	1.02	-3.05	-3.05	-1.71	-1.15	2.14	94.77	相对角度姿态	-1.15	2.14
Mac:DA:3E:20:B6:30:BA传感器0	-0.01	-0.03	1.01	-3.3	-3.3	0.37	-1.47	1.81	94.79	相对角度姿态	-1.47	1.81
Mac:DA:3E:20:B6:30:BA传感器0	-0.07	-0.04	0.99	-1.95	-1.95	0	-1.68	2.05	94.92	相对角度姿态	-1.68	2.05
Mac:DA:3E:20:B6:30:BA传感器0	-0.06	-0.05	1.01	-0.43	-0.43	0	-1.8	1.97	94.88	相对角度姿态	-1.8	1.97
Mac:DA:3E:20:B6:30:BA传感器0	-0.04	-0.01	1.01	-0.31	-0.31	-1.34	-1.67	2.17	94.73	相对角度姿态	-1.67	2.17
Mac:DA:3E:20:B6:30:BA传感器0	-0.01	-0.04	1.01	2.93	2.93	-0.73	-1.63	2.18	94.57	相对角度姿态	-1.63	2.18
Mac:DA:3E:20:B6:30:BA传感器0	-0.04	-0.05	0.97	0.98	0.98	3.48	-1.72	2.46	94.67	相对角度姿态	-1.72	2.46
Mac:DA:3E:20:B6:30:BA传感器0	-0.09	-0.02	0.99	9.03	9.03	4.21	-1.27	2.6	95.04	相对角度姿态	-1.27	2.6
Mac:DA:3E:20:B6:30:BA传感器0	-0.05	0.01	1.03	-1.28	-1.28	-1.22	-0.76	2.57	95.1	相对角度姿态	-0.76	2.57
Mac:DA:3E:20:B6:30:BA传感器0	-0.03	-0.01	1.01	0.37	0.37	-3.72	-0.83	2.55	94.84	相对角度姿态	-0.83	2.55
Mac:DA:3E:20:B6:30:BA传感器0	-0.02	-0.03	1	-0.43	-0.43	1.16	-1.02	2.3	94.73	相对角度姿态	-1.02	2.3
Mac:DA:3E:20:B6:30:BA传感器0	-0.04	-0.02	0.98	0.67	0.67	2.14	-1.13	2.63	94.86	相对角度姿态	-1.13	2.63
Mac:DA:3E:20:B6:30:BA传感器0	-0.06	-0.04	0.98	0.98	0.98	4.03	-1.08	3.48	95.03	相对角度姿态	-1.08	3.48
Mac:DA:3E:20:B6:30:BA传感器0	-0.1	0	0.98	3.91	3.91	5.25	-0.75	4.13	95.41	相对角度姿态	-0.75	4.13
Mac:DA:3E:20:B6:30:BA传感器0	-0.07	0.01	1.02	3.11	3.11	-0.43	-0.25	4	95.52	相对角度姿态	-0.25	4
Mac:DA:3E:20:B6:30:BA传感器0	-0.04	-0.01	0.99	2.01	2.01	0.06	-0.12	3.59	95.43	相对角度姿态	-0.12	3.59
Mac:DA:3E:20:B6:30:BA传感器0	-0.05	0.01	1	2.56	2.56	0.73	0.13	3.26	95.46	相对角度姿态	0.13	3.26
Mac:DA:3E:20:B6:30:BA传感器0	-0.07	0.01	1	0.43	0.43	0.18	0.26	3.24	95.56	相对角度姿态	0.26	3.24
Mac:DA:3E:20:B6:30:BA传感器0	-0.05	0	0.98	1.1	1.1	1.34	0.27	3.14	95.57	相对角度姿态	0.27	3.14
Mac:DA:3E:20:B6:30:BA传感器0	-0.06	0.02	1	-0.85	-0.85	-1.28	0.85	3.07	95.56	相对角度姿态	0.85	3.07
Mac:DA:3E:20:B6:30:BA传感器0	-0.06	0.02	1	-0.85	-0.85	-1.28	0.85	3.07	95.56	相对角度姿态	0.85	3.07
Mac:DA:3E:20:B6:30:BA传感器0	-0.02	0	1	-2.81	-2.81	0.55	0.78	2.83	95.45	相对角度姿态	0.78	2.83
Mac:DA:3E:20:B6:30:BA传感器0	-0.04	0.02	0.99	1.83	1.83	2.32	0.81	2.61	95.61	相对角度姿态	0.81	2.61
Mac:DA:3E:20:B6:30:BA传感器0	-0.06	0.02	0.97	3.48	3.48	0.24	0.98	2.6	95.7	相对角度姿态	0.98	2.6
Mac:DA:3E:20:B6:30:BA传感器0	-0.05	0.02	0.99	0	0	0.98	1.1	2.66	95.66	相对角度姿态	1.1	2.66
Mac:DA:3E:20:B6:30:BA传感器0	-0.04	0.03	1.02	-0.18	-0.18	0	1.3	2.76	95.66	相对角度姿态	1.3	2.76
Mac:DA:3E:20:B6:30:BA传感器0	-0.03	0.03	1.03	0.79	0.79	-1.59	1.38	2.8	95.64	相对角度姿态	1.38	2.8
Mac:DA:3E:20:B6:30:BA传感器0	-0.06	0.03	0.98	1.83	1.83	1.04	1.24	2.77	95.66	相对角度姿态	1.24	2.77
Mac:DA:3E:20:B6:30:BA传感器0	-0.04	0.01	0.98	0.79	0.79	1.1	1.31	2.68	95.63	相对角度姿态	1.31	2.68
Mac:DA:3E:20:B6:30:BA传感器0	-0.06	0.02	1	-0.92	-0.92	1.53	1.41	2.72	95.71	相对角度姿态	1.41	2.72
Mac:DA:3E:20:B6:30:BA传感器0	-0.04	0.02	1	-1.1	-1.1	0.12	1.47	2.8	95.71	相对角度姿态	1.47	2.8
Mac:DA:3E:20:B6:30:BA传感器0	-0.06	0.04	1	0.43	0.43	0.67	1.53	2.76	95.78	相对角度姿态	1.53	2.76
Mac:DA:3E:20:B6:30:BA传感器0	-0.04	0.03	0.99	0.61	0.61	-1.53	1.54	2.67	95.55	相对角度姿态	1.54	2.67
Mac:DA:3E:20:B6:30:BA传感器0	-0.04	0.03	0.99	0.61	0.61	-1.53	1.54	2.67	95.55	相对角度姿态	1.54	2.67
Mac:DA:3E:20:B6:30:BA传感器0	-0.04	0.03	0.99	2.44	2.44	-0.98	1.57	2.61	95.48	相对角度姿态	1.57	2.61
Mac:DA:3E:20:B6:30:BA传感器0	-0.04	0.02	0.99	3.11	3.11	2.08	1.73	2.5	95.5	相对角度姿态	1.73	2.5
Mac:DA:3E:20:B6:30:BA传感器0	-0.06	0.04	0.99	-0.61	-0.61	1.16	1.93	2.51	95.7	相对角度姿态	1.93	2.51
Mac:DA:3E:20:B6:30:BA传感器0	-0.04	0.04	1	-0.73	-0.73	-0.92	2.02	2.57	95.72	相对角度姿态	2.02	2.57
Mac:DA:3E:20:B6:30:BA传感器0	-0.05	0.04	0.99	0.18	0.18	-0.98	1.92	2.69	95.61	相对角度姿态	1.92	2.69
Mac:DA:3E:20:B6:30:BA传感器0	-0.04	0.03	0.98	-0.18	-0.18	2.01	1.86	2.49	95.58	相对角度姿态	1.86	2.49
Mac:DA:3E:20:B6:30:BA传感器0	-0.04	0.03	0.99	-0.55	-0.55	0.98	1.92	2.36	95.68	相对角度姿态	1.92	2.36
Mac:DA:3E:20:B6:30:BA传感器0	-0.05	0.03	0.99	-1.71	-1.71	0	1.98	2.42	95.74	相对角度姿态	1.98	2.42
Mac:DA:3E:20:B6:30:BA传感器0	-0.05	0.04	0.99	-0.92	-0.92	-0.55	1.99	2.37	95.75	相对角度姿态	1.99	2.37
Mac:DA:3E:20:B6:30:BA传感器0	-0.04	0.03	1	0.79	0.79	1.22	2.06	2.41	95.69	相对角度姿态	2.06	2.41
Mac:DA:3E:20:B6:30:BA传感器0	-0.08	0.02	1.03	13.73	13.73	-3.42	2.72	3.31	95.55	相对角度姿态	2.72	3.31
Mac:DA:3E:20:B6:30:BA传感器0	-0.04	0.08	1.08	15.87	15.87	-2.69	3.87	2.68	95.54	相对角度姿态	3.87	2.68
Mac:DA:3E:20:B6:30:BA传感器0	-0.03	0.08	1.14	28.87	28.87	-0.12	5.68	2.3	95.1	相对角度姿态	5.68	2.3
Mac:DA:3E:20:B6:30:BA传感器0	0	0.36	1.53	4.82	4.82	14.28	8.89	0.93	94.88	相对角度姿态	8.89	0.93
Mac:DA:3E:20:B6:30:BA传感器0	-0.05	0.49	1.45	-67.32	-67.32	17.09	7.27	1.04	95.65	相对角度姿态	7.27	1.04
Mac:DA:3E:20:B6:30:BA传感器0	-0.13	0.24	0.69	-111.02	-111.02	-57.19	-0.56	7.81	93.93	相对角度姿态	-0.56	7.81
Mac:DA:3E:20:B6:30:BA传感器0	-0.12	-0.43	0.13	-57.68	-57.68	50.05	-14.23	13.91	89.45	相对角度姿态	-14.23	13.91
Mac:DA:3E:20:B6:30:BA传感器0	-0.05	-0.32	0.73	-29.85	-29.85	5.19	-17.12	12.1	93.43	相对角度姿态	-17.12	12.1
Mac:DA:3E:20:B6:30:BA传感器0	-0.3	-0.28	0.9	-7.45	-7.45	14.89	-17.67	12.83	94.11	相对角度姿态	-17.67	12.83
Mac:DA:3E:20:B6:30:BA传感器0	-0.27	-0.27	0.99	-7.81	-7.81	17.64	-17.36	12.73	95.34	相对角度姿态	-17.36	12.73
Mac:DA:3E:20:B6:30:BA传感器0	-0.24	-0.3	0.94	6.16	6.16	-2.81	-17.16	12.92	96.17	相对角度姿态	-17.16	12.92
Mac:DA:3E:20:B6:30:BA传感器0	-0.22	-0.25	1.01	2.62	2.62	-7.51	-16.41	12.9	96.66	相对角度姿态	-16.41	12.9
Mac:DA:3E:20:B6:30:BA传感器0	-0.33	-0.21	1.01	-1.71	-1.71	13.37	-15.85	12.65	97.09	相对角度姿态	-15.85	12.65
Mac:DA:3E:20:B6:30:BA传感器0	-0.64	-0.16	0.83	1.4	1.4	12.76	-15.35	12.47	98.75	相对角度姿态	-15.35	12.47
Mac:DA:3E:20:B6:30:BA传感器0	-1.03	0.14	0.95	52	52	-67.75	-11.35	15.22	95.63	相对角度姿态	-11.35	15.22
Mac:DA:3E:20:B6:30:BA传感器0	-0.17	0.1	0.79	-48.83	-48.83	-125.12	-13.75	13.49	83.87	相对角度姿态	-13.75	13.49
Mac:DA:3E:20:B6:30:BA传感器0	0.81	-0.38	1.34	62.99	62.99	-18.8	-15.55	5.48	77.82	相对角度姿态	-15.55	5.48
Mac:DA:3E:20:B6:30:BA传感器0	0.41	-0.23	1.2	-54.57	-54.57	-18.19	-14.83	3.09	77.77	相对角度姿态	-14.83	3.09
Mac:DA:3E:20:B6:30:BA传感器0	-0.16	-0.39	0.96	-14.4	-14.4	-4.64	-20.47	2.18	78.28	相对角度姿态	-20.47	2.18
Mac:DA:3E:20:B6:30:BA传感器0	-0.16	-0.39	0.96	-14.4	-14.4	-4.64	-20.47	2.18	78.28	相对角度姿态	-20.47	2.18
Mac:DA:3E:20:B6:30:BA传感器0	-0.08	-0.46	0.96	-14.34	-14.34	-9.28	-23.1	1.57	77.48	相对角度姿态	-23.1	1.57
Mac:DA:3E:20:B6:30:BA传感器0	-0.12	-0.39	0.92	13.85	13.85	-2.56	-21.91	2.65	77.35	相对角度姿态	-21.91	2.65
Mac:DA:3E:20:B6:30:BA传感器0	-0.13	-0.41	0.8	21.3	21.3	-9.34	-20.6	3.05	77.47	相对角度姿态	-20.6	3.05
Mac:DA:3E:20:B6:30:BA传感器0	-0.09	-0.39	0.61	23.8	23.8	-18.8	-18.93	3.73	76.61	相对角度姿态	-18.93	3.73
Mac:DA:3E:20:B6:30:BA传感器0	-0.14	0.12	1.09	114.93	114.93	-10.13	-13.56	2.29	75.2	相对角度姿态	-13.56	2.29
Mac:DA:3E:20:B6:30:BA传感器0	-0.14	0.12	1.09	114.93	114.93	-10.13	-13.56	2.29	75.2	相对角度姿态	-13.56	2.29
Mac:DA:3E:20:B6:30:BA传感器0	-0.02	0.24	1.98	65	65	-22.77	-3.28	-2.02	74.71	相对角度姿态	-3.28	-2.02
Mac:DA:3E:20:B6:30:BA传感器0	-0.02	0.03	1.61	25.21	25.21	-1.1	0.72	-2.86	74.07	相对角度姿态	0.72	-2.86
Mac:DA:3E:20:B6:30:BA传感器0	-0.1	-0.01	1.01	-21	-21	-10.13	0.32	-1.59	74.39	相对角度姿态	0.32	-1.59
Mac:DA:3E:20:B6:30:BA传感器0	0.04	-0.03	0.95	-7.69	-7.69	-4.94	-0.9	-2.05	74.38	相对角度姿态	-0.9	-2.05
Mac:DA:3E:20:B6:30:BA传感器0	0.39	-0.05	0.91	-28.08	-28.08	-21.73	-1.9	-3.8	73.95	相对角度姿态	-1.9	-3.8
Mac:DA:3E:20:B6:30:BA传感器0	0.39	-0.05	0.91	-28.08	-28.08	-21.73	-1.9	-3.8	73.95	相对角度姿态	-1.9	-3.8
Mac:DA:3E:20:B6:30:BA传感器0	0.59	-0.03	1	27.59	27.59	39.25	-2.01	-8.18	75.5	相对角度姿态	-2.01	-8.18
Mac:DA:3E:20:B6:30:BA传感器0	0.44	0.21	1.07	18.13	18.13	74.04	-0.69	-6.77	82.42	相对角度姿态	-0.69	-6.77
Mac:DA:3E:20:B6:30:BA传感器0	-0.13	0.42	0.82	-16.91	-16.91	108.03	-1.16	-2.35	92.15	相对角度姿态	-1.16	-2.35
Mac:DA:3E:20:B6:30:BA传感器0	-0.92	0.11	0.94	6.35	6.35	84.78	-0.59	0.86	101.8	相对角度姿态	-0.59	0.86
Mac:DA:3E:20:B6:30:BA传感器0	-0.06	-0.14	0.93	9.52	9.52	-13.92	0.69	7.18	103	相对角度姿态	0.69	7.18
Mac:DA:3E:20:B6:30:BA传感器0	-0.06	-0.14	0.93	9.52	9.52	-13.92	0.69	7.18	103	相对角度姿态	0.69	7.18
Mac:DA:3E:20:B6:30:BA传感器0	-0.05	0.05	0.99	9.03	9.03	11.96	1.32	7.71	103.36	相对角度姿态	1.32	7.71
Mac:DA:3E:20:B6:30:BA传感器0	-0.2	0.11	0.94	4.76	4.76	1.28	2.75	9.96	103.96	相对角度姿态	2.75	9.96
Mac:DA:3E:20:B6:30:BA传感器0	-0.13	0.06	0.95	5.13	5.13	-9.64	3.31	10.96	102.91	相对角度姿态	3.31	10.96
Mac:DA:3E:20:B6:30:BA传感器0	-0.14	0.05	0.94	4.7	4.7	6.71	3.73	11.23	102.68	相对角度姿态	3.73	11.23
Mac:DA:3E:20:B6:30:BA传感器0	-0.16	0.1	0.98	8.97	8.97	4.09	4.78	10.88	102.88	相对角度姿态	4.78	10.88
Mac:DA:3E:20:B6:30:BA传感器0	-0.15	0.1	0.94	3.6	3.6	0.06	5.58	10.89	102.77	相对角度姿态	5.58	10.89
Mac:DA:3E:20:B6:30:BA传感器0	-0.15	0.1	0.98	4.7	4.7	0.37	6.06	10.75	102.57	相对角度姿态	6.06	10.75
Mac:DA:3E:20:B6:30:BA传感器0	-0.14	0.1	0.98	0.18	0.18	-1.65	6.34	10.68	102.28	相对角度姿态	6.34	10.68
Mac:DA:3E:20:B6:30:BA传感器0	-0.15	0.12	0.95	0	0	1.46	6.44	10.6	102.11	相对角度姿态	6.44	10.6
Mac:DA:3E:20:B6:30:BA传感器0	-0.14	0.12	0.94	6.9	6.9	0.79	6.7	10.5	101.89	相对角度姿态	6.7	10.5
Mac:DA:3E:20:B6:30:BA传感器0	-0.15	0.11	0.92	3.05	3.05	-1.77	6.95	10.62	101.49	相对角度姿态	6.95	10.62
Mac:DA:3E:20:B6:30:BA传感器0	-0.15	0.12	0.94	2.87	2.87	-0.18	7.44	10.61	101.14	相对角度姿态	7.44	10.61
Mac:DA:3E:20:B6:30:BA传感器0	-0.16	0.13	0.96	5.19	5.19	1.95	7.87	10.71	100.87	相对角度姿态	7.87	10.71
Mac:DA:3E:20:B6:30:BA传感器0	-0.15	0.15	0.96	3.97	3.97	1.1	8.36	10.52	100.74	相对角度姿态	8.36	10.52
Mac:DA:3E:20:B6:30:BA传感器0	-0.16	0.15	0.92	5.07	5.07	-3.48	8.8	10.75	100.43	相对角度姿态	8.8	10.75
Mac:DA:3E:20:B6:30:BA传感器0	-0.13	0.16	0.94	9.58	9.58	0.12	9.33	10.18	100.06	相对角度姿态	9.33	10.18
Mac:DA:3E:20:B6:30:BA传感器0	-0.14	0.17	0.9	6.29	6.29	-0.37	9.96	9.81	99.76	相对角度姿态	9.96	9.81
Mac:DA:3E:20:B6:30:BA传感器0	-0.15	0.22	0.95	17.4	17.4	-3.36	11.39	9.39	99.23	相对角度姿态	11.39	9.39
Mac:DA:3E:20:B6:30:BA传感器0	-0.15	0.18	0.98	7.39	7.39	-4.15	12.28	8.54	98.68	相对角度姿态	12.28	8.54
Mac:DA:3E:20:B6:30:BA传感器0	-0.2	0.23	1.1	8.79	8.79	-3.11	13.03	7.92	98.18	相对角度姿态	13.03	7.92
Mac:DA:3E:20:B6:30:BA传感器0	-0.17	0.33	1.21	-8.06	-8.06	0.61	13.5	5.8	97.56	相对角度姿态	13.5	5.8
Mac:DA:3E:20:B6:30:BA传感器0	-0.04	0.28	1.17	-0.92	-0.92	0.12	11.91	2.4	97.16	相对角度姿态	11.91	2.4
Mac:DA:3E:20:B6:30:BA传感器0	-0.01	0.46	1.42	-25.82	-25.82	35.16	10.77	1.12	98.07	相对角度姿态	10.77	1.12
Mac:DA:3E:20:B6:30:BA传感器0	-0.11	0.55	1.03	-108.95	-108.95	-7.32	4.77	1.66	99.88	相对角度姿态	4.77	1.66
Mac:DA:3E:20:B6:30:BA传感器0	0.08	-0.12	0.35	-103.21	-103.21	-60.49	-6.37	11.48	93.76	相对角度姿态	-6.37	11.48
Mac:DA:3E:20:B6:30:BA传感器0	-0.04	-0.55	0.21	-38.51	-38.51	23.01	-18.19	13.32	91.13	相对角度姿态	-18.19	13.32
Mac:DA:3E:20:B6:30:BA传感器0	-0.13	-0.39	0.82	-1.89	-1.89	19.23	-19.42	10.72	95.13	相对角度姿态	-19.42	10.72
Mac:DA:3E:20:B6:30:BA传感器0	-0.11	-0.31	0.99	-3.91	-3.91	20.81	-18.28	9.14	97.03	相对角度姿态	-18.28	9.14
Mac:DA:3E:20:B6:30:BA传感器0	-0.27	-0.27	1	-5.55	-5.55	-9.09	-17.53	10.48	97.7	相对角度姿态	-17.53	10.48
Mac:DA:3E:20:B6:30:BA传感器0	-0.23	-0.25	1.03	-1.65	-1.65	-0.98	-17.29	10.76	97.69	相对角度姿态	-17.29	10.76
Mac:DA:3E:20:B6:30:BA传感器0	-0.2	-0.25	1.03	9.7	9.7	0.98	-16.72	10.45	98.01	相对角度姿态	-16.72	10.45
Mac:DA:3E:20:B6:30:BA传感器0	-0.16	-0.26	1.01	2.01	2.01	2.14	-16.39	10.33	97.97	相对角度姿态	-16.39	10.33
Mac:DA:3E:20:B6:30:BA传感器0	-0.23	-0.24	1	4.52	4.52	-0.55	-15.86	10.37	98.2	相对角度姿态	-15.86	10.37
Mac:DA:3E:20:B6:30:BA传感器0	-0.28	-0.24	1.04	4.76	4.76	2.32	-15.19	10.14	98.42	相对角度姿态	-15.19	10.14
Mac:DA:3E:20:B6:30:BA传感器0	-0.47	-0.26	0.87	8.24	8.24	-3.42	-15.08	10.52	98.39	相对角度姿态	-15.08	10.52
Mac:DA:3E:20:B6:30:BA传感器0	-0.46	-0.13	0.97	3.17	3.17	-18.98	-13.98	8.96	98.25	相对角度姿态	-13.98	8.96
Mac:DA:3E:20:B6:30:BA传感器0	-0.57	0.08	1.02	-1.71	-1.71	-73.12	-13.79	7.45	94.78	相对角度姿态	-13.79	7.45
Mac:DA:3E:20:B6:30:BA传感器0	-0.62	0.38	0.89	8.18	8.18	-205.44	-13.8	11.03	77.9	相对角度姿态	-13.8	11.03
Mac:DA:3E:20:B6:30:BA传感器0	0.87	-0.44	1.31	51.09	51.09	-103.09	-13.86	6.49	59.12	相对角度姿态	-13.86	6.49
Mac:DA:3E:20:B6:30:BA传感器0	0.16	-0.16	1.14	-0.55	-0.55	0.12	-12	2.15	60.05	相对角度姿态	-12	2.15
Mac:DA:3E:20:B6:30:BA传感器0	0.22	-0.32	1.04	-8.79	-8.79	-3.05	-13.28	-0.68	60.79	相对角度姿态	-13.28	-0.68
Mac:DA:3E:20:B6:30:BA传感器0	-0.1	-0.29	1.1	-10.31	-10.31	5.98	-13.45	-0.94	62.34	相对角度姿态	-13.45	-0.94
Mac:DA:3E:20:B6:30:BA传感器0	-0.21	-0.27	1.03	-4.03	-4.03	0.55	-14.16	-0.62	64.12	相对角度姿态	-14.16	-0.62
Mac:DA:3E:20:B6:30:BA传感器0	-0.09	-0.32	0.96	9.64	9.64	-2.32	-14.81	-0.88	65.35	相对角度姿态	-14.81	-0.88
Mac:DA:3E:20:B6:30:BA传感器0	-0.04	-0.34	0.96	13.37	13.37	8.61	-14.6	-0.11	66.48	相对角度姿态	-14.6	-0.11
Mac:DA:3E:20:B6:30:BA传感器0	0.18	-0.4	0.84	-5.55	-5.55	0.98	-14.13	1.21	67.25	相对角度姿态	-14.13	1.21
Mac:DA:3E:20:B6:30:BA传感器0	0.06	-0.15	0.65	29.72	29.72	44.68	-12.58	3.39	69.65	相对角度姿态	-12.58	3.39
Mac:DA:3E:20:B6:30:BA传感器0	0.38	-0.09	0.72	25.45	25.45	53.83	-10.1	2.79	74.15	相对角度姿态	-10.1	2.79
Mac:DA:3E:20:B6:30:BA传感器0	0.39	0.22	0.92	55.66	55.66	116.76	-5.31	0.59	83.35	相对角度姿态	-5.31	0.59
Mac:DA:3E:20:B6:30:BA传感器0	-0.49	0.67	1.26	55.66	55.66	134.22	1.02	0.97	95.7	相对角度姿态	1.02	0.97
Mac:DA:3E:20:B6:30:BA传感器0	-0.72	0.51	1.61	7.81	7.81	94.12	5.91	-2.46	105.47	相对角度姿态	5.91	-2.46
Mac:DA:3E:20:B6:30:BA传感器0	-0.32	0.12	1.17	30.4	30.4	5.49	8.38	1.7	107.08	相对角度姿态	8.38	1.7
Mac:DA:3E:20:B6:30:BA传感器0	-0.16	0.2	1.06	8.97	8.97	-0.79	9.4	3.88	107.42	相对角度姿态	9.4	3.88
Mac:DA:3E:20:B6:30:BA传感器0	-0.22	0.18	0.91	-0.12	-0.12	-16.24	9.54	7.89	106.75	相对角度姿态	9.54	7.89
Mac:DA:3E:20:B6:30:BA传感器0	-0.18	0.16	0.93	-5.86	-5.86	-9.28	9.38	9.73	105.53	相对角度姿态	9.38	9.73
Mac:DA:3E:20:B6:30:BA传感器0	-0.12	0.12	0.96	-0.06	-0.06	-9.03	9	9.6	103.99	相对角度姿态	9	9.6
Mac:DA:3E:20:B6:30:BA传感器0	-0.15	0.11	0.91	-1.04	-1.04	-6.47	8.66	9.59	102.77	相对角度姿态	8.66	9.59
Mac:DA:3E:20:B6:30:BA传感器0	-0.12	0.13	0.96	-1.04	-1.04	-11.41	8.76	9.57	101.74	相对角度姿态	8.76	9.57
Mac:DA:3E:20:B6:30:BA传感器0	-0.1	0.09	0.94	0.43	0.43	-1.95	8.33	9.44	100.77	相对角度姿态	8.33	9.44
Mac:DA:3E:20:B6:30:BA传感器0	-0.15	0.15	0.99	-0.24	-0.24	2.14	8.48	9.18	100.79	相对角度姿态	8.48	9.18
Mac:DA:3E:20:B6:30:BA传感器0	-0.13	0.13	0.93	2.01	2.01	1.4	8.24	9.45	100.56	相对角度姿态	8.24	9.45
Mac:DA:3E:20:B6:30:BA传感器0	-0.14	0.17	0.94	3.72	3.72	-2.2	8.42	9.54	100.4	相对角度姿态	8.42	9.54
Mac:DA:3E:20:B6:30:BA传感器0	-0.15	0.12	0.93	1.83	1.83	5.19	8.49	9.68	100.32	相对角度姿态	8.49	9.68
Mac:DA:3E:20:B6:30:BA传感器0	-0.17	0.15	0.96	-0.31	-0.31	4.82	8.82	9.72	100.83	相对角度姿态	8.82	9.72
Mac:DA:3E:20:B6:30:BA传感器0	-0.17	0.14	0.93	3.11	3.11	2.81	8.9	10.01	100.94	相对角度姿态	8.9	10.01
Mac:DA:3E:20:B6:30:BA传感器0	-0.17	0.14	0.94	0.85	0.85	0.73	9.14	10.01	100.86	相对角度姿态	9.14	10.01
Mac:DA:3E:20:B6:30:BA传感器0	-0.17	0.15	0.93	1.95	1.95	-0.37	9.26	10.11	100.65	相对角度姿态	9.26	10.11
Mac:DA:3E:20:B6:30:BA传感器0	-0.16	0.14	0.92	0.67	0.67	-2.01	9.35	10.15	100.39	相对角度姿态	9.35	10.15
Mac:DA:3E:20:B6:30:BA传感器0	-0.16	0.15	0.93	2.99	2.99	0.31	9.55	10.03	100.14	相对角度姿态	9.55	10.03
Mac:DA:3E:20:B6:30:BA传感器0	-0.16	0.15	0.93	0.12	0.12	0.18	9.75	10.15	99.98	相对角度姿态	9.75	10.15
Mac:DA:3E:20:B6:30:BA传感器0	-0.15	0.15	0.93	1.28	1.28	0	9.85	10.12	99.8	相对角度姿态	9.85	10.12
Mac:DA:3E:20:B6:30:BA传感器0	-0.17	0.16	0.92	-0.18	-0.18	-0.06	9.92	10.13	99.64	相对角度姿态	9.92	10.13
Mac:DA:3E:20:B6:30:BA传感器0	-0.15	0.15	0.92	1.95	1.95	-0.18	10.11	10.06	99.43	相对角度姿态	10.11	10.06
Mac:DA:3E:20:B6:30:BA传感器0	-0.16	0.16	0.93	0.98	0.98	-1.22	10.31	10.04	99.24	相对角度姿态	10.31	10.04
Mac:DA:3E:20:B6:30:BA传感器0	-0.19	0.14	0.89	5.55	5.55	1.1	10.51	10.15	99.07	相对角度姿态	10.51	10.15
Mac:DA:3E:20:B6:30:BA传感器0	-0.16	0.18	0.92	3.85	3.85	-1.28	11.07	10	98.89	相对角度姿态	11.07	10
Mac:DA:3E:20:B6:30:BA传感器0	-0.14	0.19	0.93	3.48	3.48	0.49	11.4	9.82	98.65	相对角度姿态	11.4	9.82
Mac:DA:3E:20:B6:30:BA传感器0	-0.14	0.19	0.95	5.07	5.07	0.12	11.87	9.96	98.66	相对角度姿态	11.87	9.96
Mac:DA:3E:20:B6:30:BA传感器0	-0.27	0.24	0.88	27.04	27.04	-0.49	13.51	11.65	98.67	相对角度姿态	13.51	11.65
Mac:DA:3E:20:B6:30:BA传感器0	-0.18	0.25	0.95	14.1	14.1	-2.93	15.02	11.59	98.23	相对角度姿态	15.02	11.59
Mac:DA:3E:20:B6:30:BA传感器0	-0.15	0.3	1.17	13.79	13.79	-18.74	16.5	12.52	97.43	相对角度姿态	16.5	12.52
Mac:DA:3E:20:B6:30:BA传感器0	-0.34	0.37	1.18	-12.7	-12.7	6.77	16.19	11.84	97.49	相对角度姿态	16.19	11.84
Mac:DA:3E:20:B6:30:BA传感器0	-0.35	0.49	1.22	8.36	8.36	6.84	15.97	9.97	97.95	相对角度姿态	15.97	9.97
Mac:DA:3E:20:B6:30:BA传感器0	0	0.18	0.61	-127.62	-127.62	-35.89	2.22	13.26	94.81	相对角度姿态	2.22	13.26
Mac:DA:3E:20:B6:30:BA传感器0	0	0.18	0.61	-127.62	-127.62	-35.89	2.22	13.26	94.81	相对角度姿态	2.22	13.26
Mac:DA:3E:20:B6:30:BA传感器0	0.11	-0.56	-0.06	-52.8	-52.8	13.43	-9.52	16.01	90.8	相对角度姿态	-9.52	16.01
Mac:DA:3E:20:B6:30:BA传感器0	-0.18	-0.15	0.98	-1.16	-1.16	3.05	-9.92	12.9	95.5	相对角度姿态	-9.92	12.9
Mac:DA:3E:20:B6:30:BA传感器0	-0.17	-0.2	0.94	2.38	2.38	13.49	-10.78	11.88	95.54	相对角度姿态	-10.78	11.88
Mac:DA:3E:20:B6:30:BA传感器0	-0.2	-0.11	1.05	3.97	3.97	7.75	-10.01	12.32	97.09	相对角度姿态	-10.01	12.32
Mac:DA:3E:20:B6:30:BA传感器0	-0.17	-0.19	0.96	2.08	2.08	4.21	-10.12	13.13	97.52	相对角度姿态	-10.12	13.13
Mac:DA:3E:20:B6:30:BA传感器0	-0.23	-0.12	0.99	-0.06	-0.06	-5.62	-9.63	12.99	98.23	相对角度姿态	-9.63	12.99
Mac:DA:3E:20:B6:30:BA传感器0	-0.28	-0.1	1.01	6.96	6.96	5.37	-9.36	12.87	98.62	相对角度姿态	-9.36	12.87
Mac:DA:3E:20:B6:30:BA传感器0	-0.26	-0.13	0.96	-5.49	-5.49	2.14	-8.88	12.46	99.04	相对角度姿态	-8.88	12.46
Mac:DA:3E:20:B6:30:BA传感器0	-0.29	-0.11	0.98	-2.38	-2.38	-1.89	-8.66	11.77	99.59	相对角度姿态	-8.66	11.77
Mac:DA:3E:20:B6:30:BA传感器0	-0.3	-0.11	0.97	-7.02	-7.02	18.25	-8.7	10.99	100.15	相对角度姿态	-8.7	10.99
Mac:DA:3E:20:B6:30:BA传感器0	-0.39	-0.05	1	-8.54	-8.54	-2.26	-8.41	10.96	101.59	相对角度姿态	-8.41	10.96
Mac:DA:3E:20:B6:30:BA传感器0	-0.54	-0.12	0.79	11.96	11.96	-63.66	-9.77	13.27	98.15	相对角度姿态	-9.77	13.27
Mac:DA:3E:20:B6:30:BA传感器0	-0.45	0.11	1.03	44.25	44.25	-43.4	-7.93	12.38	93.05	相对角度姿态	-7.93	12.38
Mac:DA:3E:20:B6:30:BA传感器0	-0.24	0.14	0.9	-21.91	-21.91	-146.55	-7.11	11.23	83.7	相对角度姿态	-7.11	11.23
Mac:DA:3E:20:B6:30:BA传感器0	0.71	-0.44	1.08	31.92	31.92	-63.35	-10.38	9.51	71.19	相对角度姿态	-10.38	9.51
Mac:DA:3E:20:B6:30:BA传感器0	0.08	-0.14	1.06	-40.34	-40.34	-39.86	-10.98	5.53	70.77	相对角度姿态	-10.98	5.53
Mac:DA:3E:20:B6:30:BA传感器0	0.09	-0.34	1.13	8.42	8.42	0.31	-13.49	2.53	69.09	相对角度姿态	-13.49	2.53
Mac:DA:3E:20:B6:30:BA传感器0	-0.12	-0.26	1.04	-19.9	-19.9	7.39	-14.29	1.64	70.74	相对角度姿态	-14.29	1.64
Mac:DA:3E:20:B6:30:BA传感器0	-0.04	-0.35	0.96	-25.82	-25.82	0.06	-16.68	0.14	71.82	相对角度姿态	-16.68	0.14
Mac:DA:3E:20:B6:30:BA传感器0	-0.1	-0.31	1.02	18.55	18.55	-4.33	-16.03	0.98	72.02	相对角度姿态	-16.03	0.98
Mac:DA:3E:20:B6:30:BA传感器0	-0.1	-0.32	0.96	1.77	1.77	8.67	-15.33	1.69	72.52	相对角度姿态	-15.33	1.69
Mac:DA:3E:20:B6:30:BA传感器0	-0.16	-0.36	0.74	-4.09	-4.09	-4.39	-15.64	2.2	73.03	相对角度姿态	-15.64	2.2
Mac:DA:3E:20:B6:30:BA传感器0	-0.16	-0.31	0.63	25.09	25.09	-9.28	-14.87	2.34	73.28	相对角度姿态	-14.87	2.34
Mac:DA:3E:20:B6:30:BA传感器0	-0.12	-0.18	0.53	30.03	30.03	-12.21	-12.11	4.21	72.1	相对角度姿态	-12.11	4.21
Mac:DA:3E:20:B6:30:BA传感器0	0.08	0	0.64	58.41	58.41	-24.84	-9.18	1.87	71.27	相对角度姿态	-9.18	1.87
Mac:DA:3E:20:B6:30:BA传感器0	-0.04	0.15	1.83	112.24	112.24	-11.11	1.04	-0.25	70.48	相对角度姿态	1.04	-0.25
Mac:DA:3E:20:B6:30:BA传感器0	-0.11	0.16	1.72	28.02	28.02	4.76	6.65	0.07	70.63	相对角度姿态	6.65	0.07
Mac:DA:3E:20:B6:30:BA传感器0	-0.18	0.12	1	-16.6	-16.6	-2.44	6.14	1.62	71.56	相对角度姿态	6.14	1.62
Mac:DA:3E:20:B6:30:BA传感器0	-0.11	0.01	0.84	-7.51	-7.51	-4.39	4.81	1.8	71.67	相对角度姿态	4.81	1.8
Mac:DA:3E:20:B6:30:BA传感器0	-0.11	0.02	0.92	-0.61	-0.61	5.19	3.65	1.55	72.39	相对角度姿态	3.65	1.55
Mac:DA:3E:20:B6:30:BA传感器0	-0.06	0.08	0.93	1.89	1.89	0.98	3.5	1.6	73.28	相对角度姿态	3.5	1.6
Mac:DA:3E:20:B6:30:BA传感器0	0.29	0.08	0.98	1.65	1.65	-2.44	4.08	1.56	73.35	相对角度姿态	4.08	1.56
Mac:DA:3E:20:B6:30:BA传感器0	0.53	0.19	0.97	2.08	2.08	45.96	4.86	1.14	75.29	相对角度姿态	4.86	1.14
Mac:DA:3E:20:B6:30:BA传感器0	0.17	0.47	1.05	-20.57	-20.57	106.57	5.48	3.11	82.91	相对角度姿态	5.48	3.11
Mac:DA:3E:20:B6:30:BA传感器0	-0.35	0.1	0.76	-55.79	-55.79	101.93	2.95	6.7	92.05	相对角度姿态	2.95	6.7
Mac:DA:3E:20:B6:30:BA传感器0	-0.82	0.12	0.88	50.66	50.66	122.13	4.67	6.08	103.05	相对角度姿态	4.67	6.08
Mac:DA:3E:20:B6:30:BA传感器0	-0.85	0.31	1.1	19.41	19.41	33.51	10.34	6.84	110	相对角度姿态	10.34	6.84
Mac:DA:3E:20:B6:30:BA传感器0	-0.32	0.08	0.83	2.2	2.2	-16.54	9.81	11.55	109.4	相对角度姿态	9.81	11.55
Mac:DA:3E:20:B6:30:BA传感器0	-0.05	0.13	0.98	0.73	0.73	-6.71	9.54	12.55	107.66	相对角度姿态	9.54	12.55
Mac:DA:3E:20:B6:30:BA传感器0	-0.13	0.14	0.94	1.59	1.59	-0.37	9.54	13.85	106.98	相对角度姿态	9.54	13.85
Mac:DA:3E:20:B6:30:BA传感器0	-0.17	0.15	0.96	6.04	6.04	-1.22	9.72	13.89	106.33	相对角度姿态	9.72	13.89
Mac:DA:3E:20:B6:30:BA传感器0	-0.16	0.15	0.94	4.46	4.46	-1.22	9.91	13.1	105.59	相对角度姿态	9.91	13.1
Mac:DA:3E:20:B6:30:BA传感器0	-0.15	0.14	0.93	7.45	7.45	-0.92	9.91	12.56	104.84	相对角度姿态	9.91	12.56
Mac:DA:3E:20:B6:30:BA传感器0	-0.17	0.14	0.9	-1.71	-1.71	-3.6	10.02	12.85	104.12	相对角度姿态	10.02	12.85
Mac:DA:3E:20:B6:30:BA传感器0	-0.17	0.16	0.93	0.98	0.98	-4.21	10.24	13.17	103.38	相对角度姿态	10.24	13.17
Mac:DA:3E:20:B6:30:BA传感器0	-0.16	0.16	0.93	1.22	1.22	0.18	10.38	12.89	102.77	相对角度姿态	10.38	12.89
Mac:DA:3E:20:B6:30:BA传感器0	-0.14	0.15	0.94	0.31	0.31	-1.95	10.33	12.55	102.15	相对角度姿态	10.33	12.55
Mac:DA:3E:20:B6:30:BA传感器0	-0.2	0.16	0.92	-2.56	-2.56	1.16	10.29	12.42	101.86	相对角度姿态	10.29	12.42
Mac:DA:3E:20:B6:30:BA传感器0	-0.18	0.16	0.93	-1.95	-1.95	-3.05	10.16	12.17	101.01	相对角度姿态	10.16	12.17
Mac:DA:3E:20:B6:30:BA传感器0	-0.18	0.16	0.93	-1.95	-1.95	-3.05	10.16	12.17	101.01	相对角度姿态	10.16	12.17
Mac:DA:3E:20:B6:30:BA传感器0	-0.16	0.15	0.93	-0.43	-0.43	0.31	10.02	12.12	100.62	相对角度姿态	10.02	12.12
Mac:DA:3E:20:B6:30:BA传感器0	-0.18	0.16	0.91	2.81	2.81	-0.92	10.06	12.21	100.37	相对角度姿态	10.06	12.21
Mac:DA:3E:20:B6:30:BA传感器0	-0.19	0.17	0.94	0.92	0.92	-2.01	10.25	12.33	100.05	相对角度姿态	10.25	12.33
Mac:DA:3E:20:B6:30:BA传感器0	-0.18	0.17	0.94	4.64	4.64	2.2	10.42	12.29	99.82	相对角度姿态	10.42	12.29
Mac:DA:3E:20:B6:30:BA传感器0	-0.18	0.17	0.91	0.43	0.43	-1.22	10.44	12.27	99.5	相对角度姿态	10.44	12.27
Mac:DA:3E:20:B6:30:BA传感器0	-0.17	0.16	0.9	0.79	0.79	0.37	10.45	12.17	99.28	相对角度姿态	10.45	12.17
Mac:DA:3E:20:B6:30:BA传感器0	-0.17	0.18	0.93	1.28	1.28	-0.79	10.65	12.18	99.07	相对角度姿态	10.65	12.18
Mac:DA:3E:20:B6:30:BA传感器0	-0.18	0.17	0.93	1.65	1.65	0.55	10.84	12.04	98.89	相对角度姿态	10.84	12.04
Mac:DA:3E:20:B6:30:BA传感器0	-0.19	0.17	0.9	1.53	1.53	0.61	10.88	12.04	98.76	相对角度姿态	10.88	12.04
Mac:DA:3E:20:B6:30:BA传感器0	-0.17	0.17	0.92	1.34	1.34	0.37	11.07	11.98	98.57	相对角度姿态	11.07	11.98
Mac:DA:3E:20:B6:30:BA传感器0	-0.18	0.17	0.91	0.31	0.31	0.79	11.06	12.16	98.44	相对角度姿态	11.06	12.16
Mac:DA:3E:20:B6:30:BA传感器0	-0.19	0.19	0.92	-0.06	-0.06	0.31	11.3	12.2	98.4	相对角度姿态	11.3	12.2
Mac:DA:3E:20:B6:30:BA传感器0	-0.2	0.18	0.9	-0.67	-0.67	-2.26	11.44	12.22	98.19	相对角度姿态	11.44	12.22
Mac:DA:3E:20:B6:30:BA传感器0	-0.17	0.2	0.93	1.16	1.16	0	11.67	11.96	97.98	相对角度姿态	11.67	11.96
Mac:DA:3E:20:B6:30:BA传感器0	-0.19	0.19	0.92	1.77	1.77	2.01	11.77	11.9	97.92	相对角度姿态	11.77	11.9
Mac:DA:3E:20:B6:30:BA传感器0	-0.19	0.19	0.95	2.99	2.99	1.22	11.9	11.74	97.82	相对角度姿态	11.9	11.74
Mac:DA:3E:20:B6:30:BA传感器0	-0.26	0.16	1.05	7.08	7.08	6.35	12.24	11.6	97.93	相对角度姿态	12.24	11.6
Mac:DA:3E:20:B6:30:BA传感器0	-0.35	0.19	1.29	-3.66	-3.66	9.52	12.28	11.46	97.95	相对角度姿态	12.28	11.46
Mac:DA:3E:20:B6:30:BA传感器0	-0.64	0.5	1.35	-17.27	-17.27	-7.14	11.91	10.5	97.73	相对角度姿态	11.91	10.5
Mac:DA:3E:20:B6:30:BA传感器0	-0.48	0.49	1.25	-62.56	-62.56	-49.74	8.28	8.27	93.25	相对角度姿态	8.28	8.27
Mac:DA:3E:20:B6:30:BA传感器0	0.29	0.36	0.86	-139.65	-139.65	-83.07	-0.17	4.42	87.5	相对角度姿态	-0.17	4.42
Mac:DA:3E:20:B6:30:BA传感器0	0.31	-0.42	0.01	-75.5	-75.5	-9.16	-13.62	3.38	82.03	相对角度姿态	-13.62	3.38
Mac:DA:3E:20:B6:30:BA传感器0	0.23	-0.27	0.82	1.22	1.22	-38.88	-17.08	1.26	82.53	相对角度姿态	-17.08	1.26
Mac:DA:3E:20:B6:30:BA传感器0	0.12	-0.39	0.88	11.35	11.35	34.24	-19	-0.54	82.15	相对角度姿态	-19	-0.54
Mac:DA:3E:20:B6:30:BA传感器0	-0.04	-0.32	0.99	4.33	4.33	4.46	-18.63	-1.33	84.37	相对角度姿态	-18.63	-1.33
Mac:DA:3E:20:B6:30:BA传感器0	-0.04	-0.3	1.09	-9.77	-9.77	-0.49	-18.2	-1.46	85.11	相对角度姿态	-18.2	-1.46
Mac:DA:3E:20:B6:30:BA传感器0	-0.03	-0.32	1.04	-0.79	-0.79	0.79	-18.75	-2.18	85.65	相对角度姿态	-18.75	-2.18
Mac:DA:3E:20:B6:30:BA传感器0	-0.09	-0.32	0.99	3.36	3.36	-5	-18.47	-1.83	86.03	相对角度姿态	-18.47	-1.83
Mac:DA:3E:20:B6:30:BA传感器0	-0.2	-0.37	0.69	3.72	3.72	-3.05	-18.39	-0.99	86.26	相对角度姿态	-18.39	-0.99
Mac:DA:3E:20:B6:30:BA传感器0	-0.34	-0.31	0.66	35.71	35.71	-26	-17.85	2.3	84.58	相对角度姿态	-17.85	2.3
Mac:DA:3E:20:B6:30:BA传感器0	-0.45	-0.08	0.63	56.09	56.09	-56.88	-13.69	6.42	80.55	相对角度姿态	-13.69	6.42
Mac:DA:3E:20:B6:30:BA传感器0	-0.19	0.19	0.46	109.86	109.86	-46.45	-6.79	6.76	74.22	相对角度姿态	-6.79	6.76
Mac:DA:3E:20:B6:30:BA传感器0	0.07	0.51	1.78	106.08	106.08	-67.44	5.31	1.3	69.55	相对角度姿态	5.31	1.3
Mac:DA:3E:20:B6:30:BA传感器0	0.22	0.31	1.57	24.96	24.96	-39	10.69	0.62	64.62	相对角度姿态	10.69	0.62
Mac:DA:3E:20:B6:30:BA传感器0	0.17	0.2	1.25	-25.45	-25.45	-10.74	12.35	0.76	63.73	相对角度姿态	12.35	0.76
Mac:DA:3E:20:B6:30:BA传感器0	-0.07	0.16	1.01	-26.31	-26.31	-4.46	10.43	-0.11	64.06	相对角度姿态	10.43	-0.11
Mac:DA:3E:20:B6:30:BA传感器0	-0.21	0.11	0.88	1.89	1.89	-27.1	9.28	1.05	63.74	相对角度姿态	9.28	1.05
Mac:DA:3E:20:B6:30:BA传感器0	-0.09	0.04	0.87	-0.61	-0.61	-5.07	7.49	-0.04	62.92	相对角度姿态	7.49	-0.04
Mac:DA:3E:20:B6:30:BA传感器0	-0.07	0.13	0.91	-1.1	-1.1	-5.86	7.92	1.24	63.94	相对角度姿态	7.92	1.24
Mac:DA:3E:20:B6:30:BA传感器0	0.31	0.19	0.94	3.48	3.48	-15.01	8.25	1.64	64.03	相对角度姿态	8.25	1.64
Mac:DA:3E:20:B6:30:BA传感器0	0.51	0.34	0.91	-3.66	-3.66	42.66	8.39	2.01	66.9	相对角度姿态	8.39	2.01
Mac:DA:3E:20:B6:30:BA传感器0	0.28	0.43	0.99	-47.91	-47.91	83.01	7.32	4.12	75.11	相对角度姿态	7.32	4.12
Mac:DA:3E:20:B6:30:BA传感器0	-0.65	0.52	0.76	-16.85	-16.85	169.07	4.54	3.75	89.56	相对角度姿态	4.54	3.75
Mac:DA:3E:20:B6:30:BA传感器0	-1.39	0.34	1.21	41.14	41.14	101.32	8.63	5.14	102.72	相对角度姿态	8.63	5.14
Mac:DA:3E:20:B6:30:BA传感器0	-0.58	-0.08	0.9	-10.8	-10.8	6.71	8.82	9.22	107.25	相对角度姿态	8.82	9.22
Mac:DA:3E:20:B6:30:BA传感器0	-0.25	0.07	0.88	-2.32	-2.32	-5.07	7.9	12.63	107.01	相对角度姿态	7.9	12.63
Mac:DA:3E:20:B6:30:BA传感器0	-0.2	0.19	0.94	13.92	13.92	-1.1	8.54	14.42	106.33	相对角度姿态	8.54	14.42
Mac:DA:3E:20:B6:30:BA传感器0	-0.19	0.13	0.95	11.29	11.29	0.12	8.93	15.38	105.62	相对角度姿态	8.93	15.38
Mac:DA:3E:20:B6:30:BA传感器0	-0.18	0.12	0.92	5.25	5.25	-0.43	9.31	15.4	105.08	相对角度姿态	9.31	15.4
Mac:DA:3E:20:B6:30:BA传感器0	-0.22	0.14	0.9	5.13	5.13	-3.6	9.99	15.8	104.61	相对角度姿态	9.99	15.8
Mac:DA:3E:20:B6:30:BA传感器0	-0.2	0.15	0.91	2.56	2.56	-3.97	10.42	15.96	103.91	相对角度姿态	10.42	15.96
Mac:DA:3E:20:B6:30:BA传感器0	-0.24	0.18	0.92	4.58	4.58	-1.04	10.94	16.59	103.37	相对角度姿态	10.94	16.59
Mac:DA:3E:20:B6:30:BA传感器0	-0.29	0.18	0.9	-1.28	-1.28	-2.26	11.02	16.68	103.13	相对角度姿态	11.02	16.68
Mac:DA:3E:20:B6:30:BA传感器0	-0.23	0.12	0.9	0.73	0.73	-0.73	10.98	16.69	102.61	相对角度姿态	10.98	16.69
Mac:DA:3E:20:B6:30:BA传感器0	-0.26	0.17	0.92	-1.04	-1.04	0.43	11	16.61	102.21	相对角度姿态	11	16.61
Mac:DA:3E:20:B6:30:BA传感器0	-0.24	0.16	0.89	-1.22	-1.22	-1.77	10.86	16.56	101.62	相对角度姿态	10.86	16.56
Mac:DA:3E:20:B6:30:BA传感器0	-0.22	0.17	0.88	2.62	2.62	0.49	11	16.34	101.24	相对角度姿态	11	16.34
Mac:DA:3E:20:B6:30:BA传感器0	-0.25	0.17	0.91	0.61	0.61	1.77	11.24	16.02	101.09	相对角度姿态	11.24	16.02
Mac:DA:3E:20:B6:30:BA传感器0	-0.22	0.15	0.92	-0.43	-0.43	1.59	11.28	15.79	100.96	相对角度姿态	11.28	15.79
Mac:DA:3E:20:B6:30:BA传感器0	-0.25	0.2	0.94	1.59	1.59	0.92	11.35	15.73	100.89	相对角度姿态	11.35	15.73
Mac:DA:3E:20:B6:30:BA传感器0	-0.24	0.18	0.89	-0.43	-0.43	-1.46	11.18	15.74	100.66	相对角度姿态	11.18	15.74
Mac:DA:3E:20:B6:30:BA传感器0	-0.21	0.17	0.89	1.46	1.46	0.18	11.15	15.57	100.27	相对角度姿态	11.15	15.57
Mac:DA:3E:20:B6:30:BA传感器0	-0.23	0.16	0.89	-0.06	-0.06	1.04	11.18	15.5	100.07	相对角度姿态	11.18	15.5
Mac:DA:3E:20:B6:30:BA传感器0	-0.23	0.16	0.91	1.22	1.22	1.34	11.29	15.46	100.01	相对角度姿态	11.29	15.46
Mac:DA:3E:20:B6:30:BA传感器0	-0.24	0.18	0.89	3.48	3.48	2.38	11.57	15.36	100.1	相对角度姿态	11.57	15.36
Mac:DA:3E:20:B6:30:BA传感器0	-0.23	0.18	0.9	3.78	3.78	0.49	11.83	15.44	99.96	相对角度姿态	11.83	15.44
Mac:DA:3E:20:B6:30:BA传感器0	-0.25	0.17	0.87	-2.5	-2.5	-0.31	11.88	15.57	99.74	相对角度姿态	11.88	15.57
Mac:DA:3E:20:B6:30:BA传感器0	-0.22	0.19	0.91	2.69	2.69	0	12.13	15.36	99.54	相对角度姿态	12.13	15.36
Mac:DA:3E:20:B6:30:BA传感器0	-0.24	0.21	0.9	-1.22	-1.22	1.59	12.29	15.22	99.38	相对角度姿态	12.29	15.22
Mac:DA:3E:20:B6:30:BA传感器0	-0.24	0.21	0.91	4.39	4.39	1.59	12.6	14.93	99.31	相对角度姿态	12.6	14.93
Mac:DA:3E:20:B6:30:BA传感器0	-0.24	0.2	0.89	2.75	2.75	1.4	12.68	14.85	99.18	相对角度姿态	12.68	14.85
Mac:DA:3E:20:B6:30:BA传感器0	-0.25	0.19	0.92	3.11	3.11	-0.31	12.83	14.77	99.02	相对角度姿态	12.83	14.77
Mac:DA:3E:20:B6:30:BA传感器0	-0.24	0.24	1.02	6.65	6.65	3.11	13.47	14.45	98.88	相对角度姿态	13.47	14.45
Mac:DA:3E:20:B6:30:BA传感器0	-0.26	0.25	1.17	9.34	9.34	13.12	14.47	13.13	99.06	相对角度姿态	14.47	13.13
Mac:DA:3E:20:B6:30:BA传感器0	-0.32	0.5	1.28	3.42	3.42	4.64	16.42	10.9	98.8	相对角度姿态	16.42	10.9
Mac:DA:3E:20:B6:30:BA传感器0	-0.22	0.51	1.32	-27.4	-27.4	9.03	14.72	6.82	98.43	相对角度姿态	14.72	6.82
Mac:DA:3E:20:B6:30:BA传感器0	-0.15	0.53	1.07	-51.09	-51.09	6.96	11.89	6.08	98.42	相对角度姿态	11.89	6.08
Mac:DA:3E:20:B6:30:BA传感器0	-0.04	0.26	0.68	-140.63	-140.63	-8.85	2.33	8.61	98.4	相对角度姿态	2.33	8.61
Mac:DA:3E:20:B6:30:BA传感器0	-0.05	-0.51	-0.03	-42.24	-42.24	-62.68	-11.8	15.47	92.53	相对角度姿态	-11.8	15.47
Mac:DA:3E:20:B6:30:BA传感器0	0.01	-0.36	0.77	20.87	20.87	47.24	-14.53	12.58	94.24	相对角度姿态	-14.53	12.58
Mac:DA:3E:20:B6:30:BA传感器0	-0.19	-0.15	1.04	-5.19	-5.19	12.51	-13.13	11.89	96.33	相对角度姿态	-13.13	11.89
Mac:DA:3E:20:B6:30:BA传感器0	-0.27	-0.15	0.99	6.96	6.96	16.97	-13.06	12.01	97.37	相对角度姿态	-13.06	12.01
Mac:DA:3E:20:B6:30:BA传感器0	-0.24	-0.16	1.03	-3.11	-3.11	8.79	-12.47	12.19	97.7	相对角度姿态	-12.47	12.19
Mac:DA:3E:20:B6:30:BA传感器0	-0.25	-0.18	0.97	-1.95	-1.95	11.23	-12.42	12.14	98.45	相对角度姿态	-12.42	12.14
Mac:DA:3E:20:B6:30:BA传感器0	-0.23	-0.18	0.99	-3.3	-3.3	9.28	-12.18	12.4	99.07	相对角度姿态	-12.18	12.4
Mac:DA:3E:20:B6:30:BA传感器0	-0.25	-0.24	0.96	1.34	1.34	4.46	-12.63	13.54	99.74	相对角度姿态	-12.63	13.54
Mac:DA:3E:20:B6:30:BA传感器0	-0.34	-0.15	1.02	-8.61	-8.61	21.12	-11.95	13.75	101.86	相对角度姿态	-11.95	13.75
Mac:DA:3E:20:B6:30:BA传感器0	-0.45	-0.21	0.88	0.55	0.55	4.94	-12.17	13.97	103.04	相对角度姿态	-12.17	13.97
Mac:DA:3E:20:B6:30:BA传感器0	-0.65	0.02	0.89	-13.98	-13.98	-2.26	-11.28	12.95	103.81	相对角度姿态	-11.28	12.95
Mac:DA:3E:20:B6:30:BA传感器0	-0.52	0.36	1.05	17.27	17.27	-118.53	-10.99	10.11	97.56	相对角度姿态	-10.99	10.11
Mac:DA:3E:20:B6:30:BA传感器0	-0.14	0.18	0.8	-8.67	-8.67	-160.83	-11.2	7.78	82.06	相对角度姿态	-11.2	7.78
Mac:DA:3E:20:B6:30:BA传感器0	0.63	-0.46	1.25	27.16	27.16	-105.65	-11.13	7.36	67.38	相对角度姿态	-11.13	7.36
Mac:DA:3E:20:B6:30:BA传感器0	0.25	-0.26	1.07	-19.35	-19.35	-0.24	-11.11	3.99	66.69	相对角度姿态	-11.11	3.99
Mac:DA:3E:20:B6:30:BA传感器0	0.13	-0.31	1.1	-3.66	-3.66	-0.24	-12.24	1.86	67.22	相对角度姿态	-12.24	1.86
Mac:DA:3E:20:B6:30:BA传感器0	-0.23	-0.21	1.15	-14.34	-14.34	10.44	-12.47	1.47	69.03	相对角度姿态	-12.47	1.47
Mac:DA:3E:20:B6:30:BA传感器0	-0.2	-0.25	1	-9.09	-9.09	-1.59	-13.5	1.82	69.54	相对角度姿态	-13.5	1.82
Mac:DA:3E:20:B6:30:BA传感器0	-0.01	-0.3	1.01	5.98	5.98	-4.15	-13.76	1.42	69.85	相对角度姿态	-13.76	1.42
Mac:DA:3E:20:B6:30:BA传感器0	-0.03	-0.32	0.93	-2.93	-2.93	1.83	-13.97	1.32	70.64	相对角度姿态	-13.97	1.32
Mac:DA:3E:20:B6:30:BA传感器0	-0.1	-0.36	0.79	-1.65	-1.65	4.7	-14.52	1.44	71.88	相对角度姿态	-14.52	1.44
Mac:DA:3E:20:B6:30:BA传感器0	-0.04	-0.36	0.71	18.92	18.92	-16.48	-14.09	1.56	73.05	相对角度姿态	-14.09	1.56
Mac:DA:3E:20:B6:30:BA传感器0	-0.1	-0.3	0.52	45.29	45.29	-17.03	-12.22	2.54	72.45	相对角度姿态	-12.22	2.54
Mac:DA:3E:20:B6:30:BA传感器0	-0.35	0.09	0.6	47.12	47.12	-9.64	-6.41	3.39	71.9	相对角度姿态	-6.41	3.39
Mac:DA:3E:20:B6:30:BA传感器0	-0.29	0.18	1.25	113.83	113.83	-0.92	0	2.82	71.01	相对角度姿态	0	2.82
Mac:DA:3E:20:B6:30:BA传感器0	-0.14	0.24	1.68	40.89	40.89	2.01	8.28	2.1	71.47	相对角度姿态	8.28	2.1
Mac:DA:3E:20:B6:30:BA传感器0	-0.24	0.24	1.31	1.83	1.83	1.22	11.12	2.52	72.34	相对角度姿态	11.12	2.52
Mac:DA:3E:20:B6:30:BA传感器0	-0.18	0.15	1.06	-16.05	-16.05	-3.78	9.8	1.09	72.18	相对角度姿态	9.8	1.09
Mac:DA:3E:20:B6:30:BA传感器0	-0.15	0.11	0.89	-3.66	-3.66	-10.07	8.12	0.69	71.73	相对角度姿态	8.12	0.69
Mac:DA:3E:20:B6:30:BA传感器0	-0.09	0.1	0.93	-9.09	-9.09	-12.08	7.48	0.6	71.01	相对角度姿态	7.48	0.6
Mac:DA:3E:20:B6:30:BA传感器0	0.05	0.12	1.01	3.3	3.3	-7.45	6.91	-0.58	70.66	相对角度姿态	6.91	-0.58
Mac:DA:3E:20:B6:30:BA传感器0	0.26	0.1	0.99	6.29	6.29	3.97	6.44	-1.54	70.77	相对角度姿态	6.44	-1.54
Mac:DA:3E:20:B6:30:BA传感器0	0.34	0.18	0.94	-6.84	-6.84	33.33	6.89	-1.72	72.91	相对角度姿态	6.89	-1.72
Mac:DA:3E:20:B6:30:BA传感器0	0.42	0.19	0.93	-1.95	-1.95	68.79	6.76	-0.18	78.45	相对角度姿态	6.76	-0.18
Mac:DA:3E:20:B6:30:BA传感器0	0.34	0.27	0.79	13.98	13.98	125.98	8.33	1.2	87.9	相对角度姿态	8.33	1.2
Mac:DA:3E:20:B6:30:BA传感器0	-0.63	0.78	0.82	-17.21	-17.21	163.15	11.36	2.49	103.18	相对角度姿态	11.36	2.49
Mac:DA:3E:20:B6:30:BA传感器0	-0.98	0.24	0.83	-13.06	-13.06	11.96	12.39	6.09	109.77	相对角度姿态	12.39	6.09
Mac:DA:3E:20:B6:30:BA传感器0	-0.31	-0.07	0.85	-7.45	-7.45	-2.38	11.13	11.17	109.96	相对角度姿态	11.13	11.17
Mac:DA:3E:20:B6:30:BA传感器0	-0.19	0.1	0.95	2.44	2.44	12.02	10.64	13.78	110.43	相对角度姿态	10.64	13.78
Mac:DA:3E:20:B6:30:BA传感器0	-0.28	0.19	0.9	1.28	1.28	2.26	10.71	15.8	110.82	相对角度姿态	10.71	15.8
Mac:DA:3E:20:B6:30:BA传感器0	-0.16	0.16	0.95	6.35	6.35	-0.67	11.03	16.2	110.08	相对角度姿态	11.03	16.2
Mac:DA:3E:20:B6:30:BA传感器0	-0.2	0.14	0.91	-0.79	-0.79	3.11	11.17	16.41	109.67	相对角度姿态	11.17	16.41
Mac:DA:3E:20:B6:30:BA传感器0	-0.25	0.16	0.93	0	0	4.15	11.33	16.59	109.53	相对角度姿态	11.33	16.59
Mac:DA:3E:20:B6:30:BA传感器0	-0.25	0.18	0.92	-1.71	-1.71	1.83	11.35	16.62	109.23	相对角度姿态	11.35	16.62
Mac:DA:3E:20:B6:30:BA传感器0	-0.24	0.18	0.9	0.18	0.18	-0.12	11.3	16.45	108.64	相对角度姿态	11.3	16.45
Mac:DA:3E:20:B6:30:BA传感器0	-0.19	0.16	0.9	2.01	2.01	-0.85	11.18	15.89	107.83	相对角度姿态	11.18	15.89
Mac:DA:3E:20:B6:30:BA传感器0	-0.19	0.18	0.93	-2.38	-2.38	0.79	11.33	15.19	107.33	相对角度姿态	11.33	15.19
Mac:DA:3E:20:B6:30:BA传感器0	-0.2	0.18	0.91	-1.16	-1.16	0.73	11.24	15.09	106.89	相对角度姿态	11.24	15.09
Mac:DA:3E:20:B6:30:BA传感器0	-0.2	0.18	0.93	0.06	0.06	-0.92	11.09	15.02	106.36	相对角度姿态	11.09	15.02
Mac:DA:3E:20:B6:30:BA传感器0	-0.2	0.18	0.91	-0.18	-0.18	0	10.89	14.89	105.84	相对角度姿态	10.89	14.89
Mac:DA:3E:20:B6:30:BA传感器0	-0.21	0.19	0.92	5.62	5.62	1.4	10.86	14.74	105.55	相对角度姿态	10.86	14.74
Mac:DA:3E:20:B6:30:BA传感器0	-0.2	0.17	0.9	1.22	1.22	2.26	10.7	14.52	105.22	相对角度姿态	10.7	14.52
Mac:DA:3E:20:B6:30:BA传感器0	-0.19	0.17	0.92	0.98	0.98	-0.31	10.65	14.23	104.9	相对角度姿态	10.65	14.23
Mac:DA:3E:20:B6:30:BA传感器0	-0.19	0.16	0.91	0.85	0.85	2.01	10.51	13.97	104.54	相对角度姿态	10.51	13.97
Mac:DA:3E:20:B6:30:BA传感器0	-0.19	0.17	0.93	2.08	2.08	2.08	10.58	13.86	104.37	相对角度姿态	10.58	13.86
Mac:DA:3E:20:B6:30:BA传感器0	-0.21	0.17	0.98	1.16	1.16	3.36	10.73	13.93	104.3	相对角度姿态	10.73	13.93
Mac:DA:3E:20:B6:30:BA传感器0	-0.18	0.08	1.08	-2.99	-2.99	11.35	10.62	14.16	104.4	相对角度姿态	10.62	14.16
Mac:DA:3E:20:B6:30:BA传感器0	-0.25	0.23	1.22	-19.17	-19.17	15.87	10.37	15.44	105.92	相对角度姿态	10.37	15.44
Mac:DA:3E:20:B6:30:BA传感器0	-0.36	0.27	1.15	-41.14	-41.14	8.67	8.67	18.57	107.45	相对角度姿态	8.67	18.57
Mac:DA:3E:20:B6:30:BA传感器0	-0.44	0.22	0.94	-62.74	-62.74	-6.29	4.1	20.89	107.67	相对角度姿态	4.1	20.89
Mac:DA:3E:20:B6:30:BA传感器0	-0.4	0.04	0.83	-51.09	-51.09	-23.25	-1.88	22.07	105.56	相对角度姿态	-1.88	22.07
Mac:DA:3E:20:B6:30:BA传感器0	-0.37	-0.15	0.79	-31.98	-31.98	-30.15	-7.31	22.82	102.5	相对角度姿态	-7.31	22.82
Mac:DA:3E:20:B6:30:BA传感器0	-0.44	-0.18	0.77	-26.06	-26.06	-32.17	-11.64	22.77	99.79	相对角度姿态	-11.64	22.77
Mac:DA:3E:20:B6:30:BA传感器0	-0.38	-0.23	0.82	-17.58	-17.58	-41.63	-15.44	21.27	96.02	相对角度姿态	-15.44	21.27
Mac:DA:3E:20:B6:30:BA传感器0	-0.32	-0.28	0.81	-21.42	-21.42	-55.73	-18.81	18.98	91.21	相对角度姿态	-18.81	18.98
Mac:DA:3E:20:B6:30:BA传感器0	-0.25	-0.33	0.78	-8.85	-8.85	-67.81	-21.46	15.78	86.13	相对角度姿态	-21.46	15.78
Mac:DA:3E:20:B6:30:BA传感器0	-0.19	-0.31	0.74	3.17	3.17	-66.83	-22.71	13.21	79.5	相对角度姿态	-22.71	13.21
Mac:DA:3E:20:B6:30:BA传感器0	-0.15	-0.26	0.96	32.1	32.1	-67.14	-22.37	9.7	74.86	相对角度姿态	-22.37	9.7
Mac:DA:3E:20:B6:30:BA传感器0	-0.03	-0.38	0.93	36.74	36.74	-49.99	-20.58	6.67	69.73	相对角度姿态	-20.58	6.67
Mac:DA:3E:20:B6:30:BA传感器0	-0.02	-0.39	0.87	39.98	39.98	-60.36	-18.29	5.2	65.29	相对角度姿态	-18.29	5.2
Mac:DA:3E:20:B6:30:BA传感器0	0.02	-0.27	0.94	48.4	48.4	-22.03	-14.86	4.05	62.37	相对角度姿态	-14.86	4.05
Mac:DA:3E:20:B6:30:BA传感器0	-0.09	-0.08	0.96	52.43	52.43	-46.26	-10.36	5.06	60.34	相对角度姿态	-10.36	5.06
Mac:DA:3E:20:B6:30:BA传感器0	-0.12	-0.12	1.05	54.26	54.26	-42.42	-6.12	5.53	57.22	相对角度姿态	-6.12	5.53
Mac:DA:3E:20:B6:30:BA传感器0	-0.18	-0.14	1	36.07	36.07	-12.82	-1.91	6.54	56.06	相对角度姿态	-1.91	6.54
Mac:DA:3E:20:B6:30:BA传感器0	-0.24	0.05	0.91	57.5	57.5	14.95	3	8.59	57.2	相对角度姿态	3	8.59
Mac:DA:3E:20:B6:30:BA传感器0	-0.21	0.17	1.04	50.96	50.96	21.55	8.12	8.57	59.84	相对角度姿态	12.47	9.25
Mac:DA:3E:20:B6:30:BA传感器0	-0.17	0.18	0.94	41.14	41.14	24.29	12.47	9.25	62.76	相对角度姿态	12.47	9.25
Mac:DA:3E:20:B6:30:BA传感器0	-0.32	0.29	0.88	60.24	60.24	23.68	17.8	11.01	66.87	相对角度姿态	17.8	11.01
Mac:DA:3E:20:B6:30:BA传感器0	-0.31	0.37	0.91	40.1	40.1	19.04	23.99	13.12	70.52	相对角度姿态	23.99	13.12
Mac:DA:3E:20:B6:30:BA传感器0	-0.4	0.36	0.78	16.36	16.36	20.39	27.24	15.94	74.55	相对角度姿态	27.24	15.94
Mac:DA:3E:20:B6:30:BA传感器0	-0.32	0.41	0.73	0.92	0.92	30.82	28.9	17.76	78.37	相对角度姿态	28.9	17.76
Mac:DA:3E:20:B6:30:BA传感器0	-0.29	0.49	0.76	-8.85	-8.85	48.83	30.21	17.86	83.36	相对角度姿态	30.21	17.86
Mac:DA:3E:20:B6:30:BA传感器0	-0.28	0.54	0.75	-26.06	-26.06	50.9	30.84	17.5	89.43	相对角度姿态	30.84	17.5
Mac:DA:3E:20:B6:30:BA传感器0	-0.27	0.53	0.76	-25.63	-25.63	60.73	30.51	16.46	95.31	相对角度姿态	30.51	16.46
Mac:DA:3E:20:B6:30:BA传感器0	-0.34	0.52	0.87	-35.46	-35.46	61.4	29.8	14.94	101.58	相对角度姿态	29.8	14.94
Mac:DA:3E:20:B6:30:BA传感器0	-0.41	0.5	0.97	-47.12	-47.12	47.18	27.38	14.08	106.88	相对角度姿态	27.38	14.08
Mac:DA:3E:20:B6:30:BA传感器0	-0.38	0.43	0.93	-49.13	-49.13	27.53	22.9	13.33	109.18	相对角度姿态	22.9	13.33
Mac:DA:3E:20:B6:30:BA传感器0	-0.35	0.19	0.67	-65.73	-65.73	-26	12.51	16.68	108.35	相对角度姿态	12.51	16.68
Mac:DA:3E:20:B6:30:BA传感器0	-0.35	0.19	0.67	-65.73	-65.73	-26	12.51	16.68	108.35	相对角度姿态	12.51	16.68
Mac:DA:3E:20:B6:30:BA传感器0	-0.29	0.03	0.64	-28.38	-28.38	-13.12	7.37	17.53	106.18	相对角度姿态	7.37	17.53
Mac:DA:3E:20:B6:30:BA传感器0	-0.18	-0.02	0.8	-4.82	-4.82	-8.42	5.1	16.46	104.91	相对角度姿态	5.1	16.46
Mac:DA:3E:20:B6:30:BA传感器0	-0.16	0.02	0.9	4.03	4.03	-3.11	4.4	15.62	103.98	相对角度姿态	4.4	15.62
Mac:DA:3E:20:B6:30:BA传感器0	-0.15	0.04	0.93	8.85	8.85	-1.16	4.45	14.85	103.02	相对角度姿态	4.45	14.85
Mac:DA:3E:20:B6:30:BA传感器0	-0.17	0.09	1	6.84	6.84	0.85	5	14.05	102.38	相对角度姿态	5	14.05
Mac:DA:3E:20:B6:30:BA传感器0	-0.14	0.05	0.96	15.2	15.2	2.69	5.56	13.39	101.85	相对角度姿态	5.56	13.39
Mac:DA:3E:20:B6:30:BA传感器0	-0.17	0.1	0.96	1.16	1.16	9.64	6.34	11.93	102.07	相对角度姿态	6.34	11.93
Mac:DA:3E:20:B6:30:BA传感器0	-0.11	0.08	0.93	3.36	3.36	-1.1	5.89	9.9	102.02	相对角度姿态	5.89	9.9
Mac:DA:3E:20:B6:30:BA传感器0	-0.11	0.1	1	2.5	2.5	-2.5	6.36	9.5	101.29	相对角度姿态	6.36	9.5
Mac:DA:3E:20:B6:30:BA传感器0	-0.04	0.09	0.97	2.5	2.5	-0.18	6.39	7.31	101.27	相对角度姿态	6.39	7.31
Mac:DA:3E:20:B6:30:BA传感器0	-0.08	0.1	0.97	-1.46	-1.46	-3.17	6.48	7.38	100.81	相对角度姿态	6.48	7.38
Mac:DA:3E:20:B6:30:BA传感器0	-0.08	0.09	0.95	-0.24	-0.24	-3.48	6.38	7.48	100.17	相对角度姿态	6.38	7.48
Mac:DA:3E:20:B6:30:BA传感器0	-0.09	0.1	0.95	1.95	1.95	2.69	6.6	7.36	99.86	相对角度姿态	6.6	7.36
Mac:DA:3E:20:B6:30:BA传感器0	-0.09	0.13	1	9.03	9.03	-0.61	7.04	6.9	99.81	相对角度姿态	7.04	6.9
Mac:DA:3E:20:B6:30:BA传感器0	-0.1	0.12	0.97	4.03	4.03	-2.5	7.27	7.29	99.46	相对角度姿态	7.27	7.29
Mac:DA:3E:20:B6:30:BA传感器0	-0.08	0.12	0.98	4.82	4.82	0.85	7.31	7.35	99.18	相对角度姿态	7.31	7.35
Mac:DA:3E:20:B6:30:BA传感器0	-0.1	0.11	0.95	-1.77	-1.77	-0.79	7.15	7.41	98.96	相对角度姿态	7.15	7.41
Mac:DA:3E:20:B6:30:BA传感器0	-0.11	0.11	0.94	2.44	2.44	-0.67	7.1	7.51	98.85	相对角度姿态	7.1	7.51
Mac:DA:3E:20:B6:30:BA传感器0	-0.1	0.11	0.96	2.14	2.14	0	7.32	7.34	98.67	相对角度姿态	7.32	7.34
Mac:DA:3E:20:B6:30:BA传感器0	-0.13	0.12	0.96	-0.67	-0.67	-2.81	7.67	7.53	98.43	相对角度姿态	7.67	7.53
Mac:DA:3E:20:B6:30:BA传感器0	-0.1	0.13	0.96	5.92	5.92	-1.65	7.86	7.39	98.11	相对角度姿态	7.86	7.39
Mac:DA:3E:20:B6:30:BA传感器0	-0.08	0.13	0.95	3.42	3.42	-0.67	7.9	7.25	97.82	相对角度姿态	7.9	7.25
Mac:DA:3E:20:B6:30:BA传感器0	-0.1	0.13	0.95	4.03	4.03	1.4	8.09	7.3	97.71	相对角度姿态	8.09	7.3
Mac:DA:3E:20:B6:30:BA传感器0	-0.13	0.12	0.9	2.75	2.75	1.71	8.42	7.51	97.67	相对角度姿态	8.42	7.51
Mac:DA:3E:20:B6:30:BA传感器0	-0.11	0.14	0.94	5.25	5.25	-1.89	8.95	7.29	97.65	相对角度姿态	8.95	7.29
Mac:DA:3E:20:B6:30:BA传感器0	-0.12	0.15	0.92	5.25	5.25	-1.89	9.51	7.98	97.36	相对角度姿态	9.51	7.98
Mac:DA:3E:20:B6:30:BA传感器0	-0.11	0.18	0.97	8.12	8.12	1.83	10.35	8.15	97.23	相对角度姿态	10.35	8.15
Mac:DA:3E:20:B6:30:BA传感器0	-0.21	0.22	1.04	11.17	11.17	4.27	11.34	8.57	97.27	相对角度姿态	11.34	8.57
Mac:DA:3E:20:B6:30:BA传感器0	-0.18	0.28	1.27	3.91	3.91	8.85	11.94	7.12	97.3	相对角度姿态	11.94	7.12
Mac:DA:3E:20:B6:30:BA传感器0	-0.1	0.37	1.49	-15.81	-15.81	18.37	12.21	6.38	98.47	相对角度姿态	12.21	6.38
Mac:DA:3E:20:B6:30:BA传感器0	-0.3	0.63	1.16	-9.52	-9.52	13.06	12.26	7.17	100.92	相对角度姿态	12.26	7.17
Mac:DA:3E:20:B6:30:BA传感器0	-0.22	0.54	0.83	-76.35	-76.35	-41.26	8.1	10.76	100.74	相对角度姿态	8.1	10.76
Mac:DA:3E:20:B6:30:BA传感器0	0.06	-0.52	0.13	-50.96	-50.96	-48.16	-5.28	16.28	94.79	相对角度姿态	-5.28	16.28
Mac:DA:3E:20:B6:30:BA传感器0	0.07	-0.4	0.63	-14.59	-14.59	-32.17	-10.85	14.28	94.13	相对角度姿态	-10.85	14.28
Mac:DA:3E:20:B6:30:BA传感器0	-0.03	-0.23	0.99	8.12	8.12	16.48	-11.89	12.4	94.15	相对角度姿态	-11.89	12.4
Mac:DA:3E:20:B6:30:BA传感器0	-0.23	-0.07	1.1	2.14	2.14	8.18	-11.04	11.71	96.01	相对角度姿态	-11.04	11.71
Mac:DA:3E:20:B6:30:BA传感器0	-0.27	-0.16	0.97	-1.53	-1.53	5.37	-11.48	11.83	96.93	相对角度姿态	-11.48	11.83
Mac:DA:3E:20:B6:30:BA传感器0	-0.27	-0.15	1	-0.85	-0.85	7.39	-11.43	11.62	97.68	相对角度姿态	-11.43	11.62
Mac:DA:3E:20:B6:30:BA传感器0	-0.28	-0.23	0.91	-3.23	-3.23	14.95	-11.83	11.59	98.1	相对角度姿态	-11.83	11.59
Mac:DA:3E:20:B6:30:BA传感器0	-0.37	-0.19	0.94	-5.49	-5.49	5	-11.32	11.26	98.76	相对角度姿态	-11.32	11.26
Mac:DA:3E:20:B6:30:BA传感器0	-0.69	-0.22	0.77	-10.25	-10.25	-6.53	-11.89	12.71	98.32	相对角度姿态	-11.89	12.71
Mac:DA:3E:20:B6:30:BA传感器0	-0.78	0.02	0.78	25.57	25.57	-123.17	-11.97	15.01	90.79	相对角度姿态	-11.97	15.01
Mac:DA:3E:20:B6:30:BA传感器0	-0.6	0.15	0.75	11.23	11.23	-105.9	-13.89	15.72	78.69	相对角度姿态	-13.89	15.72
Mac:DA:3E:20:B6:30:BA传感器0	0.57	-0.16	1.4	73.18	73.18	-50.05	-10.3	12.81	69.73	相对角度姿态	-10.3	12.81
Mac:DA:3E:20:B6:30:BA传感器0	0.3	0.06	1.34	-0.79	-0.79	-26.61	-7.17	7.6	69.14	相对角度姿态	-7.17	7.6
Mac:DA:3E:20:B6:30:BA传感器0	0.24	-0.19	1.22	-33.14	-33.14	-25.7	-9.89	3.27	67.18	相对角度姿态	-9.89	3.27
Mac:DA:3E:20:B6:30:BA传感器0	-0.04	-0.25	1.05	-18.74	-18.74	2.99	-13.08	0.4	67.87	相对角度姿态	-13.08	0.4
Mac:DA:3E:20:B6:30:BA传感器0	-0.08	-0.33	0.92	1.59	1.59	-15.87	-14.66	0.27	68.69	相对角度姿态	-14.66	0.27
Mac:DA:3E:20:B6:30:BA传感器0	-0.07	-0.32	0.92	11.9	11.9	-5.49	-14.96	0.77	68.96	相对角度姿态	-14.96	0.77
Mac:DA:3E:20:B6:30:BA传感器0	-0.11	-0.3	0.87	-0.85	-0.85	-4.15	-14.3	2.58	68.77	相对角度姿态	-14.3	2.58
Mac:DA:3E:20:B6:30:BA传感器0	-0.09	-0.28	0.8	9.34	9.34	1.34	-13.88	3.82	69.35	相对角度姿态	-13.88	3.82
Mac:DA:3E:20:B6:30:BA传感器0	0.03	-0.27	0.44	22.71	22.71	-5.8	-12.97	5.31	69.24	相对角度姿态	-12.97	5.31
Mac:DA:3E:20:B6:30:BA传感器0	0.03	-0.1	0.32	78.55	78.55	9.22	-8.95	4.94	71.04	相对角度姿态	-8.95	4.94
Mac:DA:3E:20:B6:30:BA传感器0	-0.24	0.49	1.65	128.91	128.91	12.94	5.51	2.26	73.03	相对角度姿态	5.51	2.26
Mac:DA:3E:20:B6:30:BA传感器0	-0.25	0.52	1.85	44.98	44.98	-5	14.36	1.99	73.88	相对角度姿态	14.36	1.99
Mac:DA:3E:20:B6:30:BA传感器0	-0.22	0.25	1.22	-13.55	-13.55	-13.37	14.74	3.09	73.61	相对角度姿态	14.74	3.09
Mac:DA:3E:20:B6:30:BA传感器0	-0.12	0.15	0.8	-18.31	-18.31	-17.64	12.82	3.81	72.75	相对角度姿态	12.82	3.81
Mac:DA:3E:20:B6:30:BA传感器0	-0.16	0.22	0.87	6.84	6.84	-6.65	12.45	4.3	72.2	相对角度姿态	12.45	4.3
Mac:DA:3E:20:B6:30:BA传感器0	-0.07	0.18	0.94	5.86	5.86	-5.37	12.39	3.85	71.63	相对角度姿态	12.39	3.85
Mac:DA:3E:20:B6:30:BA传感器0	0.11	0.26	1.04	9.52	9.52	-14.71	12.99	4.2	71.59	相对角度姿态	12.99	4.2
Mac:DA:3E:20:B6:30:BA传感器0	0.32	0.36	0.9	-22.34	-22.34	-14.89	13.36	7.17	71.16	相对角度姿态	13.36	7.17
Mac:DA:3E:20:B6:30:BA传感器0	0.36	0.44	0.83	-33.57	-33.57	84.78	11.68	6.46	75.1	相对角度姿态	11.68	6.46
Mac:DA:3E:20:B6:30:BA传感器0	-0.06	0.63	0.78	-56.34	-56.34	170.41	10.81	5.89	87.31	相对角度姿态	10.81	5.89
Mac:DA:3E:20:B6:30:BA传感器0	-1.3	0.49	0.94	-7.75	-7.75	158.94	9.85	5.16	102.8	相对角度姿态	9.85	5.16
Mac:DA:3E:20:B6:30:BA传感器0	-0.5	-0.05	0.85	-10.31	-10.31	2.5	10.11	8.77	107.73	相对角度姿态	10.11	8.77
Mac:DA:3E:20:B6:30:BA传感器0	-0.15	0.04	0.94	5.98	5.98	7.87	9.31	10.38	107.89	相对角度姿态	9.31	10.38
Mac:DA:3E:20:B6:30:BA传感器0	-0.22	0.17	0.93	6.04	6.04	2.99	9.01	12.82	108.14	相对角度姿态	9.01	12.82
Mac:DA:3E:20:B6:30:BA传感器0	-0.22	0.15	0.93	3.23	3.23	-6.23	9.1	14.74	107.51	相对角度姿态	9.1	14.74
Mac:DA:3E:20:B6:30:BA传感器0	-0.1	0.13	0.99	1.89	1.89	0.12	9.31	13.98	106.49	相对角度姿态	9.31	13.98
Mac:DA:3E:20:B6:30:BA传感器0	-0.2	0.16	0.92	1.59	1.59	0.98	9.59	13.8	106.25	相对角度姿态	9.59	13.8
Mac:DA:3E:20:B6:30:BA传感器0	-0.2	0.15	0.92	-0.61	-0.61	0.92	9.59	13.61	105.7	相对角度姿态	9.59	13.61
Mac:DA:3E:20:B6:30:BA传感器0	-0.18	0.13	0.95	-2.62	-2.62	-2.2	9.33	13.47	104.97	相对角度姿态	9.33	13.47
Mac:DA:3E:20:B6:30:BA传感器0	-0.16	0.15	0.96	-3.91	-3.91	-1.71	9.11	13.19	104.23	相对角度姿态	9.11	13.19
Mac:DA:3E:20:B6:30:BA传感器0	-0.16	0.15	0.94	-0.85	-0.85	-0.18	8.72	12.89	103.57	相对角度姿态	8.72	12.89
Mac:DA:3E:20:B6:30:BA传感器0	-0.14	0.13	0.92	0.43	0.43	-0.06	8.29	12.6	102.95	相对角度姿态	8.29	12.6
Mac:DA:3E:20:B6:30:BA传感器0	-0.17	0.12	0.94	-1.59	-1.59	1.28	8.09	12.47	102.62	相对角度姿态	8.09	12.47
Mac:DA:3E:20:B6:30:BA传感器0	-0.18	0.12	0.95	-2.62	-2.62	0.06	7.99	12.41	102.37	相对角度姿态	7.99	12.41
Mac:DA:3E:20:B6:30:BA传感器0	-0.16	0.12	0.94	1.1	1.1	0.43	7.88	12.24	102.02	相对角度姿态	7.88	12.24
Mac:DA:3E:20:B6:30:BA传感器0	-0.13	0.11	0.93	1.95	1.95	0.98	7.94	12.21	101.73	相对角度姿态	7.94	12.21
Mac:DA:3E:20:B6:30:BA传感器0	-0.2	0.15	0.9	0	0	2.01	8.32	12.96	101.69	相对角度姿态	8.32	12.96
Mac:DA:3E:20:B6:30:BA传感器0	-0.18	0.14	0.94	4.94	4.94	0.37	8.75	12.93	101.51	相对角度姿态	8.75	12.93
Mac:DA:3E:20:B6:30:BA传感器0	-0.19	0.16	0.95	2.56	2.56	0.49	9.04	12.69	101.3	相对角度姿态	9.04	12.69
Mac:DA:3E:20:B6:30:BA传感器0	-0.18	0.15	0.95	0.31	0.31	0.31	9.11	12.45	101.09	相对角度姿态	9.11	12.45
Mac:DA:3E:20:B6:30:BA传感器0	-0.18	0.14	0.93	-2.26	-2.26	-0.73	8.99	12.34	100.75	相对角度姿态	8.99	12.34
Mac:DA:3E:20:B6:30:BA传感器0	-0.18	0.13	0.92	1.34	1.34	-0.67	8.88	12.28	100.42	相对角度姿态	8.88	12.28
Mac:DA:3E:20:B6:30:BA传感器0	-0.18	0.14	0.93	0.43	0.43	-1.22	8.91	12.19	100.16	相对角度姿态	8.91	12.19
Mac:DA:3E:20:B6:30:BA传感器0	-0.19	0.13	0.94	-1.16	-1.16	-0.73	8.91	12.23	99.9	相对角度姿态	8.91	12.23
Mac:DA:3E:20:B6:30:BA传感器0	-0.18	0.13	0.92	-0.73	-0.73	-0.43	8.77	12.18	99.67	相对角度姿态	8.77	12.18
Mac:DA:3E:20:B6:30:BA传感器0	-0.17	0.14	0.93	0.79	0.79	-0.06	8.81	12	99.46	相对角度姿态	8.81	12
Mac:DA:3E:20:B6:30:BA传感器0	-0.17	0.15	0.94	3.05	3.05	0.31	9.02	11.66	99.31	相对角度姿态	9.02	11.66
Mac:DA:3E:20:B6:30:BA传感器0	-0.2	0.15	0.93	0.43	0.43	-0.73	9.15	11.62	99.17	相对角度姿态	9.15	11.62
Mac:DA:3E:20:B6:30:BA传感器0	-0.18	0.15	0.94	0.31	0.31	-0.73	9.2	11.55	98.86	相对角度姿态	9.2	11.55
Mac:DA:3E:20:B6:30:BA传感器0	-0.18	0.15	0.94	-1.22	-1.22	-1.46	9.16	11.46	98.55	相对角度姿态	9.16	11.46
Mac:DA:3E:20:B6:30:BA传感器0	-0.18	0.15	0.94	-2.38	-2.38	-1.22	8.99	11.45	98.33	相对角度姿态	8.99	11.45
Mac:DA:3E:20:B6:30:BA传感器0	-0.18	0.15	0.94	-4.15	-4.15	-1.71	8.7	11.46	98.14	相对角度姿态	8.7	11.46
Mac:DA:3E:20:B6:30:BA传感器0	-0.16	0.13	0.92	-1.83	-1.83	0.12	8.32	11.54	97.96	相对角度姿态	8.32	11.54
Mac:DA:3E:20:B6:30:BA传感器0	-0.19	0.12	0.93	1.34	1.34	1.71	8.15	11.6	97.97	相对角度姿态	8.15	11.6
Mac:DA:3E:20:B6:30:BA传感器0	-0.2	0.13	0.93	-1.53	-1.53	-2.26	8.08	11.89	97.92	相对角度姿态	8.08	11.89
Mac:DA:3E:20:B6:30:BA传感器0	-0.17	0.13	0.96	1.59	1.59	-0.61	8.03	11.88	97.71	相对角度姿态	8.03	11.88
Mac:DA:3E:20:B6:30:BA传感器0	-0.19	0.14	0.93	-0.12	-0.12	1.4	8.01	11.81	97.7	相对角度姿态	8.01	11.81
Mac:DA:3E:20:B6:30:BA传感器0	-0.22	0.14	0.93	-0.24	-0.24	0.85	8.21	12.26	97.73	相对角度姿态	8.21	12.26
Mac:DA:3E:20:B6:30:BA传感器0	-0.2	0.14	0.92	-3.36	-3.36	-2.32	8.1	12.25	97.53	相对角度姿态	8.1	12.25
Mac:DA:3E:20:B6:30:BA传感器0	-0.17	0.12	0.93	-0.12	-0.12	-0.18	7.95	12.19	97.34	相对角度姿态	7.95	12.19
Mac:DA:3E:20:B6:30:BA传感器0	-0.19	0.13	0.95	-0.67	-0.67	0.55	8.04	12.47	97.32	相对角度姿态	8.04	12.47
Mac:DA:3E:20:B6:30:BA传感器0	-0.22	0.12	0.91	0	0	0.67	7.88	12.57	97.44	相对角度姿态	7.88	12.57
Mac:DA:3E:20:B6:30:BA传感器0	-0.21	0.13	0.93	0.12	0.12	0.12	7.9	12.43	97.42	相对角度姿态	7.9	12.43
Mac:DA:3E:20:B6:30:BA传感器0	-0.19	0.16	0.92	5.68	5.68	0.73	8.07	12.33	97.38	相对角度姿态	8.07	12.33
