Mac:DA:3E:20:B6:30:BA传感器0	0	0.03	0.98	0.24	0.24	1.28	2.49	-0.2	91.82	相对角度姿态	2.49	-0.2
Mac:DA:3E:20:B6:30:BA传感器0	0.02	0.04	0.99	1.46	1.46	-0.49	2.68	0.04	91.97	相对角度姿态	2.68	0.04
Mac:DA:3E:20:B6:30:BA传感器0	-0.02	0.04	0.99	0.18	0.18	-0.49	2.68	0.04	91.97	相对角度姿态	2.68	0.04
Mac:DA:3E:20:B6:30:BA传感器0	0	0.04	0.99	0.85	0.85	-1.34	2.79	0.07	91.92	相对角度姿态	2.79	0.07
Mac:DA:3E:20:B6:30:BA传感器0	0.02	0.05	1.01	0.24	0.24	-0.43	2.92	-0.07	91.9	相对角度姿态	2.92	-0.07
Mac:DA:3E:20:B6:30:BA传感器0	0.01	0.03	0.99	0.06	0.06	0.37	2.82	-0.15	91.97	相对角度姿态	2.82	-0.15
Mac:DA:3E:20:B6:30:BA传感器0	0	0.06	0.97	-1.4	-1.4	3.42	2.77	0.1	92.24	相对角度姿态	2.77	0.1
Mac:DA:3E:20:B6:30:BA传感器0	0	0.02	0.99	1.83	1.83	-1.04	2.66	0.32	92.4	相对角度姿态	2.66	0.32
Mac:DA:3E:20:B6:30:BA传感器0	0	0.04	1.03	0	0	0.67	2.7	0.11	92.42	相对角度姿态	2.7	0.11
Mac:DA:3E:20:B6:30:BA传感器0	0	0.04	0.97	-1.59	-1.59	-0.12	2.38	0.17	92.43	相对角度姿态	2.38	0.17
Mac:DA:3E:20:B6:30:BA传感器0	0	0.03	0.98	-0.06	-0.06	1.04	2.27	0.35	92.48	相对角度姿态	2.27	0.35
Mac:DA:3E:20:B6:30:BA传感器0	0	0.04	0.99	-0.43	-0.43	0.37	2.35	0.33	92.55	相对角度姿态	2.35	0.33
Mac:DA:3E:20:B6:30:BA传感器0	-0.03	0.03	0.98	0.73	0.73	3.66	2.46	0.34	92.72	相对角度姿态	2.46	0.34
Mac:DA:3E:20:B6:30:BA传感器0	-0.03	0.07	1.02	-3.85	-3.85	-2.38	2.67	0.54	92.75	相对角度姿态	2.67	0.54
Mac:DA:3E:20:B6:30:BA传感器0	0.03	0.04	1.01	-1.22	-1.22	5	2.58	0.6	92.59	相对角度姿态	2.58	0.6
Mac:DA:3E:20:B6:30:BA传感器0	-0.03	0.05	0.99	-0.55	-0.55	5	2.38	0.53	93.05	相对角度姿态	2.38	0.53
Mac:DA:3E:20:B6:30:BA传感器0	-0.04	0.05	0.96	2.87	2.87	-1.46	2.37	0.73	93.19	相对角度姿态	2.37	0.73
Mac:DA:3E:20:B6:30:BA传感器0	0.02	0.03	1	1.34	1.34	0.06	2.6	0.58	92.98	相对角度姿态	2.6	0.58
Mac:DA:3E:20:B6:30:BA传感器0	-0.01	0.04	0.99	1.77	1.77	-0.06	2.66	0.66	92.99	相对角度姿态	2.66	0.66
Mac:DA:3E:20:B6:30:BA传感器0	-0.01	0.05	0.99	4.15	4.15	0.12	2.82	0.62	92.93	相对角度姿态	2.82	0.62
Mac:DA:3E:20:B6:30:BA传感器0	0.02	0.05	1.01	0.24	0.24	0.67	3.05	0.19	92.95	相对角度姿态	3.05	0.19
Mac:DA:3E:20:B6:30:BA传感器0	0	0.05	0.99	0.24	0.24	-0.67	3.01	0.14	93.06	相对角度姿态	3.01	0.14
Mac:DA:3E:20:B6:30:BA传感器0	0.01	0.03	0.95	5.98	5.98	-1.34	3	0.07	93.1	相对角度姿态	3	0.07
Mac:DA:3E:20:B6:30:BA传感器0	0	0.06	1	1.83	1.83	1.1	3.47	-0.09	93.13	相对角度姿态	3.47	-0.09
Mac:DA:3E:20:B6:30:BA传感器0	0	0.06	0.99	-0.12	-0.12	-1.22	3.55	0.17	93.11	相对角度姿态	3.55	0.17
Mac:DA:3E:20:B6:30:BA传感器0	0.02	0.06	0.99	-0.73	-0.73	0.85	3.59	0.25	93.07	相对角度姿态	3.59	0.25
Mac:DA:3E:20:B6:30:BA传感器0	-0.01	0.06	0.97	-0.06	-0.06	0.98	3.54	0.33	93.16	相对角度姿态	3.54	0.33
Mac:DA:3E:20:B6:30:BA传感器0	0	0.06	0.96	2.38	2.38	1.28	3.67	0.3	93.26	相对角度姿态	3.67	0.3
Mac:DA:3E:20:B6:30:BA传感器0	-0.01	0.07	0.99	3.78	3.78	1.77	4.02	0.04	93.38	相对角度姿态	4.02	0.04
Mac:DA:3E:20:B6:30:BA传感器0	0.01	0.07	1	2.14	2.14	-2.26	4.26	-0.03	93.3	相对角度姿态	4.26	-0.03
Mac:DA:3E:20:B6:30:BA传感器0	0	0.07	0.98	-1.22	-1.22	-0.67	4.2	0.01	93.22	相对角度姿态	4.2	0.01
Mac:DA:3E:20:B6:30:BA传感器0	0	0.07	0.97	-0.37	-0.37	0.18	4.12	0.12	93.17	相对角度姿态	4.12	0.12
Mac:DA:3E:20:B6:30:BA传感器0	0.01	0.06	0.97	-0.49	-0.49	0.06	4.06	0.14	93.16	相对角度姿态	4.06	0.14
Mac:DA:3E:20:B6:30:BA传感器0	0	0.06	0.98	0.43	0.43	1.1	4.07	0.14	93.27	相对角度姿态	4.07	0.14
Mac:DA:3E:20:B6:30:BA传感器0	-0.01	0.06	0.96	0.61	0.61	-0.55	4.09	0.24	93.31	相对角度姿态	4.09	0.24
Mac:DA:3E:20:B6:30:BA传感器0	-0.01	0.09	1	1.77	1.77	-1.16	4.33	-0.16	93.35	相对角度姿态	4.33	-0.16
Mac:DA:3E:20:B6:30:BA传感器0	0.03	0.06	0.95	0.31	0.31	-3.11	4.32	-0.3	93.02	相对角度姿态	4.32	-0.3
Mac:DA:3E:20:B6:30:BA传感器0	0.02	0.08	0.97	6.77	6.77	0.98	4.84	-0.09	92.93	相对角度姿态	4.84	-0.09
Mac:DA:3E:20:B6:30:BA传感器0	-0.02	0.1	1	1.71	1.71	2.62	5.27	0.47	93.16	相对角度姿态	5.27	0.47
Mac:DA:3E:20:B6:30:BA传感器0	-0.03	0.09	0.99	-1.59	-1.59	-2.32	5.34	0.9	93.27	相对角度姿态	5.34	0.9
Mac:DA:3E:20:B6:30:BA传感器0	0.01	0.08	1.02	2.62	2.62	-1.71	5.36	1.11	93.17	相对角度姿态	5.36	1.11
Mac:DA:3E:20:B6:30:BA传感器0	0.01	0.06	1.15	11.84	11.84	-1.04	5.86	2.01	93.2	相对角度姿态	5.86	2.01
Mac:DA:3E:20:B6:30:BA传感器0	-0.13	0.22	1.41	45.35	45.35	-13.67	8.84	4.41	93.72	相对角度姿态	8.84	4.41
Mac:DA:3E:20:B6:30:BA传感器0	-0.12	0.42	1.56	4.33	4.33	18.8	10.89	2.85	94.04	相对角度姿态	10.89	2.85
Mac:DA:3E:20:B6:30:BA传感器0	-0.11	0.5	1.17	-66.83	-66.83	11.66	8	2.73	95.09	相对角度姿态	8	2.73
Mac:DA:3E:20:B6:30:BA传感器0	-0.06	0.31	0.68	-105.1	-105.1	-26.92	0.27	6.43	95.06	相对角度姿态	0.27	6.43
Mac:DA:3E:20:B6:30:BA传感器0	0.02	-0.35	-0.06	-50.05	-50.05	13.73	-12.35	11.11	91.82	相对角度姿态	-12.35	11.11
Mac:DA:3E:20:B6:30:BA传感器0	-0.02	-0.38	0.66	-33.33	-33.33	38.39	-15.89	9.89	95.03	相对角度姿态	-15.89	9.89
Mac:DA:3E:20:B6:30:BA传感器0	-0.11	-0.28	0.98	6.84	6.84	12.7	-16.92	9.09	96.47	相对角度姿态	-16.92	9.09
Mac:DA:3E:20:B6:30:BA传感器0	-0.17	-0.21	1.08	5.43	5.43	6.47	-16.72	8.96	96.92	相对角度姿态	-16.72	8.96
Mac:DA:3E:20:B6:30:BA传感器0	-0.11	-0.24	1.02	-0.43	-0.43	1.53	-16.82	8.32	97.26	相对角度姿态	-16.82	8.32
Mac:DA:3E:20:B6:30:BA传感器0	-0.39	-0.2	0.93	7.57	7.57	8	-16.18	8.18	98.19	相对角度姿态	-16.18	8.18
Mac:DA:3E:20:B6:30:BA传感器0	-0.65	-0.17	0.92	2.38	2.38	-26.25	-15.27	9.22	96.9	相对角度姿态	-15.27	9.22
Mac:DA:3E:20:B6:30:BA传感器0	-0.58	-0.09	0.94	1.95	1.95	-41.81	-15.13	7.98	93.76	相对角度姿态	-15.13	7.98
Mac:DA:3E:20:B6:30:BA传感器0	-0.42	0.01	0.86	36.62	36.62	-100.28	-13.88	6.64	86.14	相对角度姿态	-13.88	6.64
Mac:DA:3E:20:B6:30:BA传感器0	0.57	-0.07	1.05	-26.67	-26.67	-93.2	-13.38	3.09	76.52	相对角度姿态	-13.38	3.09
Mac:DA:3E:20:B6:30:BA传感器0	0.66	-0.25	1.28	12.39	12.39	-22.03	-13.21	-2.53	72.79	相对角度姿态	-13.21	-2.53
Mac:DA:3E:20:B6:30:BA传感器0	0.23	-0.31	1.05	-27.28	-27.28	1.89	-14.49	-3.34	72.31	相对角度姿态	-14.49	-3.34
Mac:DA:3E:20:B6:30:BA传感器0	-0.22	-0.32	0.94	-7.26	-7.26	22.22	-17.05	-2.41	74.38	相对角度姿态	-17.05	-2.41
Mac:DA:3E:20:B6:30:BA传感器0	-0.15	-0.24	1.03	9.7	9.7	-9.09	-15.74	-2.39	74.86	相对角度姿态	-15.74	-2.39
Mac:DA:3E:20:B6:30:BA传感器0	-0.07	-0.27	1.05	15.32	15.32	-11.78	-13.59	-1.27	73.42	相对角度姿态	-13.59	-1.27
Mac:DA:3E:20:B6:30:BA传感器0	-0.11	-0.3	0.88	-4.09	-4.09	-9.95	-14.28	-0.65	73.2	相对角度姿态	-14.28	-0.65
Mac:DA:3E:20:B6:30:BA传感器0	-0.13	-0.31	0.74	-19.41	-19.41	-8.54	-15.57	-0.96	73.38	相对角度姿态	-15.57	-0.96
Mac:DA:3E:20:B6:30:BA传感器0	-0.07	-0.28	0.45	-4.27	-4.27	-17.4	-16.96	0.66	71.94	相对角度姿态	-16.96	0.66
Mac:DA:3E:20:B6:30:BA传感器0	0.01	-0.15	0.45	52.37	52.37	-21.73	-16.19	1.16	70.31	相对角度姿态	-16.19	1.16
Mac:DA:3E:20:B6:30:BA传感器0	-0.15	-0.04	1.18	120.48	120.48	1.83	-7.97	-1.74	70.2	相对角度姿态	-7.97	-1.74
Mac:DA:3E:20:B6:30:BA传感器0	-0.25	0.33	1.87	62.68	62.68	24.9	2.9	-2.61	72.64	相对角度姿态	2.9	-2.61
Mac:DA:3E:20:B6:30:BA传感器0	-0.3	0.22	1.01	33.69	33.69	13.31	6.51	0.98	74.81	相对角度姿态	6.51	0.98
Mac:DA:3E:20:B6:30:BA传感器0	-0.15	0.12	1.24	-6.04	-6.04	-4.46	8.27	1.04	75.32	相对角度姿态	8.27	1.04
Mac:DA:3E:20:B6:30:BA传感器0	-0.1	0.16	1.1	-18.8	-18.8	-6.04	7.19	0.83	75.28	相对角度姿态	7.19	0.83
Mac:DA:3E:20:B6:30:BA传感器0	-0.09	0.05	0.91	-22.64	-22.64	-6.47	5	0.61	74.9	相对角度姿态	5	0.61
Mac:DA:3E:20:B6:30:BA传感器0	-0.07	0.04	0.94	-8.61	-8.61	-3.66	3.57	0.38	74.92	相对角度姿态	3.57	0.38
Mac:DA:3E:20:B6:30:BA传感器0	-0.04	0.11	0.99	-5.13	-5.13	-3.23	3.32	0.12	75.11	相对角度姿态	3.32	0.12
Mac:DA:3E:20:B6:30:BA传感器0	0.35	0.13	1.05	19.29	19.29	-6.65	3.62	-1.12	74.78	相对角度姿态	3.62	-1.12
Mac:DA:3E:20:B6:30:BA传感器0	0.63	0.01	0.92	-5.37	-5.37	9.46	4.99	-1.24	75.12	相对角度姿态	4.99	-1.24
Mac:DA:3E:20:B6:30:BA传感器0	0.49	0.31	0.88	-4.15	-4.15	82.95	5.18	-1.49	79.81	相对角度姿态	5.18	-1.49
Mac:DA:3E:20:B6:30:BA传感器0	-0.81	0.26	0.81	-12.39	-12.39	112.79	4.17	1.73	96.55	相对角度姿态	4.17	1.73
Mac:DA:3E:20:B6:30:BA传感器0	-0.81	0.26	0.81	-12.39	-12.39	112.79	4.17	1.73	96.55	相对角度姿态	4.17	1.73
Mac:DA:3E:20:B6:30:BA传感器0	-0.97	-0.06	0.81	23.74	23.74	5.43	5.91	5.39	102.02	相对角度姿态	5.91	5.39
Mac:DA:3E:20:B6:30:BA传感器0	-0.24	0.01	1.03	1.34	1.34	-6.59	7.23	7.93	101.32	相对角度姿态	7.23	7.93
Mac:DA:3E:20:B6:30:BA传感器0	-0.11	0.1	0.97	-6.71	-6.71	-9.89	6.62	9.14	100.9	相对角度姿态	6.62	9.14
Mac:DA:3E:20:B6:30:BA传感器0	-0.1	0.13	0.96	-5.49	-5.49	2.01	5.79	9.67	100.39	相对角度姿态	5.79	9.67
Mac:DA:3E:20:B6:30:BA传感器0	-0.04	0.07	0.94	-1.77	-1.77	9.83	5.75	8.92	100.06	相对角度姿态	5.75	8.92
Mac:DA:3E:20:B6:30:BA传感器0	-0.07	0.09	0.95	-1.22	-1.22	0	5.79	7.92	100.29	相对角度姿态	5.79	7.92
Mac:DA:3E:20:B6:30:BA传感器0	-0.06	0.1	1.01	-1.83	-1.83	-1.28	5.73	7.19	99.82	相对角度姿态	5.73	7.19
Mac:DA:3E:20:B6:30:BA传感器0	-0.1	0.09	0.96	0.37	0.37	1.04	5.64	7.44	99.48	相对角度姿态	5.64	7.44
Mac:DA:3E:20:B6:30:BA传感器0	-0.1	0.08	0.96	0.12	0.12	-0.06	5.66	7.54	99.26	相对角度姿态	5.66	7.54
Mac:DA:3E:20:B6:30:BA传感器0	-0.1	0.1	0.97	-3.54	-3.54	0.18	5.76	7.7	99.05	相对角度姿态	5.76	7.7
Mac:DA:3E:20:B6:30:BA传感器0	-0.08	0.09	0.98	2.5	2.5	0.98	5.6	7.58	98.68	相对角度姿态	5.6	7.58
Mac:DA:3E:20:B6:30:BA传感器0	-0.09	0.07	0.94	4.7	4.7	-0.98	5.6	7.44	98.4	相对角度姿态	5.6	7.44
Mac:DA:3E:20:B6:30:BA传感器0	-0.11	0.1	0.99	0.79	0.79	0.37	5.79	7.29	98.16	相对角度姿态	5.79	7.29
Mac:DA:3E:20:B6:30:BA传感器0	-0.09	0.09	0.95	-1.95	-1.95	-1.34	5.66	7	97.87	相对角度姿态	5.66	7
Mac:DA:3E:20:B6:30:BA传感器0	-0.08	0.1	0.95	-0.06	-0.06	-1.77	5.73	6.78	97.53	相对角度姿态	5.73	6.78
Mac:DA:3E:20:B6:30:BA传感器0	-0.08	0.07	0.94	5.07	5.07	2.2	5.81	6.67	97.34	相对角度姿态	5.81	6.67
Mac:DA:3E:20:B6:30:BA传感器0	-0.09	0.11	1	3.23	3.23	2.75	6.35	6.78	97.26	相对角度姿态	6.35	6.78
Mac:DA:3E:20:B6:30:BA传感器0	-0.1	0.11	0.97	0.18	0.18	-2.32	6.53	7.13	97.01	相对角度姿态	6.53	7.13
Mac:DA:3E:20:B6:30:BA传感器0	-0.1	0.11	0.94	4.82	4.82	1.89	6.57	7.16	96.84	相对角度姿态	6.57	7.16
Mac:DA:3E:20:B6:30:BA传感器0	-0.1	0.12	0.96	2.75	2.75	1.1	6.98	6.83	96.91	相对角度姿态	6.98	6.83
Mac:DA:3E:20:B6:30:BA传感器0	-0.11	0.1	0.93	0.49	0.49	-0.67	7	7	96.76	相对角度姿态	7	7
Mac:DA:3E:20:B6:30:BA传感器0	-0.1	0.12	0.97	2.75	2.75	0.12	7.32	6.96	96.61	相对角度姿态	7.32	6.96
Mac:DA:3E:20:B6:30:BA传感器0	-0.09	0.12	0.97	2.14	2.14	0.12	7.48	6.87	96.49	相对角度姿态	7.48	6.87
Mac:DA:3E:20:B6:30:BA传感器0	-0.09	0.12	0.96	2.26	2.26	0.31	7.47	6.81	96.29	相对角度姿态	7.47	6.81
Mac:DA:3E:20:B6:30:BA传感器0	-0.09	0.12	0.93	-0.31	-0.31	-0.06	7.53	6.72	96.17	相对角度姿态	7.53	6.72
Mac:DA:3E:20:B6:30:BA传感器0	-0.08	0.14	0.95	2.81	2.81	-0.06	7.65	6.76	95.78	相对角度姿态	7.65	6.76
Mac:DA:3E:20:B6:30:BA传感器0	-0.09	0.12	0.96	-0.79	-0.79	0.98	7.81	6.73	95.73	相对角度姿态	7.81	6.73
Mac:DA:3E:20:B6:30:BA传感器0	-0.11	0.12	0.99	8.42	8.42	1.83	8.17	6.61	95.72	相对角度姿态	8.17	6.61
Mac:DA:3E:20:B6:30:BA传感器0	-0.13	0.24	1.44	14.77	14.77	-14.89	9.54	6.16	95.24	相对角度姿态	9.54	6.16
Mac:DA:3E:20:B6:30:BA传感器0	-0.37	0.32	1.57	10.74	10.74	-7.75	9.82	7.23	93.69	相对角度姿态	9.82	7.23
Mac:DA:3E:20:B6:30:BA传感器0	-0.26	0.42	1.24	-44.49	-44.49	-11.96	8.86	5.18	91.71	相对角度姿态	8.86	5.18
Mac:DA:3E:20:B6:30:BA传感器0	0.01	0.55	1.14	-110.9	-110.9	33.69	3.57	5.62	92.13	相对角度姿态	3.57	5.62
Mac:DA:3E:20:B6:30:BA传感器0	0.07	-0.5	-0.38	-114.38	-114.38	-60.61	-12.17	8.67	90.66	相对角度姿态	-12.17	8.67
Mac:DA:3E:20:B6:30:BA传感器0	0.03	-0.42	0.46	5.55	5.55	33.75	-19.46	8.68	92.26	相对角度姿态	-19.46	8.68
Mac:DA:3E:20:B6:30:BA传感器0	0.07	-0.37	0.97	22.95	22.95	-2.14	-19.02	6.2	93.48	相对角度姿态	-19.02	6.2
Mac:DA:3E:20:B6:30:BA传感器0	-0.17	-0.21	1.06	-4.39	-4.39	-3.42	-16.63	6.33	94.19	相对角度姿态	-16.63	6.33
Mac:DA:3E:20:B6:30:BA传感器0	-0.17	-0.21	1.06	-4.39	-4.39	-3.42	-16.63	6.33	94.19	相对角度姿态	-16.63	6.33
Mac:DA:3E:20:B6:30:BA传感器0	-0.15	-0.23	1	9.46	9.46	3.72	-16.3	7.4	93.47	相对角度姿态	-16.3	7.4
Mac:DA:3E:20:B6:30:BA传感器0	-0.15	-0.24	0.96	-7.45	-7.45	4.82	-15.92	7.33	93.81	相对角度姿态	-15.92	7.33
Mac:DA:3E:20:B6:30:BA传感器0	-0.28	-0.23	0.96	7.81	7.81	4.15	-15.33	6.84	94.78	相对角度姿态	-15.33	6.84
Mac:DA:3E:20:B6:30:BA传感器0	-0.54	-0.19	0.95	20.87	20.87	-3.3	-13.82	6.56	96.01	相对角度姿态	-13.82	6.56
Mac:DA:3E:20:B6:30:BA传感器0	-0.33	0.18	0.99	8.12	8.12	-101.2	-6.67	4.99	88.32	相对角度姿态	-6.67	4.99
Mac:DA:3E:20:B6:30:BA传感器0	-0.33	0.18	0.99	8.12	8.12	-101.2	-6.67	4.99	88.32	相对角度姿态	-6.67	4.99
Mac:DA:3E:20:B6:30:BA传感器0	0.18	0.15	1.02	-43.33	-43.33	-133.91	-10.52	3.42	78.41	相对角度姿态	-10.52	3.42
Mac:DA:3E:20:B6:30:BA传感器0	0.78	-0.32	0.99	37.23	37.23	-64.7	-12.23	-2.13	69.41	相对角度姿态	-12.23	-2.13
Mac:DA:3E:20:B6:30:BA传感器0	0.5	-0.18	1.26	10.13	10.13	-22.09	-9.78	-3.75	67.44	相对角度姿态	-9.78	-3.75
Mac:DA:3E:20:B6:30:BA传感器0	0.1	-0.3	1.06	-27.89	-27.89	23.44	-13	-4.94	68.79	相对角度姿态	-13	-4.94
Mac:DA:3E:20:B6:30:BA传感器0	-0.1	-0.22	1.09	-48.16	-48.16	-5.49	-13.13	-4.77	70.52	相对角度姿态	-13.13	-4.77
Mac:DA:3E:20:B6:30:BA传感器0	-0.08	-0.28	1	19.96	19.96	4.15	-15.87	-4.44	71.72	相对角度姿态	-15.87	-4.44
Mac:DA:3E:20:B6:30:BA传感器0	0.02	-0.37	1.02	-10.44	-10.44	-4.82	-15.69	-3.28	72.17	相对角度姿态	-15.69	-3.28
Mac:DA:3E:20:B6:30:BA传感器0	-0.07	-0.32	0.97	-14.47	-14.47	2.01	-16	-2.65	73.26	相对角度姿态	-16	-2.65
Mac:DA:3E:20:B6:30:BA传感器0	-0.06	-0.34	0.95	-7.57	-7.57	-3.36	-16.11	-2.16	73.61	相对角度姿态	-16.11	-2.16
Mac:DA:3E:20:B6:30:BA传感器0	-0.04	-0.34	0.95	1.59	1.59	-5.8	-16.44	-2.51	74.47	相对角度姿态	-16.44	-2.51
Mac:DA:3E:20:B6:30:BA传感器0	0.01	-0.36	0.73	11.23	11.23	-30.21	-16.25	-0.15	72.98	相对角度姿态	-16.25	-0.15
Mac:DA:3E:20:B6:30:BA传感器0	-0.1	-0.07	0.34	95.83	95.83	-5.68	-15.21	2.23	70	相对角度姿态	-15.21	2.23
Mac:DA:3E:20:B6:30:BA传感器0	-0.1	-0.07	0.34	95.83	95.83	-5.68	-15.21	2.23	70	相对角度姿态	-15.21	2.23
Mac:DA:3E:20:B6:30:BA传感器0	0.11	0.21	1.48	158.57	158.57	13.61	-3.22	-2.7	71.63	相对角度姿态	-3.22	-2.7
Mac:DA:3E:20:B6:30:BA传感器0	-0.15	0.52	1.59	89.84	89.84	41.38	9.54	-1.75	74.96	相对角度姿态	9.54	-1.75
Mac:DA:3E:20:B6:30:BA传感器0	-0.14	0.32	1.47	-5.68	-5.68	5.68	14.6	0.68	77.11	相对角度姿态	14.6	0.68
Mac:DA:3E:20:B6:30:BA传感器0	-0.08	0.18	0.86	-62.38	-62.38	-12.57	15.45	2.56	77.26	相对角度姿态	15.45	2.56
Mac:DA:3E:20:B6:30:BA传感器0	-0.07	0.22	0.88	-11.9	-11.9	-2.99	13.69	1.24	76.71	相对角度姿态	13.69	1.24
Mac:DA:3E:20:B6:30:BA传感器0	-0.1	0.27	0.95	7.26	7.26	-0.67	13.36	1	76.67	相对角度姿态	13.36	1
Mac:DA:3E:20:B6:30:BA传感器0	-0.06	0.19	0.88	-1.28	-1.28	-2.14	12.71	1.15	76.56	相对角度姿态	12.71	1.15
Mac:DA:3E:20:B6:30:BA传感器0	-0.09	0.21	0.94	-4.15	-4.15	-4.03	12.51	1.37	76.62	相对角度姿态	12.51	1.37
Mac:DA:3E:20:B6:30:BA传感器0	-0.04	0.22	0.95	0.61	0.61	-4.58	11.95	1.4	76.33	相对角度姿态	11.95	1.4
Mac:DA:3E:20:B6:30:BA传感器0	-0.01	0.15	0.91	-9.7	-9.7	-8.79	11.06	1.43	75.92	相对角度姿态	11.06	1.43
Mac:DA:3E:20:B6:30:BA传感器0	0	0.19	0.93	9.89	9.89	-14.28	11.22	1.94	75.08	相对角度姿态	11.22	1.94
Mac:DA:3E:20:B6:30:BA传感器0	0.15	0.22	0.94	-6.53	-6.53	-10.13	11.18	2.18	73.86	相对角度姿态	11.18	2.18
Mac:DA:3E:20:B6:30:BA传感器0	0.36	0.28	0.97	-17.4	-17.4	2.32	10.66	1.84	73.76	相对角度姿态	10.66	1.84
Mac:DA:3E:20:B6:30:BA传感器0	0.26	0.27	0.93	-22.03	-22.03	58.29	8.81	2.01	77.09	相对角度姿态	8.81	2.01
Mac:DA:3E:20:B6:30:BA传感器0	0.04	0.28	0.89	-25.88	-25.88	79.96	7.23	1.37	83.64	相对角度姿态	7.23	1.37
Mac:DA:3E:20:B6:30:BA传感器0	-0.36	0.17	0.85	-15.38	-15.38	129.27	5.38	0.42	91.32	相对角度姿态	5.38	0.42
Mac:DA:3E:20:B6:30:BA传感器0	-0.49	0.18	0.84	9.16	9.16	55.36	9.62	3.29	100.53	相对角度姿态	9.62	3.29
Mac:DA:3E:20:B6:30:BA传感器0	-0.31	0.21	1.03	3.97	3.97	38.15	10.91	4.99	104.63	相对角度姿态	10.91	4.99
Mac:DA:3E:20:B6:30:BA传感器0	-0.2	0.13	0.9	-8.48	-8.48	10.93	10.63	7.89	106.19	相对角度姿态	10.63	7.89
Mac:DA:3E:20:B6:30:BA传感器0	-0.06	0.12	1	2.08	2.08	2.81	10.05	9.35	106.17	相对角度姿态	10.05	9.35
Mac:DA:3E:20:B6:30:BA传感器0	-0.08	0.1	0.95	3.72	3.72	-8.73	9.87	10.9	105.32	相对角度姿态	9.87	10.9
Mac:DA:3E:20:B6:30:BA传感器0	-0.1	0.18	0.94	2.75	2.75	5.55	9.78	10.94	104.89	相对角度姿态	9.78	10.94
Mac:DA:3E:20:B6:30:BA传感器0	-0.1	0.17	0.9	-1.77	-1.77	0.79	9.98	10.98	104.32	相对角度姿态	9.98	10.98
Mac:DA:3E:20:B6:30:BA传感器0	-0.12	0.16	0.94	0.06	0.06	2.01	10.06	10.74	104.03	相对角度姿态	10.06	10.74
Mac:DA:3E:20:B6:30:BA传感器0	-0.13	0.13	0.93	0.18	0.18	0.43	10.02	10.54	103.54	相对角度姿态	10.02	10.54
Mac:DA:3E:20:B6:30:BA传感器0	-0.13	0.16	0.95	8.12	8.12	-1.16	10.18	9.7	102.87	相对角度姿态	10.18	9.7
Mac:DA:3E:20:B6:30:BA传感器0	-0.09	0.18	0.96	-11.54	-11.54	-7.93	9.75	9	101.76	相对角度姿态	9.75	9
Mac:DA:3E:20:B6:30:BA传感器0	-0.05	0.12	0.9	0.24	0.24	-2.69	8.92	8.72	100.76	相对角度姿态	8.92	8.72
Mac:DA:3E:20:B6:30:BA传感器0	-0.1	0.17	0.96	2.69	2.69	3.05	9.56	8.35	100.34	相对角度姿态	9.56	8.35
Mac:DA:3E:20:B6:30:BA传感器0	-0.1	0.14	0.93	-2.14	-2.14	-2.5	9.27	8.43	99.97	相对角度姿态	9.27	8.43
Mac:DA:3E:20:B6:30:BA传感器0	-0.11	0.14	0.98	-0.24	-0.24	-0.55	9	8.89	99.5	相对角度姿态	9	8.89
Mac:DA:3E:20:B6:30:BA传感器0	-0.06	0.16	0.98	3.91	3.91	-4.94	9.14	8.56	98.81	相对角度姿态	9.14	8.56
Mac:DA:3E:20:B6:30:BA传感器0	-0.08	0.13	0.9	-2.32	-2.32	1.71	8.82	8.03	98.23	相对角度姿态	8.82	8.03
Mac:DA:3E:20:B6:30:BA传感器0	-0.08	0.16	0.93	6.1	6.1	2.5	9.28	7.2	98.16	相对角度姿态	9.28	7.2
Mac:DA:3E:20:B6:30:BA传感器0	-0.09	0.16	0.96	-0.37	-0.37	-1.4	9.67	6.78	97.85	相对角度姿态	9.67	6.78
Mac:DA:3E:20:B6:30:BA传感器0	-0.1	0.14	0.93	2.2	2.2	-3.72	9.66	7.16	97.38	相对角度姿态	9.66	7.16
Mac:DA:3E:20:B6:30:BA传感器0	-0.07	0.18	0.94	-1.1	-1.1	-0.49	10.01	6.63	96.98	相对角度姿态	10.01	6.63
Mac:DA:3E:20:B6:30:BA传感器0	-0.07	0.19	0.94	1.83	1.83	2.14	10.43	6.1	96.88	相对角度姿态	10.43	6.1
Mac:DA:3E:20:B6:30:BA传感器0	-0.07	0.16	0.93	8.79	8.79	-0.43	10.73	5.81	96.73	相对角度姿态	10.73	5.81
Mac:DA:3E:20:B6:30:BA传感器0	-0.1	0.18	0.96	2.38	2.38	-0.55	11.06	5.84	96.63	相对角度姿态	11.06	5.84
Mac:DA:3E:20:B6:30:BA传感器0	-0.08	0.2	0.92	-1.53	-1.53	-3.85	11.18	6.4	96.32	相对角度姿态	11.18	6.4
Mac:DA:3E:20:B6:30:BA传感器0	-0.05	0.16	0.91	3.91	3.91	-1.59	11.33	6.94	96.14	相对角度姿态	11.33	6.94
Mac:DA:3E:20:B6:30:BA传感器0	-0.13	0.19	0.91	5.13	5.13	1.1	12.01	7.7	96.25	相对角度姿态	12.01	7.7
Mac:DA:3E:20:B6:30:BA传感器0	-0.19	0.22	1	6.29	6.29	-0.37	12.57	7.88	96.5	相对角度姿态	12.57	7.88
Mac:DA:3E:20:B6:30:BA传感器0	-0.27	0.22	1.11	24.17	24.17	-9.4	13.34	8.21	96.05	相对角度姿态	13.34	8.21
Mac:DA:3E:20:B6:30:BA传感器0	-0.09	0.34	1.48	1.77	1.77	-2.56	14.74	7.33	94.84	相对角度姿态	14.74	7.33
Mac:DA:3E:20:B6:30:BA传感器0	-0.21	0.55	1.43	-29.85	-29.85	12.88	13.85	6.1	95.08	相对角度姿态	13.85	6.1
Mac:DA:3E:20:B6:30:BA传感器0	-0.16	0.61	1.13	-79.1	-79.1	30.27	9.61	5.81	96.48	相对角度姿态	9.61	5.81
Mac:DA:3E:20:B6:30:BA传感器0	0.07	-0.05	0.1	-68.12	-68.12	-15.93	0.78	6.6	96.47	相对角度姿态	0.78	6.6
Mac:DA:3E:20:B6:30:BA传感器0	0.03	-0.33	0.39	-23.32	-23.32	5.98	-7.64	10.26	96.06	相对角度姿态	-7.64	10.26
Mac:DA:3E:20:B6:30:BA传感器0	-0.04	-0.23	0.86	-12.33	-12.33	-9.28	-9.74	9.92	96.3	相对角度姿态	-9.74	9.92
Mac:DA:3E:20:B6:30:BA传感器0	-0.17	-0.17	0.94	8.79	8.79	5.55	-10.16	9.78	96.64	相对角度姿态	-10.16	9.78
Mac:DA:3E:20:B6:30:BA传感器0	-0.11	-0.11	1.08	-1.1	-1.1	-2.38	-9.31	9.28	96.34	相对角度姿态	-9.31	9.28
Mac:DA:3E:20:B6:30:BA传感器0	-0.16	-0.12	0.98	-5.74	-5.74	5.19	-8.89	9.34	96.23	相对角度姿态	-8.89	9.34
Mac:DA:3E:20:B6:30:BA传感器0	-0.19	-0.11	0.98	0.67	0.67	5	-8.66	9.26	96.86	相对角度姿态	-8.66	9.26
Mac:DA:3E:20:B6:30:BA传感器0	-0.18	-0.12	1.02	3.6	3.6	10.31	-8.28	9.36	97.23	相对角度姿态	-8.28	9.36
Mac:DA:3E:20:B6:30:BA传感器0	-0.27	-0.12	1	-1.04	-1.04	8.12	-7.93	9.21	97.9	相对角度姿态	-7.93	9.21
Mac:DA:3E:20:B6:30:BA传感器0	-0.58	-0.12	0.95	-1.65	-1.65	7.63	-8.09	9.69	98.25	相对角度姿态	-8.09	9.69
Mac:DA:3E:20:B6:30:BA传感器0	-0.66	0	0.93	-14.04	-14.04	-31.56	-8.41	9.23	97.21	相对角度姿态	-8.41	9.23
Mac:DA:3E:20:B6:30:BA传感器0	-0.54	0.16	0.79	-14.47	-14.47	-82.82	-9.45	7.55	91.16	相对角度姿态	-9.45	7.55
Mac:DA:3E:20:B6:30:BA传感器0	-0.09	0.22	1.02	5.07	5.07	-153.93	-9.64	6.86	78.38	相对角度姿态	-9.64	6.86
Mac:DA:3E:20:B6:30:BA传感器0	0.71	-0.15	0.97	-3.11	-3.11	-57.68	-10.48	2.36	66.03	相对角度姿态	-10.48	2.36
Mac:DA:3E:20:B6:30:BA传感器0	0.46	-0.13	1.17	-9.64	-9.64	-30.03	-9.27	-3.9	64.2	相对角度姿态	-9.27	-3.9
Mac:DA:3E:20:B6:30:BA传感器0	0.17	-0.27	1.04	-13.61	-13.61	14.65	-11	-7.34	65.15	相对角度姿态	-11	-7.34
Mac:DA:3E:20:B6:30:BA传感器0	0	-0.27	1.03	-8.3	-8.3	-3.6	-11.93	-7.09	66.49	相对角度姿态	-11.93	-7.09
Mac:DA:3E:20:B6:30:BA传感器0	-0.07	-0.17	1.13	8.79	8.79	-12.21	-11.15	-6.43	67.2	相对角度姿态	-11.15	-6.43
Mac:DA:3E:20:B6:30:BA传感器0	0.08	-0.26	1.02	-3.78	-3.78	-0.92	-11.73	-6.37	67.32	相对角度姿态	-11.73	-6.37
Mac:DA:3E:20:B6:30:BA传感器0	0.01	-0.25	0.92	2.69	2.69	-6.04	-12.12	-5.32	67.9	相对角度姿态	-12.12	-5.32
Mac:DA:3E:20:B6:30:BA传感器0	0.06	-0.31	0.9	8.97	8.97	-0.85	-12.55	-4.35	68.1	相对角度姿态	-12.55	-4.35
Mac:DA:3E:20:B6:30:BA传感器0	0.32	-0.14	0.43	27.65	27.65	7.69	-8.93	3.87	65.34	相对角度姿态	-8.93	3.87
Mac:DA:3E:20:B6:30:BA传感器0	0.32	-0.14	0.43	27.65	27.65	7.69	-8.93	3.87	65.34	相对角度姿态	-8.93	3.87
Mac:DA:3E:20:B6:30:BA传感器0	0.23	0.1	0.72	63.35	63.35	72.94	-5.92	2.59	70.46	相对角度姿态	-5.92	2.59
Mac:DA:3E:20:B6:30:BA传感器0	-0.18	0.61	1.12	82.52	82.52	93.14	3.49	6.45	77.4	相对角度姿态	3.49	6.45
Mac:DA:3E:20:B6:30:BA传感器0	-0.87	0.43	1.16	13.73	13.73	128.54	9.15	8.23	88.27	相对角度姿态	9.15	8.23
Mac:DA:3E:20:B6:30:BA传感器0	-1.2	0.33	1.32	23.68	23.68	88.62	13.77	8.69	98.28	相对角度姿态	13.77	8.69
Mac:DA:3E:20:B6:30:BA传感器0	-0.45	0.1	1.09	11.41	11.41	14.34	14.48	7.75	101.18	相对角度姿态	14.48	7.75
Mac:DA:3E:20:B6:30:BA传感器0	-0.18	0.19	0.95	-10.07	-10.07	-5.19	14.09	8.06	101.28	相对角度姿态	14.09	8.06
Mac:DA:3E:20:B6:30:BA传感器0	-0.12	0.2	0.87	-7.69	-7.69	-6.47	13.01	9.24	100.49	相对角度姿态	13.01	9.24
Mac:DA:3E:20:B6:30:BA传感器0	-0.1	0.19	0.89	-3.23	-3.23	-0.24	12.28	8.85	99.91	相对角度姿态	12.28	8.85
Mac:DA:3E:20:B6:30:BA传感器0	-0.15	0.21	0.91	-6.35	-6.35	0.18	11.94	8.78	99.61	相对角度姿态	11.94	8.78
Mac:DA:3E:20:B6:30:BA传感器0	-0.13	0.2	0.91	-0.12	-0.12	-3.3	11.73	8.4	99.07	相对角度姿态	11.73	8.4
Mac:DA:3E:20:B6:30:BA传感器0	-0.09	0.19	0.93	-1.71	-1.71	-0.06	11.52	7.91	98.47	相对角度姿态	11.52	7.91
Mac:DA:3E:20:B6:30:BA传感器0	-0.11	0.19	0.92	-2.62	-2.62	1.34	11.42	7.84	98.25	相对角度姿态	11.42	7.84
Mac:DA:3E:20:B6:30:BA传感器0	-0.13	0.2	0.95	0	0	0.49	11.52	7.85	98.02	相对角度姿态	11.52	7.85
Mac:DA:3E:20:B6:30:BA传感器0	-0.12	0.18	0.9	2.62	2.62	-0.12	11.36	7.97	97.7	相对角度姿态	11.36	7.97
Mac:DA:3E:20:B6:30:BA传感器0	-0.13	0.18	0.92	-1.1	-1.1	1.22	11.31	7.9	97.41	相对角度姿态	11.31	7.9
Mac:DA:3E:20:B6:30:BA传感器0	-0.13	0.19	0.92	0.92	0.92	0.37	11.34	8.14	97.26	相对角度姿态	11.34	8.14
Mac:DA:3E:20:B6:30:BA传感器0	-0.11	0.19	0.94	0.85	0.85	-0.55	11.34	8.05	96.97	相对角度姿态	11.34	8.05
Mac:DA:3E:20:B6:30:BA传感器0	-0.12	0.15	0.89	5.07	5.07	-0.18	11.27	8.18	96.84	相对角度姿态	11.27	8.18
Mac:DA:3E:20:B6:30:BA传感器0	-0.12	0.19	0.93	1.1	1.1	1.65	11.64	8.05	96.75	相对角度姿态	11.64	8.05
Mac:DA:3E:20:B6:30:BA传感器0	-0.13	0.19	0.9	2.08	2.08	2.81	11.69	8.18	96.74	相对角度姿态	11.69	8.18
Mac:DA:3E:20:B6:30:BA传感器0	-0.13	0.2	0.93	0.31	0.31	-0.12	11.87	8.18	96.64	相对角度姿态	11.87	8.18
Mac:DA:3E:20:B6:30:BA传感器0	-0.12	0.2	0.93	-0.55	-0.55	0	11.9	8.16	96.44	相对角度姿态	11.9	8.16
Mac:DA:3E:20:B6:30:BA传感器0	-0.11	0.2	0.93	-0.73	-0.73	0.79	11.92	8.04	96.32	相对角度姿态	11.92	8.04
Mac:DA:3E:20:B6:30:BA传感器0	-0.15	0.19	0.9	-0.73	-0.73	0	11.9	7.98	96.28	相对角度姿态	11.9	7.98
Mac:DA:3E:20:B6:30:BA传感器0	-0.13	0.2	0.93	1.4	1.4	-0.55	12.08	7.74	96.12	相对角度姿态	12.08	7.74
Mac:DA:3E:20:B6:30:BA传感器0	-0.12	0.2	0.9	2.93	2.93	-0.92	12.2	7.82	95.93	相对角度姿态	12.2	7.82
Mac:DA:3E:20:B6:30:BA传感器0	-0.13	0.21	0.91	0.61	0.61	-0.73	12.55	7.77	95.77	相对角度姿态	12.55	7.77
Mac:DA:3E:20:B6:30:BA传感器0	-0.12	0.2	0.91	0.43	0.43	0.79	12.73	7.78	95.65	相对角度姿态	12.73	7.78
Mac:DA:3E:20:B6:30:BA传感器0	-0.13	0.22	0.93	-1.4	-1.4	2.01	12.97	7.65	95.76	相对角度姿态	12.97	7.65
Mac:DA:3E:20:B6:30:BA传感器0	-0.13	0.21	0.97	4.52	4.52	-0.06	13.01	7.42	95.73	相对角度姿态	13.01	7.42
Mac:DA:3E:20:B6:30:BA传感器0	-0.11	0.27	1.31	20.63	20.63	3.6	14.26	7.18	95.98	相对角度姿态	14.26	7.18
Mac:DA:3E:20:B6:30:BA传感器0	-0.19	0.35	1.34	6.59	6.59	2.75	15.01	6.39	95.73	相对角度姿态	15.01	6.39
Mac:DA:3E:20:B6:30:BA传感器0	-0.28	0.51	1.3	-12.08	-12.08	-14.53	15.32	6.71	95.16	相对角度姿态	15.32	6.71
Mac:DA:3E:20:B6:30:BA传感器0	-0.11	0.48	1.08	-45.1	-45.1	-8.91	11.59	5.91	93.76	相对角度姿态	11.59	5.91
Mac:DA:3E:20:B6:30:BA传感器0	-0.08	0.21	0.38	-73.18	-73.18	-27.83	6.09	6.45	92.53	相对角度姿态	6.09	6.45
Mac:DA:3E:20:B6:30:BA传感器0	0.06	-0.33	0.27	-62.56	-62.56	-13.18	-1.63	8.32	90.94	相对角度姿态	-1.63	8.32
Mac:DA:3E:20:B6:30:BA传感器0	0.02	-0.2	0.71	-17.4	-17.4	22.58	-5.13	6.57	92.78	相对角度姿态	-5.13	6.57
Mac:DA:3E:20:B6:30:BA传感器0	-0.11	-0.1	0.88	-6.41	-6.41	-7.57	-5.47	6.73	92.85	相对角度姿态	-5.47	6.73
Mac:DA:3E:20:B6:30:BA传感器0	-0.08	-0.05	1	3.42	3.42	7.39	-5.22	6.08	92.86	相对角度姿态	-5.22	6.08
Mac:DA:3E:20:B6:30:BA传感器0	-0.12	-0.04	1.05	1.04	1.04	3.23	-4.54	6.45	92.94	相对角度姿态	-4.54	6.45
Mac:DA:3E:20:B6:30:BA传感器0	-0.15	-0.03	1.01	1.22	1.22	5.49	-4.44	6.64	93.46	相对角度姿态	-4.44	6.64
Mac:DA:3E:20:B6:30:BA传感器0	-0.14	-0.07	0.99	-4.7	-4.7	6.16	-4.61	6.71	93.8	相对角度姿态	-4.61	6.71
Mac:DA:3E:20:B6:30:BA传感器0	-0.14	-0.07	0.99	-6.16	-6.16	3.17	-4.72	6.42	94.34	相对角度姿态	-4.72	6.42
Mac:DA:3E:20:B6:30:BA传感器0	-0.23	-0.07	1.02	-9.16	-9.16	5.98	-4.96	6.39	94.64	相对角度姿态	-4.96	6.39
Mac:DA:3E:20:B6:30:BA传感器0	-0.39	-0.09	1.03	1.34	1.34	-7.81	-5.61	6.33	94.97	相对角度姿态	-5.61	6.33
Mac:DA:3E:20:B6:30:BA传感器0	-0.44	0.07	1.06	2.44	2.44	-3.85	-5.58	5.65	94	相对角度姿态	-5.58	5.65
Mac:DA:3E:20:B6:30:BA传感器0	-0.47	0.05	0.87	10.93	10.93	-81.48	-6.7	4.44	92.25	相对角度姿态	-6.7	4.44
Mac:DA:3E:20:B6:30:BA传感器0	-0.26	0.16	0.57	-34.12	-34.12	-105.47	-8.38	3.65	82.99	相对角度姿态	-8.38	3.65
Mac:DA:3E:20:B6:30:BA传感器0	0.77	-0.21	1.11	37.29	37.29	-119.69	-8.16	-0.85	71.54	相对角度姿态	-8.16	-0.85
Mac:DA:3E:20:B6:30:BA传感器0	0.41	-0.01	1.2	-5	-5	-16.85	-4.83	-3.56	68.05	相对角度姿态	-4.83	-3.56
Mac:DA:3E:20:B6:30:BA传感器0	0.27	-0.15	1.1	-2.93	-2.93	-12.02	-5.5	-4.65	67.26	相对角度姿态	-5.5	-4.65
Mac:DA:3E:20:B6:30:BA传感器0	-0.01	-0.16	1.04	-22.22	-22.22	1.59	-6.3	-4.86	68.23	相对角度姿态	-6.3	-4.86
Mac:DA:3E:20:B6:30:BA传感器0	-0.08	-0.16	0.93	4.15	4.15	-6.71	-7.25	-3.89	68.52	相对角度姿态	-7.25	-3.89
Mac:DA:3E:20:B6:30:BA传感器0	-0.08	-0.15	1.07	-7.45	-7.45	-3.85	-7.29	-3.65	68.78	相对角度姿态	-7.29	-3.65
Mac:DA:3E:20:B6:30:BA传感器0	-0.03	-0.2	1.03	-12.08	-12.08	-7.39	-7.66	-3.18	68.69	相对角度姿态	-7.66	-3.18
Mac:DA:3E:20:B6:30:BA传感器0	0	-0.26	0.98	2.44	2.44	-10.5	-8.28	-2.92	68.6	相对角度姿态	-8.28	-2.92
Mac:DA:3E:20:B6:30:BA传感器0	0.01	-0.24	0.91	2.14	2.14	-12.57	-8.5	-3.26	68.88	相对角度姿态	-8.5	-3.26
Mac:DA:3E:20:B6:30:BA传感器0	0.02	-0.2	0.96	13.31	13.31	-8.18	-7.34	-3.37	68.96	相对角度姿态	-7.34	-3.37
Mac:DA:3E:20:B6:30:BA传感器0	0.13	-0.18	0.93	5.07	5.07	4.33	-7.11	-4.87	70.54	相对角度姿态	-7.11	-4.87
Mac:DA:3E:20:B6:30:BA传感器0	0.28	-0.15	0.86	3.23	3.23	5.31	-6.24	-4.72	71.86	相对角度姿态	-6.24	-4.72
Mac:DA:3E:20:B6:30:BA传感器0	0.46	-0.2	0.66	27.95	27.95	6.96	-5.98	-3.42	72.92	相对角度姿态	-5.98	-3.42
Mac:DA:3E:20:B6:30:BA传感器0	0.36	-0.01	0.55	48.34	48.34	50.05	-3.64	-0.87	77.1	相对角度姿态	-3.64	-0.87
Mac:DA:3E:20:B6:30:BA传感器0	0.01	0.57	0.82	25.27	25.27	107.48	2.63	2.27	85.07	相对角度姿态	2.63	2.27
Mac:DA:3E:20:B6:30:BA传感器0	-0.75	0.57	1.24	48.58	48.58	103.45	7.05	1.64	95.3	相对角度姿态	7.05	1.64
Mac:DA:3E:20:B6:30:BA传感器0	-0.88	0.25	1.4	34.42	34.42	25.21	12.09	5.45	100.38	相对角度姿态	12.09	5.45
Mac:DA:3E:20:B6:30:BA传感器0	-0.38	0.12	1.22	-11.9	-11.9	-7.2	11.74	6.55	100.4	相对角度姿态	11.74	6.55
Mac:DA:3E:20:B6:30:BA传感器0	-0.11	0.09	0.93	-4.21	-4.21	2.75	10.45	5.7	100.09	相对角度姿态	10.45	5.7
Mac:DA:3E:20:B6:30:BA传感器0	-0.09	0.12	0.94	0.55	0.55	-0.73	10.23	5.66	99.92	相对角度姿态	10.23	5.66
Mac:DA:3E:20:B6:30:BA传感器0	-0.07	0.16	0.93	2.87	2.87	-2.26	10.22	6.07	99.53	相对角度姿态	10.22	6.07
Mac:DA:3E:20:B6:30:BA传感器0	-0.07	0.19	0.99	0.43	0.43	-2.44	10.66	6.3	99.09	相对角度姿态	10.66	6.3
Mac:DA:3E:20:B6:30:BA传感器0	-0.07	0.18	0.97	2.81	2.81	0.37	10.64	6.2	98.7	相对角度姿态	10.64	6.2
Mac:DA:3E:20:B6:30:BA传感器0	-0.11	0.18	0.91	2.81	2.81	-4.46	10.63	6.62	98.35	相对角度姿态	10.63	6.62
Mac:DA:3E:20:B6:30:BA传感器0	-0.1	0.17	0.93	-0.12	-0.12	-0.55	10.73	6.63	97.83	相对角度姿态	10.73	6.63
Mac:DA:3E:20:B6:30:BA传感器0	-0.09	0.16	0.95	0	0	-0.31	10.62	6.67	97.48	相对角度姿态	10.62	6.67
Mac:DA:3E:20:B6:30:BA传感器0	-0.1	0.17	0.93	-0.31	-0.31	-0.55	10.58	6.75	97.35	相对角度姿态	10.58	6.75
Mac:DA:3E:20:B6:30:BA传感器0	-0.11	0.18	0.93	1.16	1.16	4.15	10.66	6.82	97.37	相对角度姿态	10.66	6.82
Mac:DA:3E:20:B6:30:BA传感器0	-0.09	0.16	0.93	-2.2	-2.2	7.57	10.59	6.64	97.43	相对角度姿态	10.59	6.64
Mac:DA:3E:20:B6:30:BA传感器0	-0.09	0.17	0.94	2.81	2.81	5.37	10.66	6.64	97.53	相对角度姿态	10.66	6.64
Mac:DA:3E:20:B6:30:BA传感器0	-0.11	0.17	0.95	-3.11	-3.11	1.77	10.73	6.65	97.53	相对角度姿态	10.73	6.65
Mac:DA:3E:20:B6:30:BA传感器0	-0.1	0.17	0.93	-1.71	-1.71	0	10.52	6.6	97.32	相对角度姿态	10.52	6.6
Mac:DA:3E:20:B6:30:BA传感器0	-0.08	0.17	0.94	-3.11	-3.11	0.37	10.4	6.49	97.06	相对角度姿态	10.4	6.49
Mac:DA:3E:20:B6:30:BA传感器0	-0.11	0.17	0.92	0	0	0.79	10.33	6.64	97.03	相对角度姿态	10.33	6.64
Mac:DA:3E:20:B6:30:BA传感器0	-0.11	0.17	0.95	0.31	0.31	-0.06	10.39	6.7	96.85	相对角度姿态	10.39	6.7
Mac:DA:3E:20:B6:30:BA传感器0	-0.11	0.18	0.94	5.49	5.49	1.34	10.67	6.66	96.7	相对角度姿态	10.67	6.66
Mac:DA:3E:20:B6:30:BA传感器0	-0.1	0.17	0.94	-1.22	-1.22	0.12	10.55	6.54	96.54	相对角度姿态	10.55	6.54
Mac:DA:3E:20:B6:30:BA传感器0	-0.11	0.16	0.94	-1.77	-1.77	0.49	10.46	6.55	96.45	相对角度姿态	10.46	6.55
Mac:DA:3E:20:B6:30:BA传感器0	-0.11	0.16	0.92	-1.16	-1.16	0.61	10.3	6.53	96.36	相对角度姿态	10.3	6.53
Mac:DA:3E:20:B6:30:BA传感器0	-0.1	0.16	0.91	-0.92	-0.92	-1.4	10.21	6.5	96.19	相对角度姿态	10.21	6.5
Mac:DA:3E:20:B6:30:BA传感器0	-0.08	0.16	0.94	1.65	1.65	0.49	10.25	6.38	95.97	相对角度姿态	10.25	6.38
Mac:DA:3E:20:B6:30:BA传感器0	-0.09	0.17	0.94	0.73	0.73	1.77	10.26	6.32	95.95	相对角度姿态	10.26	6.32
Mac:DA:3E:20:B6:30:BA传感器0	-0.1	0.17	0.95	0.12	0.12	2.69	10.33	6.19	96.01	相对角度姿态	10.33	6.19
Mac:DA:3E:20:B6:30:BA传感器0	-0.1	0.17	0.94	-1.04	-1.04	1.04	10.29	6.11	95.98	相对角度姿态	10.29	6.11
Mac:DA:3E:20:B6:30:BA传感器0	-0.1	0.16	0.9	1.65	1.65	1.28	10.32	6.03	95.91	相对角度姿态	10.32	6.03
Mac:DA:3E:20:B6:30:BA传感器0	-0.07	0.16	0.95	5.49	5.49	4.33	11.32	6.03	95.93	相对角度姿态	11.32	6.03
Mac:DA:3E:20:B6:30:BA传感器0	-0.07	0.16	0.95	5.49	5.49	4.33	11.32	6.03	95.93	相对角度姿态	11.32	6.03
Mac:DA:3E:20:B6:30:BA传感器0	-0.31	0.15	1.17	22.52	22.52	8.48	12.67	8.2	96.88	相对角度姿态	12.67	8.2
Mac:DA:3E:20:B6:30:BA传感器0	-0.42	0.38	1.49	5.74	5.74	1.16	13.78	7.58	97.3	相对角度姿态	13.78	7.58
Mac:DA:3E:20:B6:30:BA传感器0	-0.53	0.48	1.24	-27.47	-27.47	-25.02	12.3	8.4	95.74	相对角度姿态	12.3	8.4
Mac:DA:3E:20:B6:30:BA传感器0	-0.23	0.47	1.21	-48.58	-48.58	-36.93	8.99	6.94	91.16	相对角度姿态	8.99	6.94
Mac:DA:3E:20:B6:30:BA传感器0	0.08	0.37	0.75	-134.03	-134.03	-32.29	1.15	6.07	87.2	相对角度姿态	1.15	6.07
Mac:DA:3E:20:B6:30:BA传感器0	0.27	-0.45	-0.02	-45.1	-45.1	-68.91	-9.88	5.16	81.65	相对角度姿态	-9.88	5.16
Mac:DA:3E:20:B6:30:BA传感器0	0.3	-0.42	0.68	-4.15	-4.15	-1.1	-14.2	1.93	80.52	相对角度姿态	-14.2	1.93
Mac:DA:3E:20:B6:30:BA传感器0	0.04	-0.27	1.04	9.95	9.95	-7.14	-14.3	0.48	81.08	相对角度姿态	-14.3	0.48
Mac:DA:3E:20:B6:30:BA传感器0	-0.11	-0.21	0.98	0.92	0.92	-1.53	-14.78	0.09	82.03	相对角度姿态	-14.78	0.09
Mac:DA:3E:20:B6:30:BA传感器0	-0.07	-0.26	1.04	-0.67	-0.67	-0.06	-14.52	-0.27	82.54	相对角度姿态	-14.52	-0.27
Mac:DA:3E:20:B6:30:BA传感器0	-0.15	-0.25	0.99	-10.38	-10.38	2.81	-14.44	0.04	83.02	相对角度姿态	-14.44	0.04
Mac:DA:3E:20:B6:30:BA传感器0	-0.12	-0.25	0.97	4.94	4.94	-0.24	-14.59	0.32	83.23	相对角度姿态	-14.59	0.32
Mac:DA:3E:20:B6:30:BA传感器0	-0.16	-0.31	0.81	-2.08	-2.08	0.31	-14.5	0.36	83.88	相对角度姿态	-14.5	0.36
Mac:DA:3E:20:B6:30:BA传感器0	-0.32	-0.3	0.55	8.48	8.48	-4.94	-15.25	1.78	84.12	相对角度姿态	-15.25	1.78
Mac:DA:3E:20:B6:30:BA传感器0	-0.28	-0.13	0.61	49.93	49.93	-48.46	-12.53	4.68	80.94	相对角度姿态	-12.53	4.68
Mac:DA:3E:20:B6:30:BA传感器0	-0.11	-0.02	0.62	69.27	69.27	-37.11	-6.03	5.19	76.23	相对角度姿态	-6.03	5.19
Mac:DA:3E:20:B6:30:BA传感器0	0.03	0.36	1.24	85.45	85.45	-12.27	2.22	-0.79	74.58	相对角度姿态	2.22	-0.79
Mac:DA:3E:20:B6:30:BA传感器0	0.29	0.34	1.63	36.32	36.32	-23.56	8.89	-6.17	72.54	相对角度姿态	8.89	-6.17
Mac:DA:3E:20:B6:30:BA传感器0	0.13	0.15	1.32	-4.03	-4.03	-13	9.58	-6.56	71.61	相对角度姿态	9.58	-6.56
Mac:DA:3E:20:B6:30:BA传感器0	-0.04	0.13	1	-13.55	-13.55	-7.93	9.07	-4.59	71.79	相对角度姿态	9.07	-4.59
Mac:DA:3E:20:B6:30:BA传感器0	0	0.17	0.94	-5.86	-5.86	-1.83	8.47	-3.46	72	相对角度姿态	8.47	-3.46
Mac:DA:3E:20:B6:30:BA传感器0	-0.01	0.08	0.91	1.77	1.77	1.1	7.78	-3.25	72.24	相对角度姿态	7.78	-3.25
Mac:DA:3E:20:B6:30:BA传感器0	-0.04	0.11	0.92	-0.31	-0.31	-3.42	7.65	-2.63	72.84	相对角度姿态	7.65	-2.63
Mac:DA:3E:20:B6:30:BA传感器0	-0.03	0.11	0.96	-0.49	-0.49	-4.27	7.92	-2.19	73.1	相对角度姿态	7.92	-2.19
Mac:DA:3E:20:B6:30:BA传感器0	0	0.11	1.01	3.23	3.23	-2.69	8.03	-2.05	73.47	相对角度姿态	8.03	-2.05
Mac:DA:3E:20:B6:30:BA传感器0	0.02	0.11	0.99	-1.04	-1.04	0.24	7.79	-2.48	73.6	相对角度姿态	7.79	-2.48
Mac:DA:3E:20:B6:30:BA传感器0	-0.04	0.14	0.96	-3.48	-3.48	-1.16	7.84	-2.58	74.18	相对角度姿态	7.84	-2.58
Mac:DA:3E:20:B6:30:BA传感器0	0.05	0.15	0.93	14.89	14.89	-6.16	8.21	-1.53	74.26	相对角度姿态	8.21	-1.53
Mac:DA:3E:20:B6:30:BA传感器0	0.46	0.1	0.99	-0.37	-0.37	2.62	9.08	-0.85	74.46	相对角度姿态	9.08	-0.85
Mac:DA:3E:20:B6:30:BA传感器0	0.67	0.24	0.92	-0.55	-0.55	65.06	8.28	-2.98	78.25	相对角度姿态	8.28	-2.98
Mac:DA:3E:20:B6:30:BA传感器0	0.27	0.43	0.83	-21.42	-21.42	85.51	7.58	-3.6	86.28	相对角度姿态	7.58	-3.6
Mac:DA:3E:20:B6:30:BA传感器0	-0.43	0.43	0.88	-14.4	-14.4	126.22	5.45	-4.33	96.97	相对角度姿态	5.45	-4.33
Mac:DA:3E:20:B6:30:BA传感器0	-1.1	0.33	0.98	34.73	34.73	49.19	7.99	0.29	106.61	相对角度姿态	7.99	0.29
Mac:DA:3E:20:B6:30:BA传感器0	-0.32	0.07	0.97	27.53	27.53	-9.34	10.85	6.27	107.28	相对角度姿态	10.85	6.27
Mac:DA:3E:20:B6:30:BA传感器0	-0.05	0.11	0.95	0.37	0.37	-3.72	11.48	9.64	106.36	相对角度姿态	11.48	9.64
Mac:DA:3E:20:B6:30:BA传感器0	-0.17	0.2	0.91	0	0	5.13	11.29	11.03	106.44	相对角度姿态	11.29	11.03
Mac:DA:3E:20:B6:30:BA传感器0	-0.14	0.21	0.96	-1.04	-1.04	5.55	11.78	11.12	106.55	相对角度姿态	11.78	11.12
Mac:DA:3E:20:B6:30:BA传感器0	-0.12	0.17	0.92	6.16	6.16	3.05	11.71	10.74	106.25	相对角度姿态	11.71	10.74
Mac:DA:3E:20:B6:30:BA传感器0	-0.07	0.15	0.92	-0.06	-0.06	-0.31	11.65	9.78	105.68	相对角度姿态	11.65	9.78
Mac:DA:3E:20:B6:30:BA传感器0	-0.11	0.16	0.94	0.43	0.43	-0.37	11.89	9.94	105.04	相对角度姿态	11.89	9.94
Mac:DA:3E:20:B6:30:BA传感器0	-0.11	0.2	0.94	1.77	1.77	0.49	11.95	9.65	104.4	相对角度姿态	11.95	9.65
Mac:DA:3E:20:B6:30:BA传感器0	-0.09	0.2	0.94	4.21	4.21	0.85	12.13	9.48	103.82	相对角度姿态	12.13	9.48
Mac:DA:3E:20:B6:30:BA传感器0	-0.07	0.18	0.93	-0.12	-0.12	2.81	11.98	9.21	103.44	相对角度姿态	11.98	9.21
Mac:DA:3E:20:B6:30:BA传感器0	-0.09	0.18	0.93	-1.1	-1.1	6.16	12.04	9.05	103.38	相对角度姿态	12.04	9.05
Mac:DA:3E:20:B6:30:BA传感器0	-0.14	0.2	0.93	-2.32	-2.32	0.55	12.16	8.92	103.23	相对角度姿态	12.16	8.92
Mac:DA:3E:20:B6:30:BA传感器0	-0.09	0.19	0.92	-0.18	-0.18	-1.71	12.02	8.38	102.69	相对角度姿态	12.02	8.38
Mac:DA:3E:20:B6:30:BA传感器0	-0.09	0.19	0.91	0.06	0.06	0.06	11.93	8.22	102.26	相对角度姿态	11.93	8.22
Mac:DA:3E:20:B6:30:BA传感器0	-0.08	0.19	0.92	-2.44	-2.44	0	11.85	8.16	101.95	相对角度姿态	11.85	8.16
Mac:DA:3E:20:B6:30:BA传感器0	-0.1	0.18	0.93	-1.95	-1.95	1.46	11.76	8.12	101.71	相对角度姿态	11.76	8.12
Mac:DA:3E:20:B6:30:BA传感器0	-0.1	0.19	0.93	-0.67	-0.67	0	11.65	8	101.5	相对角度姿态	11.65	8
Mac:DA:3E:20:B6:30:BA传感器0	-0.1	0.19	0.93	1.83	1.83	-0.98	11.62	8.12	101.09	相对角度姿态	11.62	8.12
Mac:DA:3E:20:B6:30:BA传感器0	-0.09	0.18	0.93	-1.04	-1.04	0.43	11.55	7.9	100.66	相对角度姿态	11.55	7.9
Mac:DA:3E:20:B6:30:BA传感器0	-0.12	0.19	0.92	1.16	1.16	-1.04	11.56	7.9	100.4	相对角度姿态	11.56	7.9
Mac:DA:3E:20:B6:30:BA传感器0	-0.07	0.21	0.91	9.83	9.83	-0.31	11.62	7.7	100.06	相对角度姿态	11.62	7.7
Mac:DA:3E:20:B6:30:BA传感器0	-0.12	0.2	0.95	-1.53	-1.53	2.2	11.87	7.53	99.94	相对角度姿态	11.87	7.53
Mac:DA:3E:20:B6:30:BA传感器0	-0.09	0.17	0.91	-1.65	-1.65	0.43	11.63	7.48	99.78	相对角度姿态	11.63	7.48
Mac:DA:3E:20:B6:30:BA传感器0	-0.1	0.2	0.91	1.65	1.65	2.08	11.69	7.16	99.73	相对角度姿态	11.69	7.16
Mac:DA:3E:20:B6:30:BA传感器0	-0.09	0.18	0.92	-0.37	-0.37	2.14	11.74	7.04	99.6	相对角度姿态	11.74	7.04
Mac:DA:3E:20:B6:30:BA传感器0	-0.08	0.18	0.93	0.49	0.49	2.87	11.82	6.98	99.56	相对角度姿态	11.82	6.98
Mac:DA:3E:20:B6:30:BA传感器0	-0.1	0.21	0.98	1.46	1.46	2.99	12.06	6.7	99.64	相对角度姿态	12.06	6.7
Mac:DA:3E:20:B6:30:BA传感器0	-0.21	0.22	1.01	18.55	18.55	2.44	12.64	7.2	99.74	相对角度姿态	12.64	7.2
Mac:DA:3E:20:B6:30:BA传感器0	-0.33	0.23	1.21	33.69	33.69	-13.61	13.77	6.83	99.22	相对角度姿态	13.77	6.83
Mac:DA:3E:20:B6:30:BA传感器0	-0.36	0.4	1.51	-0.85	-0.85	-34.42	15.04	7.21	96.78	相对角度姿态	15.04	7.21
Mac:DA:3E:20:B6:30:BA传感器0	-0.45	0.6	1.14	-82.52	-82.52	-36.32	10.41	7.13	93.14	相对角度姿态	10.41	7.13
Mac:DA:3E:20:B6:30:BA传感器0	0.2	0.32	0.67	-121.03	-121.03	-64.51	-0.08	3.04	88.97	相对角度姿态	-0.08	3.04
Mac:DA:3E:20:B6:30:BA传感器0	0.3	-0.28	0.15	-55.42	-55.42	-36.62	-9.73	3.34	82.94	相对角度姿态	-9.73	3.34
Mac:DA:3E:20:B6:30:BA传感器0	0.23	-0.38	0.66	8	8	-18.98	-13.06	1.94	80.5	相对角度姿态	-13.06	1.94
Mac:DA:3E:20:B6:30:BA传感器0	0.06	-0.3	0.95	21.42	21.42	1.89	-13.38	0.02	81	相对角度姿态	-13.38	0.02
Mac:DA:3E:20:B6:30:BA传感器0	0.01	-0.24	1.05	12.33	12.33	-4.64	-13.05	-0.96	82.18	相对角度姿态	-13.05	-0.96
Mac:DA:3E:20:B6:30:BA传感器0	-0.03	-0.21	1.11	-7.51	-7.51	-6.35	-12.31	-0.58	82.07	相对角度姿态	-12.31	-0.58
Mac:DA:3E:20:B6:30:BA传感器0	-0.1	-0.24	1	0.55	0.55	-14.71	-12.97	-0.33	82.14	相对角度姿态	-12.97	-0.33
Mac:DA:3E:20:B6:30:BA传感器0	-0.1	-0.26	0.96	-0.24	-0.24	2.14	-13.51	-0.43	82.43	相对角度姿态	-13.51	-0.43
Mac:DA:3E:20:B6:30:BA传感器0	-0.16	-0.27	0.93	-15.81	-15.81	4.58	-14.16	-0.47	83.27	相对角度姿态	-14.16	-0.47
Mac:DA:3E:20:B6:30:BA传感器0	-0.15	-0.26	0.86	2.99	2.99	-21.67	-13.89	0.13	82.45	相对角度姿态	-13.89	0.13
Mac:DA:3E:20:B6:30:BA传感器0	-0.17	-0.27	0.61	29.48	29.48	-49.99	-12.93	0.36	79.99	相对角度姿态	-12.93	0.36
Mac:DA:3E:20:B6:30:BA传感器0	-0.12	-0.17	0.35	34.67	34.67	-59.51	-10.27	1.32	75.22	相对角度姿态	-10.27	1.32
Mac:DA:3E:20:B6:30:BA传感器0	-0.16	0	0.33	102.91	102.91	-11.66	-5.57	2.69	71.83	相对角度姿态	-5.57	2.69
Mac:DA:3E:20:B6:30:BA传感器0	-0.03	0.72	1.96	103.58	103.58	-39.61	7.4	-0.76	70	相对角度姿态	7.4	-0.76
Mac:DA:3E:20:B6:30:BA传感器0	0.08	0.29	1.51	27.34	27.34	-23.13	11.63	-1.97	66.33	相对角度姿态	11.63	-1.97
Mac:DA:3E:20:B6:30:BA传感器0	-0.07	0.18	1.09	-10.13	-10.13	-9.46	12.04	-1.42	65.9	相对角度姿态	12.04	-1.42
Mac:DA:3E:20:B6:30:BA传感器0	-0.12	0.13	0.81	-14.04	-14.04	-6.04	10.51	-1.17	66.08	相对角度姿态	10.51	-1.17
Mac:DA:3E:20:B6:30:BA传感器0	-0.1	0.14	0.93	3.05	3.05	2.26	10.38	-0.83	66.71	相对角度姿态	10.38	-0.83
Mac:DA:3E:20:B6:30:BA传感器0	-0.13	0.17	0.96	5.86	5.86	4.64	10.67	-0.06	67.83	相对角度姿态	10.67	-0.06
Mac:DA:3E:20:B6:30:BA传感器0	-0.13	0.18	0.95	6.35	6.35	1.95	11.07	0.39	68.8	相对角度姿态	11.07	0.39
Mac:DA:3E:20:B6:30:BA传感器0	-0.11	0.15	0.92	-4.27	-4.27	-3.11	10.82	1.05	69.19	相对角度姿态	10.82	1.05
Mac:DA:3E:20:B6:30:BA传感器0	-0.12	0.19	0.94	-3.05	-3.05	-7.93	11.2	1.91	69.33	相对角度姿态	11.2	1.91
Mac:DA:3E:20:B6:30:BA传感器0	-0.08	0.16	0.91	5.62	5.62	-27.89	11.35	3.22	68.65	相对角度姿态	11.35	3.22
Mac:DA:3E:20:B6:30:BA传感器0	0	0.22	0.94	12.82	12.82	-13	11.51	4.54	66.76	相对角度姿态	11.51	4.54
Mac:DA:3E:20:B6:30:BA传感器0	0.6	0.24	1.01	-8.06	-8.06	13.79	12.69	3.17	66.8	相对角度姿态	12.69	3.17
Mac:DA:3E:20:B6:30:BA传感器0	0.64	0.47	0.83	4.21	4.21	112.55	12.33	0.46	74.27	相对角度姿态	12.33	0.46
Mac:DA:3E:20:B6:30:BA传感器0	-0.05	0.69	0.81	-49.87	-49.87	154.36	10.67	-3.22	89.51	相对角度姿态	10.67	-3.22
Mac:DA:3E:20:B6:30:BA传感器0	-1.11	0.56	0.9	16.97	16.97	118.71	10.09	-1.4	103.24	相对角度姿态	10.09	-1.4
Mac:DA:3E:20:B6:30:BA传感器0	-0.86	0.2	0.87	4.33	4.33	9.4	11.61	5.43	109.14	相对角度姿态	11.61	5.43
Mac:DA:3E:20:B6:30:BA传感器0	-0.05	0.08	0.94	2.87	2.87	0.43	10.82	9.2	108.19	相对角度姿态	10.82	9.2
Mac:DA:3E:20:B6:30:BA传感器0	-0.1	0.16	0.92	-8.18	-8.18	0.67	10.81	11.94	107.95	相对角度姿态	10.81	11.94
Mac:DA:3E:20:B6:30:BA传感器0	-0.17	0.17	0.94	-0.49	-0.49	3.6	11.09	12.44	107.69	相对角度姿态	11.09	12.44
Mac:DA:3E:20:B6:30:BA传感器0	-0.13	0.16	0.95	4.52	4.52	1.28	11.43	11.9	107.4	相对角度姿态	11.43	11.9
Mac:DA:3E:20:B6:30:BA传感器0	-0.13	0.18	0.91	-0.67	-0.67	-0.49	11.32	11.8	106.78	相对角度姿态	11.32	11.8
Mac:DA:3E:20:B6:30:BA传感器0	-0.08	0.17	0.95	1.22	1.22	-0.73	11.17	10.91	105.97	相对角度姿态	11.17	10.91
Mac:DA:3E:20:B6:30:BA传感器0	-0.13	0.15	0.91	-1.1	-1.1	-2.56	11.11	11.04	105.2	相对角度姿态	11.11	11.04
Mac:DA:3E:20:B6:30:BA传感器0	-0.11	0.18	0.95	-2.56	-2.56	-2.08	11.16	10.5	104.35	相对角度姿态	11.16	10.5
Mac:DA:3E:20:B6:30:BA传感器0	-0.11	0.17	0.96	2.14	2.14	-3.54	10.84	10.28	103.29	相对角度姿态	10.84	10.28
Mac:DA:3E:20:B6:30:BA传感器0	-0.13	0.15	0.93	-25.76	-25.76	-3.72	9.87	9.94	102.52	相对角度姿态	9.87	9.94
Mac:DA:3E:20:B6:30:BA传感器0	-0.12	0.15	0.95	-0.85	-0.85	0.73	9.12	9.16	101.98	相对角度姿态	9.12	9.16
Mac:DA:3E:20:B6:30:BA传感器0	-0.12	0.15	0.95	6.29	6.29	0.61	9.32	8.95	101.69	相对角度姿态	9.32	8.95
Mac:DA:3E:20:B6:30:BA传感器0	-0.12	0.15	0.94	2.01	2.01	0.79	9.51	8.92	101.34	相对角度姿态	9.51	8.92
Mac:DA:3E:20:B6:30:BA传感器0	-0.12	0.15	0.95	1.34	1.34	0.67	9.62	8.76	100.99	相对角度姿态	9.62	8.76
Mac:DA:3E:20:B6:30:BA传感器0	-0.12	0.15	0.92	-0.18	-0.18	-0.73	9.61	8.76	100.62	相对角度姿态	9.61	8.76
Mac:DA:3E:20:B6:30:BA传感器0	-0.1	0.14	0.92	2.32	2.32	-0.12	9.71	8.61	100.32	相对角度姿态	9.71	8.61
Mac:DA:3E:20:B6:30:BA传感器0	-0.1	0.15	0.94	1.46	1.46	2.44	9.78	8.51	100.15	相对角度姿态	9.78	8.51
Mac:DA:3E:20:B6:30:BA传感器0	-0.11	0.17	0.94	-0.55	-0.55	1.1	9.92	8.61	100.03	相对角度姿态	9.92	8.61
Mac:DA:3E:20:B6:30:BA传感器0	-0.09	0.14	0.93	1.77	1.77	2.08	9.83	8.56	99.87	相对角度姿态	9.83	8.56
Mac:DA:3E:20:B6:30:BA传感器0	-0.12	0.16	0.92	1.65	1.65	2.26	9.95	8.64	99.91	相对角度姿态	9.95	8.64
Mac:DA:3E:20:B6:30:BA传感器0	-0.13	0.16	0.94	2.75	2.75	1.83	10.11	8.81	99.84	相对角度姿态	10.11	8.81
Mac:DA:3E:20:B6:30:BA传感器0	-0.13	0.15	0.98	-1.89	-1.89	3.11	10.16	8.9	99.87	相对角度姿态	10.16	8.9
Mac:DA:3E:20:B6:30:BA传感器0	-0.16	0.18	1.22	0.31	0.31	10.13	10.6	9.23	100.27	相对角度姿态	10.6	9.23
Mac:DA:3E:20:B6:30:BA传感器0	-0.39	0.3	1.17	-20.14	-20.14	0.06	11.59	12.62	101.16	相对角度姿态	11.59	12.62
Mac:DA:3E:20:B6:30:BA传感器0	-0.32	0.22	1.04	-43.52	-43.52	-11.11	7.43	12.23	100.33	相对角度姿态	7.43	12.23
Mac:DA:3E:20:B6:30:BA传感器0	-0.34	0.14	0.93	-47.79	-47.79	-16.24	2.84	12.58	98.41	相对角度姿态	2.84	12.58
Mac:DA:3E:20:B6:30:BA传感器0	-0.32	0.05	0.89	-46.88	-46.88	-23.5	-2.12	10.82	96.15	相对角度姿态	-2.12	10.82
Mac:DA:3E:20:B6:30:BA传感器0	-0.22	-0.03	0.9	-34.36	-34.36	-41.26	-6.53	9.34	92.8	相对角度姿态	-6.53	9.34
Mac:DA:3E:20:B6:30:BA传感器0	-0.14	-0.09	0.83	-33.2	-33.2	-64.82	-10.7	8.63	87.65	相对角度姿态	-10.7	8.63
Mac:DA:3E:20:B6:30:BA传感器0	-0.16	-0.25	0.7	-23.8	-23.8	-54.63	-14.24	7.97	81.19	相对角度姿态	-14.24	7.97
Mac:DA:3E:20:B6:30:BA传感器0	-0.07	-0.22	0.79	7.93	7.93	-59.94	-15.62	4.54	76.9	相对角度姿态	-15.62	4.54
Mac:DA:3E:20:B6:30:BA传感器0	0.01	-0.26	0.86	7.26	7.26	-62.07	-14.98	2.14	72.09	相对角度姿态	-14.98	2.14
Mac:DA:3E:20:B6:30:BA传感器0	0	-0.26	0.89	27.95	27.95	-38.45	-12.46	1.01	67.08	相对角度姿态	-12.46	1.01
Mac:DA:3E:20:B6:30:BA传感器0	-0.04	-0.16	0.86	21.12	21.12	-48.34	-9.79	-0.83	64.09	相对角度姿态	-9.79	-0.83
Mac:DA:3E:20:B6:30:BA传感器0	0.04	-0.09	0.91	43.52	43.52	-25.94	-6.5	-1.76	61.16	相对角度姿态	-6.5	-1.76
Mac:DA:3E:20:B6:30:BA传感器0	0.08	-0.11	0.87	-4.88	-4.88	-19.41	-3.61	-1.32	59.38	相对角度姿态	-3.61	-1.32
Mac:DA:3E:20:B6:30:BA传感器0	0.08	0.02	0.94	49.01	49.01	-8.18	0.1	-1.48	58.6	相对角度姿态	0.1	-1.48
Mac:DA:3E:20:B6:30:BA传感器0	-0.02	0.11	1.23	35.77	35.77	10.25	5.12	-1.13	59.87	相对角度姿态	5.12	-1.13
Mac:DA:3E:20:B6:30:BA传感器0	-0.09	0.15	1.15	36.25	36.25	6.53	7.68	-0.29	61.38	相对角度姿态	7.68	-0.29
Mac:DA:3E:20:B6:30:BA传感器0	-0.05	0.13	1.1	29.42	29.42	7.57	10.78	0.73	63.01	相对角度姿态	10.78	0.73
Mac:DA:3E:20:B6:30:BA传感器0	-0.03	0.19	1.04	28.26	28.26	19.53	14.01	2.16	64.77	相对角度姿态	14.01	2.16
Mac:DA:3E:20:B6:30:BA传感器0	-0.12	0.26	0.95	9.7	9.7	18.62	16.51	4.53	67.24	相对角度姿态	16.51	4.53
Mac:DA:3E:20:B6:30:BA传感器0	-0.1	0.29	0.89	14.04	14.04	32.65	17.51	6.01	70.41	相对角度姿态	17.51	6.01
Mac:DA:3E:20:B6:30:BA传感器0	-0.11	0.33	0.96	10.62	10.62	27.95	19.74	8.88	74.48	相对角度姿态	19.74	8.88
Mac:DA:3E:20:B6:30:BA传感器0	-0.19	0.39	0.92	-13.61	-13.61	34.36	20.72	11.88	79.13	相对角度姿态	20.72	11.88
Mac:DA:3E:20:B6:30:BA传感器0	-0.59	0.37	0.86	18.19	18.19	30.58	22.97	16.83	85.25	相对角度姿态	22.97	16.83
Mac:DA:3E:20:B6:30:BA传感器0	-0.07	0.21	0.65	-20.2	-20.2	33.02	23.21	18.21	88.51	相对角度姿态	23.21	18.21
Mac:DA:3E:20:B6:30:BA传感器0	-0.19	0.37	0.75	-26.06	-26.06	58.53	23.64	17.53	93.91	相对角度姿态	23.64	17.53
Mac:DA:3E:20:B6:30:BA传感器0	-0.29	0.39	0.88	-32.78	-32.78	51.15	23.15	17.05	99.39	相对角度姿态	23.15	17.05
Mac:DA:3E:20:B6:30:BA传感器0	-0.4	0.39	0.98	-40.65	-40.65	39.18	21.77	16.67	104	相对角度姿态	21.77	16.67
Mac:DA:3E:20:B6:30:BA传感器0	-0.4	0.33	0.95	-43.4	-43.4	20.87	18.18	16.36	106.58	相对角度姿态	18.18	16.36
Mac:DA:3E:20:B6:30:BA传感器0	-0.31	0.24	0.88	-42.3	-42.3	9.09	14.19	16.19	107.29	相对角度姿态	14.19	16.19
Mac:DA:3E:20:B6:30:BA传感器0	-0.22	0.16	0.73	-35.58	-35.58	-3.42	9.81	16.5	106.59	相对角度姿态	9.81	16.5
Mac:DA:3E:20:B6:30:BA传感器0	-0.23	0.08	0.73	-17.82	-17.82	-10.93	6.78	16.49	105.71	相对角度姿态	6.78	16.49
Mac:DA:3E:20:B6:30:BA传感器0	-0.21	0.04	0.8	-0.12	-0.12	-1.16	5.32	16.73	104.71	相对角度姿态	5.32	16.73
Mac:DA:3E:20:B6:30:BA传感器0	-0.23	0.08	0.94	-1.53	-1.53	1.46	5.54	16.28	104.3	相对角度姿态	5.54	16.28
Mac:DA:3E:20:B6:30:BA传感器0	-0.19	0.08	0.97	5.25	5.25	2.08	5.66	15.62	103.85	相对角度姿态	5.66	15.62
Mac:DA:3E:20:B6:30:BA传感器0	-0.23	0.09	0.99	4.33	4.33	1.89	6.02	15.51	103.5	相对角度姿态	6.02	15.51
Mac:DA:3E:20:B6:30:BA传感器0	-0.16	0.12	0.95	5.25	5.25	-5.74	6.02	14.64	102.82	相对角度姿态	6.02	14.64
Mac:DA:3E:20:B6:30:BA传感器0	-0.17	0.06	0.85	2.14	2.14	-4.82	5.68	13.95	101.84	相对角度姿态	5.68	13.95
Mac:DA:3E:20:B6:30:BA传感器0	-0.14	0.06	0.95	5.8	5.8	-0.24	5.94	13.24	101.16	相对角度姿态	5.94	13.24
Mac:DA:3E:20:B6:30:BA传感器0	-0.18	0.11	0.97	2.44	2.44	0	6.47	13.04	100.87	相对角度姿态	6.47	13.04
Mac:DA:3E:20:B6:30:BA传感器0	-0.17	0.12	0.98	-0.79	-0.79	-0.37	6.66	12.81	100.45	相对角度姿态	6.66	12.81
Mac:DA:3E:20:B6:30:BA传感器0	-0.16	0.1	0.94	-0.18	-0.18	0.12	6.48	12.56	100.05	相对角度姿态	6.48	12.56
Mac:DA:3E:20:B6:30:BA传感器0	-0.15	0.08	0.93	0.31	0.31	0.85	6.13	11.78	99.84	相对角度姿态	6.13	11.78
Mac:DA:3E:20:B6:30:BA传感器0	-0.15	0.1	0.97	0.85	0.85	-1.59	6.27	11.46	99.7	相对角度姿态	6.27	11.46
Mac:DA:3E:20:B6:30:BA传感器0	-0.17	0.1	0.98	3.17	3.17	-2.01	6.44	11.45	99.3	相对角度姿态	6.44	11.45
Mac:DA:3E:20:B6:30:BA传感器0	-0.17	0.11	0.95	0.61	0.61	-3.97	6.55	11.22	98.83	相对角度姿态	6.55	11.22
Mac:DA:3E:20:B6:30:BA传感器0	-0.16	0.1	0.94	-6.84	-6.84	-0.37	6.26	10.2	98.4	相对角度姿态	6.26	10.2
Mac:DA:3E:20:B6:30:BA传感器0	-0.09	0.09	0.97	-8.85	-8.85	-0.67	5.48	8.01	97.88	相对角度姿态	5.48	8.01
Mac:DA:3E:20:B6:30:BA传感器0	-0.09	0.08	0.97	-1.04	-1.04	-1.77	5.15	7.34	97.48	相对角度姿态	5.15	7.34
Mac:DA:3E:20:B6:30:BA传感器0	-0.1	0.08	0.97	1.16	1.16	0.37	5.18	7.43	97.27	相对角度姿态	5.18	7.43
Mac:DA:3E:20:B6:30:BA传感器0	-0.09	0.08	0.96	2.26	2.26	-0.12	5.18	7.37	97.08	相对角度姿态	5.18	7.37
Mac:DA:3E:20:B6:30:BA传感器0	-0.08	0.08	0.97	-0.92	-0.92	1.59	5.08	6.82	96.99	相对角度姿态	5.08	6.82
Mac:DA:3E:20:B6:30:BA传感器0	-0.07	0.06	0.95	-6.41	-6.41	2.56	4.85	5.94	96.98	相对角度姿态	4.85	5.94
Mac:DA:3E:20:B6:30:BA传感器0	-0.06	0.07	0.97	0.37	0.37	0.98	4.88	5.39	96.86	相对角度姿态	4.88	5.39
Mac:DA:3E:20:B6:30:BA传感器0	-0.04	0.07	0.97	3.23	3.23	1.1	4.93	5.03	96.73	相对角度姿态	4.93	5.03
Mac:DA:3E:20:B6:30:BA传感器0	-0.08	0.09	0.98	2.81	2.81	-0.06	5.18	5.15	96.64	相对角度姿态	5.18	5.15
Mac:DA:3E:20:B6:30:BA传感器0	-0.07	0.1	0.99	-0.67	-0.67	-0.73	5.44	5.59	96.37	相对角度姿态	5.44	5.59
Mac:DA:3E:20:B6:30:BA传感器0	-0.08	0.1	0.97	0.24	0.24	-0.31	5.49	5.77	96.17	相对角度姿态	5.49	5.77
Mac:DA:3E:20:B6:30:BA传感器0	-0.07	0.09	0.97	-0.49	-0.49	-0.85	5.47	5.72	96.1	相对角度姿态	5.47	5.72
Mac:DA:3E:20:B6:30:BA传感器0	-0.09	0.1	0.97	2.56	2.56	1.16	5.55	5.89	96.09	相对角度姿态	5.55	5.89
Mac:DA:3E:20:B6:30:BA传感器0	-0.1	0.09	0.97	4.39	4.39	-1.83	5.77	6	96.03	相对角度姿态	5.77	6
Mac:DA:3E:20:B6:30:BA传感器0	-0.09	0.1	0.96	3.72	3.72	-2.14	5.83	6.12	95.87	相对角度姿态	5.83	6.12
Mac:DA:3E:20:B6:30:BA传感器0	-0.09	0.09	0.95	0.85	0.85	-0.37	5.86	6.31	95.75	相对角度姿态	5.86	6.31
Mac:DA:3E:20:B6:30:BA传感器0	-0.09	0.1	0.97	3.05	3.05	2.14	6.13	6.28	95.74	相对角度姿态	6.13	6.28
Mac:DA:3E:20:B6:30:BA传感器0	-0.07	0.09	0.98	0.55	0.55	4.03	6.39	5.97	95.98	相对角度姿态	6.39	5.97
Mac:DA:3E:20:B6:30:BA传感器0	-0.12	0.12	0.96	0.43	0.43	2.38	6.78	6.56	96.22	相对角度姿态	6.78	6.56
Mac:DA:3E:20:B6:30:BA传感器0	-0.11	0.11	1.01	-2.32	-2.32	0.92	6.9	6.83	96.25	相对角度姿态	6.9	6.83
Mac:DA:3E:20:B6:30:BA传感器0	-0.14	0.11	1.16	-2.32	-2.32	5.49	6.8	7.57	96.47	相对角度姿态	6.8	7.57
Mac:DA:3E:20:B6:30:BA传感器0	-0.21	0.12	1.26	-21.55	-21.55	7.2	5.67	8.93	97.2	相对角度姿态	5.67	8.93
Mac:DA:3E:20:B6:30:BA传感器0	-0.3	0.14	1.19	-34.91	-34.91	11.96	2.89	10.35	98.15	相对角度姿态	2.89	10.35
Mac:DA:3E:20:B6:30:BA传感器0	-0.34	0.13	1.02	-55.48	-55.48	-14.65	-1.12	10.95	98.12	相对角度姿态	-1.12	10.95
Mac:DA:3E:20:B6:30:BA传感器0	-0.36	-0.04	0.74	-51.7	-51.7	-27.59	-6.24	12.44	95.54	相对角度姿态	-6.24	12.44
Mac:DA:3E:20:B6:30:BA传感器0	-0.31	-0.1	0.77	-27.89	-27.89	-39.67	-10.67	11.93	92.16	相对角度姿态	-10.67	11.93
Mac:DA:3E:20:B6:30:BA传感器0	-0.24	-0.16	0.77	-6.96	-6.96	-48.65	-14.14	10.29	87.64	相对角度姿态	-14.14	10.29
Mac:DA:3E:20:B6:30:BA传感器0	-0.11	-0.19	0.87	1.16	1.16	-55.48	-15.39	7.1	82.67	相对角度姿态	-15.39	7.1
Mac:DA:3E:20:B6:30:BA传感器0	0.01	-0.2	0.93	-2.87	-2.87	-59.75	-15.58	3.24	77.6	相对角度姿态	-15.58	3.24
Mac:DA:3E:20:B6:30:BA传感器0	0.08	-0.19	0.98	-2.2	-2.2	-58.47	-15.24	0.12	72.59	相对角度姿态	-15.24	0.12
Mac:DA:3E:20:B6:30:BA传感器0	0.11	-0.26	0.94	-12.94	-12.94	-55.05	-15.34	-1.78	67.57	相对角度姿态	-15.34	-1.78
Mac:DA:3E:20:B6:30:BA传感器0	0.05	-0.3	0.77	27.4	27.4	-52.92	-14.69	-2.63	62.64	相对角度姿态	-14.69	-2.63
Mac:DA:3E:20:B6:30:BA传感器0	0.03	-0.24	0.9	28.08	28.08	-41.81	-11.85	-3.48	59.32	相对角度姿态	-11.85	-3.48
Mac:DA:3E:20:B6:30:BA传感器0	0.13	-0.15	0.92	20.69	20.69	-30.88	-9.06	-2.6	56.18	相对角度姿态	-9.06	-2.6
Mac:DA:3E:20:B6:30:BA传感器0	0.19	0.03	1.2	56.82	56.82	-10.8	-0.57	0.01	54.28	相对角度姿态	-0.57	0.01
Mac:DA:3E:20:B6:30:BA传感器0	0.19	0.03	1.2	56.82	56.82	-10.8	-0.57	0.01	54.28	相对角度姿态	-0.57	0.01
Mac:DA:3E:20:B6:30:BA传感器0	-0.03	0.02	0.97	56.82	56.82	4.88	4.24	3.12	55.78	相对角度姿态	4.24	3.12
Mac:DA:3E:20:B6:30:BA传感器0	-0.37	0.2	0.9	52	52	40.53	10.03	6.08	59.61	相对角度姿态	10.03	6.08
Mac:DA:3E:20:B6:30:BA传感器0	-0.29	0.26	1.06	50.84	50.84	36.87	15.79	6.42	63.95	相对角度姿态	15.79	6.42
Mac:DA:3E:20:B6:30:BA传感器0	-0.2	0.35	1.02	14.22	14.22	32.71	19.93	8.83	68.59	相对角度姿态	19.93	8.83
Mac:DA:3E:20:B6:30:BA传感器0	-0.26	0.39	0.9	7.14	7.14	44.25	22.25	10.7	73.93	相对角度姿态	22.25	10.7
Mac:DA:3E:20:B6:30:BA传感器0	-0.26	0.41	0.81	1.46	1.46	31.37	23.67	11.83	78.59	相对角度姿态	23.67	11.83
Mac:DA:3E:20:B6:30:BA传感器0	-0.28	0.36	0.74	-3.05	-3.05	27.16	24.38	13.96	82.6	相对角度姿态	24.38	13.96
Mac:DA:3E:20:B6:30:BA传感器0	-0.26	0.36	0.8	-13.18	-13.18	33.14	24.54	15.75	86.79	相对角度姿态	24.54	15.75
Mac:DA:3E:20:B6:30:BA传感器0	-0.31	0.4	0.81	-16.42	-16.42	42.72	24.31	16.88	91.58	相对角度姿态	24.31	16.88
Mac:DA:3E:20:B6:30:BA传感器0	-0.27	0.41	0.84	-21.55	-21.55	43.27	23.71	17.09	96.26	相对角度姿态	23.71	17.09
Mac:DA:3E:20:B6:30:BA传感器0	-0.27	0.4	0.9	-25.45	-25.45	42.66	22.76	16.73	100.37	相对角度姿态	22.76	16.73
Mac:DA:3E:20:B6:30:BA传感器0	-0.25	0.39	1.04	-30.21	-30.21	42.3	21.17	15.43	103.77	相对角度姿态	21.17	15.43
Mac:DA:3E:20:B6:30:BA传感器0	-0.36	0.38	0.95	-38.64	-38.64	28.56	18.25	14.01	106.47	相对角度姿态	18.25	14.01
Mac:DA:3E:20:B6:30:BA传感器0	-0.27	0.27	0.94	-30.27	-30.27	21.79	14.88	11.21	107.46	相对角度姿态	14.88	11.21
Mac:DA:3E:20:B6:30:BA传感器0	-0.24	0.26	0.86	-37.66	-37.66	-2.87	13.14	11.16	107.68	相对角度姿态	13.14	11.16
Mac:DA:3E:20:B6:30:BA传感器0	-0.23	0.12	0.76	-43.33	-43.33	-23.56	8.55	12.4	105.74	相对角度姿态	8.55	12.4
Mac:DA:3E:20:B6:30:BA传感器0	-0.1	-0.01	0.83	-12.15	-12.15	-9.16	3.08	11.05	101.38	相对角度姿态	3.08	11.05
Mac:DA:3E:20:B6:30:BA传感器0	-0.1	-0.01	0.83	-12.15	-12.15	-9.16	3.08	11.05	101.38	相对角度姿态	3.08	11.05
Mac:DA:3E:20:B6:30:BA传感器0	-0.07	-0.03	0.96	-5.86	-5.86	-8.06	2.38	9.84	100.1	相对角度姿态	2.38	9.84
Mac:DA:3E:20:B6:30:BA传感器0	-0.12	0.03	0.98	7.75	7.75	-10.13	2.14	9.95	98.87	相对角度姿态	2.14	9.95
Mac:DA:3E:20:B6:30:BA传感器0	-0.05	0.01	0.99	2.2	2.2	0.06	1.83	8.64	98.25	相对角度姿态	1.83	8.64
Mac:DA:3E:20:B6:30:BA传感器0	-0.07	0.02	0.96	1.95	1.95	4.27	1.72	7.87	98.2	相对角度姿态	1.72	7.87
Mac:DA:3E:20:B6:30:BA传感器0	-0.08	0.01	0.98	-2.2	-2.2	3.6	1.6	7.4	98.2	相对角度姿态	1.6	7.4
Mac:DA:3E:20:B6:30:BA传感器0	-0.1	0.04	1.03	3.72	3.72	2.5	1.76	7.25	98.16	相对角度姿态	1.76	7.25
Mac:DA:3E:20:B6:30:BA传感器0	-0.06	0.01	0.98	1.95	1.95	-1.77	1.51	6.98	97.73	相对角度姿态	1.51	6.98
Mac:DA:3E:20:B6:30:BA传感器0	-0.07	0	0.96	2.69	2.69	0.67	1.4	6.69	97.41	相对角度姿态	1.4	6.69
Mac:DA:3E:20:B6:30:BA传感器0	-0.07	0.02	0.98	2.2	2.2	0.61	1.53	6.28	97.25	相对角度姿态	1.53	6.28
Mac:DA:3E:20:B6:30:BA传感器0	-0.09	0.01	0.97	2.32	2.32	1.65	1.64	6	97.16	相对角度姿态	1.64	6
Mac:DA:3E:20:B6:30:BA传感器0	-0.07	0.02	0.98	16.6	16.6	3.54	2.41	5.49	97.35	相对角度姿态	2.41	5.49
Mac:DA:3E:20:B6:30:BA传感器0	-0.04	0.03	1.01	-1.95	-1.95	4.7	2.65	4.99	97.36	相对角度姿态	2.65	4.99
Mac:DA:3E:20:B6:30:BA传感器0	-0.05	0.04	0.97	1.28	1.28	3.05	2.55	4.72	97.31	相对角度姿态	2.55	4.72
Mac:DA:3E:20:B6:30:BA传感器0	-0.07	0.03	1	-1.53	-1.53	2.44	2.42	4.46	97.21	相对角度姿态	2.42	4.46
Mac:DA:3E:20:B6:30:BA传感器0	-0.04	0.02	0.95	-2.81	-2.81	-1.1	2.07	4.19	97.09	相对角度姿态	2.07	4.19
Mac:DA:3E:20:B6:30:BA传感器0	-0.03	0.03	1	1.83	1.83	0.67	2.18	3.97	96.83	相对角度姿态	2.18	3.97
Mac:DA:3E:20:B6:30:BA传感器0	-0.04	0.04	0.99	1.46	1.46	-0.12	2.23	3.84	96.65	相对角度姿态	2.23	3.84
Mac:DA:3E:20:B6:30:BA传感器0	-0.03	0.05	1.01	-0.18	-0.18	1.71	2.32	3.65	96.54	相对角度姿态	2.32	3.65
Mac:DA:3E:20:B6:30:BA传感器0	-0.05	0.04	0.98	1.16	1.16	1.65	2.26	3.66	96.49	相对角度姿态	2.26	3.66
Mac:DA:3E:20:B6:30:BA传感器0	-0.04	0.04	1.02	3.42	3.42	1.65	2.3	3.55	96.38	相对角度姿态	2.3	3.55
Mac:DA:3E:20:B6:30:BA传感器0	-0.03	0.03	0.99	0.18	0.18	0.31	2.18	3.48	96.25	相对角度姿态	2.18	3.48
Mac:DA:3E:20:B6:30:BA传感器0	-0.04	0.03	0.99	1.77	1.77	0	2.2	3.4	96.13	相对角度姿态	2.2	3.4
Mac:DA:3E:20:B6:30:BA传感器0	-0.04	0.03	0.98	1.28	1.28	1.1	2.06	3.32	95.98	相对角度姿态	2.06	3.32
Mac:DA:3E:20:B6:30:BA传感器0	-0.03	0.04	0.99	1.16	1.16	0.12	2.05	3.09	95.86	相对角度姿态	2.05	3.09
Mac:DA:3E:20:B6:30:BA传感器0	-0.02	0.03	1	-0.98	-0.98	-0.79	1.94	2.7	95.74	相对角度姿态	1.94	2.7
Mac:DA:3E:20:B6:30:BA传感器0	-0.04	0.02	0.98	-1.77	-1.77	-0.92	1.7	2.92	95.51	相对角度姿态	1.7	2.92
Mac:DA:3E:20:B6:30:BA传感器0	-0.03	0.01	0.98	-0.18	-0.18	1.1	1.43	3	95.37	相对角度姿态	1.43	3
Mac:DA:3E:20:B6:30:BA传感器0	-0.03	0.02	0.98	0.31	0.31	1.22	1.31	3.1	95.34	相对角度姿态	1.31	3.1
Mac:DA:3E:20:B6:30:BA传感器0	-0.06	0.03	1.01	0.73	0.73	1.04	1.38	3.33	95.39	相对角度姿态	1.38	3.33
Mac:DA:3E:20:B6:30:BA传感器0	-0.04	0.01	0.99	1.22	1.22	1.77	1.27	3.21	95.42	相对角度姿态	1.27	3.21
Mac:DA:3E:20:B6:30:BA传感器0	-0.04	0.01	0.98	-2.38	-2.38	0	1.14	3.05	95.36	相对角度姿态	1.14	3.05
Mac:DA:3E:20:B6:30:BA传感器0	-0.04	0.01	0.99	1.04	1.04	0.18	1.07	2.86	95.31	相对角度姿态	1.07	2.86
Mac:DA:3E:20:B6:30:BA传感器0	-0.03	0.02	1	0.55	0.55	-0.06	1.19	2.69	95.23	相对角度姿态	1.19	2.69
Mac:DA:3E:20:B6:30:BA传感器0	-0.04	0.03	1	-1.65	-1.65	-0.12	1.21	2.87	95.14	相对角度姿态	1.21	2.87
Mac:DA:3E:20:B6:30:BA传感器0	-0.05	0.03	1	-0.98	-0.98	-0.61	1.39	2.91	95.05	相对角度姿态	1.39	2.91
Mac:DA:3E:20:B6:30:BA传感器0	-0.04	0.02	1	-1.22	-1.22	0	1.36	2.74	95.02	相对角度姿态	1.36	2.74
Mac:DA:3E:20:B6:30:BA传感器0	-0.04	0.02	0.99	-0.37	-0.37	0.12	1.3	2.58	94.97	相对角度姿态	1.3	2.58
Mac:DA:3E:20:B6:30:BA传感器0	-0.04	0.01	0.98	0.49	0.49	0.37	1.23	2.59	94.9	相对角度姿态	1.23	2.59
Mac:DA:3E:20:B6:30:BA传感器0	-0.03	0.03	1	2.81	2.81	0.18	1.32	2.55	94.82	相对角度姿态	1.32	2.55
Mac:DA:3E:20:B6:30:BA传感器0	-0.04	0.03	1	1.71	1.71	0.12	1.36	2.55	94.79	相对角度姿态	1.36	2.55
Mac:DA:3E:20:B6:30:BA传感器0	-0.03	0.03	1	0.06	0.06	0.37	1.34	2.49	94.78	相对角度姿态	1.34	2.49
Mac:DA:3E:20:B6:30:BA传感器0	-0.04	0.02	0.99	-0.37	-0.37	-0.24	1.33	2.48	94.73	相对角度姿态	1.33	2.48
