Mac:DA:3E:20:B6:30:BA传感器0	0.02	-0.03	0.99	-1.16	-1.16	-0.55	-1.53	-0.88	95.06	相对角度姿态	-1.53	-0.88
Mac:DA:3E:20:B6:30:BA传感器0	0.02	-0.02	1.01	0.85	0.85	1.1	-1.52	-0.89	95.11	相对角度姿态	-1.52	-0.89
Mac:DA:3E:20:B6:30:BA传感器0	0	-0.02	1	-0.06	-0.06	0	-1.46	-0.74	95.17	相对角度姿态	-1.46	-0.74
Mac:DA:3E:20:B6:30:BA传感器0	0.02	-0.02	1.02	0.24	0.24	0.43	-1.42	-0.81	95.16	相对角度姿态	-1.42	-0.81
Mac:DA:3E:20:B6:30:BA传感器0	0.01	-0.02	1.01	0.67	0.67	0.18	-1.41	-0.79	95.2	相对角度姿态	-1.41	-0.79
Mac:DA:3E:20:B6:30:BA传感器0	0.02	-0.03	1	0.24	0.24	-1.4	-1.43	-0.75	95.1	相对角度姿态	-1.43	-0.75
Mac:DA:3E:20:B6:30:BA传感器0	0	-0.03	0.99	0.18	0.18	-0.98	-1.41	-0.61	95.11	相对角度姿态	-1.41	-0.61
Mac:DA:3E:20:B6:30:BA传感器0	0	-0.02	1.02	-2.69	-2.69	-0.85	-1.36	-0.74	95.15	相对角度姿态	-1.36	-0.74
Mac:DA:3E:20:B6:30:BA传感器0	0.01	-0.02	1	-1.83	-1.83	-0.73	-1.55	-0.69	95.1	相对角度姿态	-1.55	-0.69
Mac:DA:3E:20:B6:30:BA传感器0	0.03	-0.03	1	1.28	1.28	0.24	-1.63	-0.63	95.02	相对角度姿态	-1.63	-0.63
Mac:DA:3E:20:B6:30:BA传感器0	0.01	-0.03	1.01	-0.61	-0.61	-1.1	-1.63	-0.57	95.11	相对角度姿态	-1.63	-0.57
Mac:DA:3E:20:B6:30:BA传感器0	0	-0.03	0.99	-0.92	-0.92	-1.4	-1.68	-0.42	95.07	相对角度姿态	-1.68	-0.42
Mac:DA:3E:20:B6:30:BA传感器0	0.01	-0.02	1.01	-1.89	-1.89	-1.16	-1.67	-0.49	95.02	相对角度姿态	-1.67	-0.49
Mac:DA:3E:20:B6:30:BA传感器0	0	-0.02	1.01	0.61	0.61	-0.24	-1.7	-0.41	94.94	相对角度姿态	-1.7	-0.41
Mac:DA:3E:20:B6:30:BA传感器0	0.03	-0.02	1.02	1.71	1.71	-0.85	-1.59	-0.46	94.9	相对角度姿态	-1.59	-0.46
Mac:DA:3E:20:B6:30:BA传感器0	0.04	-0.02	1.04	0.61	0.61	1.89	-1.54	-0.48	94.89	相对角度姿态	-1.54	-0.48
Mac:DA:3E:20:B6:30:BA传感器0	0.01	-0.02	1.03	-0.43	-0.43	2.5	-1.53	-0.53	95.2	相对角度姿态	-1.53	-0.53
Mac:DA:3E:20:B6:30:BA传感器0	-0.01	-0.04	1	1.04	1.04	0.61	-1.73	-0.3	95.37	相对角度姿态	-1.73	-0.3
Mac:DA:3E:20:B6:30:BA传感器0	0	-0.03	1.02	-0.61	-0.61	0.12	-1.77	-0.28	95.43	相对角度姿态	-1.77	-0.28
Mac:DA:3E:20:B6:30:BA传感器0	0.01	-0.03	0.99	-1.59	-1.59	-0.73	-1.89	-0.01	95.41	相对角度姿态	-1.89	-0.01
Mac:DA:3E:20:B6:30:BA传感器0	0.01	-0.03	1.02	0.67	0.67	1.04	-1.8	-0.06	95.5	相对角度姿态	-1.8	-0.06
Mac:DA:3E:20:B6:30:BA传感器0	0.01	-0.02	1.02	0.79	0.79	2.14	-1.7	-0.18	95.63	相对角度姿态	-1.7	-0.18
Mac:DA:3E:20:B6:30:BA传感器0	-0.01	-0.03	1.01	-0.12	-0.12	1.77	-1.69	-0.29	95.79	相对角度姿态	-1.69	-0.29
Mac:DA:3E:20:B6:30:BA传感器0	0.01	-0.03	1	-2.2	-2.2	-1.16	-1.83	-0.32	95.79	相对角度姿态	-1.83	-0.32
Mac:DA:3E:20:B6:30:BA传感器0	0.02	-0.04	1	-1.77	-1.77	-0.31	-1.96	-0.34	95.71	相对角度姿态	-1.96	-0.34
Mac:DA:3E:20:B6:30:BA传感器0	0.02	-0.04	0.98	0.55	0.55	1.4	-2.01	-0.26	95.74	相对角度姿态	-2.01	-0.26
Mac:DA:3E:20:B6:30:BA传感器0	0.01	-0.02	1.02	2.99	2.99	2.08	-1.76	-0.02	95.88	相对角度姿态	-1.76	-0.02
Mac:DA:3E:20:B6:30:BA传感器0	-0.02	-0.01	1.03	0.85	0.85	1.95	-1.49	0.15	96.13	相对角度姿态	-1.49	0.15
Mac:DA:3E:20:B6:30:BA传感器0	0.01	-0.03	1	-0.31	-0.31	-0.37	-1.52	0.3	96.08	相对角度姿态	-1.52	0.3
Mac:DA:3E:20:B6:30:BA传感器0	-0.01	-0.02	1.02	0	0	1.1	-1.4	0.44	96.16	相对角度姿态	-1.4	0.44
Mac:DA:3E:20:B6:30:BA传感器0	0.01	-0.03	0.99	1.83	1.83	0.92	-1.47	0.69	96.1	相对角度姿态	-1.47	0.69
Mac:DA:3E:20:B6:30:BA传感器0	-0.01	-0.01	1.02	-1.22	-1.22	1.77	-1.25	0.69	96.34	相对角度姿态	-1.25	0.69
Mac:DA:3E:20:B6:30:BA传感器0	0	-0.02	1.01	1.22	1.22	2.87	-1.29	0.79	96.55	相对角度姿态	-1.29	0.79
Mac:DA:3E:20:B6:30:BA传感器0	-0.03	-0.03	0.98	0.85	0.85	1.77	-1.27	0.95	96.77	相对角度姿态	-1.27	0.95
Mac:DA:3E:20:B6:30:BA传感器0	-0.02	-0.02	0.99	1.34	1.34	0.61	-1.18	1.1	96.81	相对角度姿态	-1.18	1.1
Mac:DA:3E:20:B6:30:BA传感器0	-0.01	-0.02	0.99	2.38	2.38	-0.06	-0.96	0.77	96.86	相对角度姿态	-0.96	0.77
Mac:DA:3E:20:B6:30:BA传感器0	0	0	1.06	1.65	1.65	1.4	-0.66	0.26	96.94	相对角度姿态	-0.66	0.26
Mac:DA:3E:20:B6:30:BA传感器0	0.03	-0.01	1.02	0.98	0.98	-3.3	-0.59	0.34	96.77	相对角度姿态	-0.59	0.34
Mac:DA:3E:20:B6:30:BA传感器0	0.02	-0.02	1	1.28	1.28	-0.24	-0.75	0.4	96.5	相对角度姿态	-0.75	0.4
Mac:DA:3E:20:B6:30:BA传感器0	-0.03	0	1.01	2.87	2.87	0.55	-0.61	0.46	96.54	相对角度姿态	-0.61	0.46
Mac:DA:3E:20:B6:30:BA传感器0	0.02	-0.03	0.98	6.71	6.71	-2.81	-0.5	0.49	96.29	相对角度姿态	-0.5	0.49
Mac:DA:3E:20:B6:30:BA传感器0	0.01	0	1	8.79	8.79	1.22	0.35	0.85	96.09	相对角度姿态	0.35	0.85
Mac:DA:3E:20:B6:30:BA传感器0	-0.02	0.02	0.98	8.79	8.79	2.44	1.46	1.29	96.16	相对角度姿态	1.46	1.29
Mac:DA:3E:20:B6:30:BA传感器0	-0.04	0.05	0.99	0	0	-0.85	2.01	1.43	96.15	相对角度姿态	2.01	1.43
Mac:DA:3E:20:B6:30:BA传感器0	-0.03	0.03	1	2.56	2.56	3.6	1.75	1.41	96.26	相对角度姿态	1.75	1.41
Mac:DA:3E:20:B6:30:BA传感器0	-0.02	0.03	0.99	-0.43	-0.43	0	1.73	1.41	96.35	相对角度姿态	1.73	1.41
Mac:DA:3E:20:B6:30:BA传感器0	0	0.03	0.99	1.89	1.89	0	1.74	1.38	96.32	相对角度姿态	1.74	1.38
Mac:DA:3E:20:B6:30:BA传感器0	-0.02	0.03	0.99	-2.14	-2.14	-1.1	1.85	1.37	96.29	相对角度姿态	1.85	1.37
Mac:DA:3E:20:B6:30:BA传感器0	0	0.02	0.99	0	0	0.31	1.88	1.3	96.34	相对角度姿态	1.88	1.3
Mac:DA:3E:20:B6:30:BA传感器0	-0.01	0.04	1	5.74	5.74	0.79	2.19	1.51	96.43	相对角度姿态	2.19	1.51
Mac:DA:3E:20:B6:30:BA传感器0	-0.06	0.07	1.03	8.73	8.73	-0.49	2.88	2.21	96.48	相对角度姿态	2.88	2.21
Mac:DA:3E:20:B6:30:BA传感器0	-0.02	0.1	1.17	3.6	3.6	0.67	3.58	1.81	96.56	相对角度姿态	3.58	1.81
Mac:DA:3E:20:B6:30:BA传感器0	-0.01	0.14	1.38	2.08	2.08	2.01	4.06	1.42	96.62	相对角度姿态	4.06	1.42
Mac:DA:3E:20:B6:30:BA传感器0	-0.1	0.25	1.33	-15.14	-15.14	-4.7	3.64	1.49	96.15	相对角度姿态	3.64	1.49
Mac:DA:3E:20:B6:30:BA传感器0	0.09	0.23	1.19	-16.3	-16.3	-9.28	2.27	2.79	95.56	相对角度姿态	2.27	2.79
Mac:DA:3E:20:B6:30:BA传感器0	-0.13	-0.09	0.52	-58.9	-58.9	-8.3	-2.57	7.1	96.34	相对角度姿态	-2.57	7.1
Mac:DA:3E:20:B6:30:BA传感器0	-0.17	-0.31	0.4	-49.99	-49.99	9.77	-9.5	10.29	96.68	相对角度姿态	-9.5	10.29
Mac:DA:3E:20:B6:30:BA传感器0	-0.02	-0.43	0.67	1.1	1.1	9.7	-12.97	9.81	96.8	相对角度姿态	-12.97	9.81
Mac:DA:3E:20:B6:30:BA传感器0	-0.03	-0.19	1.08	6.47	6.47	8.24	-11.7	8.15	98.04	相对角度姿态	-11.7	8.15
Mac:DA:3E:20:B6:30:BA传感器0	-0.19	-0.12	1.07	5	5	4.88	-11.17	7.92	99.03	相对角度姿态	-11.17	7.92
Mac:DA:3E:20:B6:30:BA传感器0	-0.21	-0.18	1.05	-0.85	-0.85	-3.6	-10.8	8.12	98.83	相对角度姿态	-10.8	8.12
Mac:DA:3E:20:B6:30:BA传感器0	-0.39	-0.23	0.88	-0.67	-0.67	-14.16	-10.9	8.42	98.18	相对角度姿态	-10.9	8.42
Mac:DA:3E:20:B6:30:BA传感器0	-0.47	-0.12	0.98	14.77	14.77	-33.08	-10.12	9.32	95.92	相对角度姿态	-10.12	9.32
Mac:DA:3E:20:B6:30:BA传感器0	-0.56	0.12	0.97	-0.31	-0.31	-42.05	-9.14	8.64	93.32	相对角度姿态	-9.14	8.64
Mac:DA:3E:20:B6:30:BA传感器0	-0.44	0.06	0.86	-22.4	-22.4	-101.26	-11.08	10.99	85.92	相对角度姿态	-11.08	10.99
Mac:DA:3E:20:B6:30:BA传感器0	0.3	-0.12	1.09	-18.31	-18.31	-55.11	-12.11	10.59	76.9	相对角度姿态	-12.11	10.59
Mac:DA:3E:20:B6:30:BA传感器0	0.43	-0.24	1.29	-7.32	-7.32	-16.17	-11.58	4.87	75.2	相对角度姿态	-11.58	4.87
Mac:DA:3E:20:B6:30:BA传感器0	0.17	-0.26	1.03	-12.15	-12.15	-9.4	-13.23	1.61	75.25	相对角度姿态	-13.23	1.61
Mac:DA:3E:20:B6:30:BA传感器0	-0.05	-0.25	1.08	-5.62	-5.62	2.93	-14.03	0.2	75.89	相对角度姿态	-14.03	0.2
Mac:DA:3E:20:B6:30:BA传感器0	-0.17	-0.25	0.97	-5.62	-5.62	-1.95	-14.58	0.87	76.2	相对角度姿态	-14.58	0.87
Mac:DA:3E:20:B6:30:BA传感器0	-0.07	-0.28	0.98	-7.57	-7.57	-8.3	-14.59	1.75	75.68	相对角度姿态	-14.59	1.75
Mac:DA:3E:20:B6:30:BA传感器0	-0.08	-0.34	0.78	-0.61	-0.61	-6.53	-15.68	2.51	75.64	相对角度姿态	-15.68	2.51
Mac:DA:3E:20:B6:30:BA传感器0	-0.21	-0.39	0.27	-2.2	-2.2	-14.1	-18.46	3.44	75.78	相对角度姿态	-18.46	3.44
Mac:DA:3E:20:B6:30:BA传感器0	-0.06	-0.12	0.45	70.5	70.5	2.56	-16.84	3.74	75.72	相对角度姿态	-16.84	3.74
Mac:DA:3E:20:B6:30:BA传感器0	-0.1	0.21	1.61	96.8	96.8	7.08	-6.38	1.8	77.39	相对角度姿态	-6.38	1.8
Mac:DA:3E:20:B6:30:BA传感器0	-0.01	0.14	2.02	20.63	20.63	-9.4	0.05	-2.51	76.69	相对角度姿态	0.05	-2.51
Mac:DA:3E:20:B6:30:BA传感器0	-0.06	0	1.2	-19.17	-19.17	-2.56	-0.43	-3.64	76.6	相对角度姿态	-0.43	-3.64
Mac:DA:3E:20:B6:30:BA传感器0	0.02	-0.05	0.93	-3.36	-3.36	1.59	-3.53	-4.47	76.59	相对角度姿态	-3.53	-4.47
Mac:DA:3E:20:B6:30:BA传感器0	0.02	-0.05	0.93	-3.36	-3.36	1.59	-3.53	-4.47	76.59	相对角度姿态	-3.53	-4.47
Mac:DA:3E:20:B6:30:BA传感器0	0.09	-0.03	0.88	3.17	3.17	-14.22	-3.36	-4.11	76.33	相对角度姿态	-3.36	-4.11
Mac:DA:3E:20:B6:30:BA传感器0	0.52	-0.04	1.06	20.39	20.39	12.15	-1.88	-5.64	76.45	相对角度姿态	-1.88	-5.64
Mac:DA:3E:20:B6:30:BA传感器0	0.63	0.13	1.06	-1.95	-1.95	63.29	-1.19	-6.08	80.96	相对角度姿态	-1.19	-6.08
Mac:DA:3E:20:B6:30:BA传感器0	0.37	0.2	1.01	-31.07	-31.07	59.2	-2.62	-5.01	88.18	相对角度姿态	-2.62	-5.01
Mac:DA:3E:20:B6:30:BA传感器0	-0.48	0.25	0.82	-3.3	-3.3	98.21	-4	-1.18	96.33	相对角度姿态	-4	-1.18
Mac:DA:3E:20:B6:30:BA传感器0	-0.88	0.05	0.92	19.29	19.29	44.13	-2.1	4.81	102.93	相对角度姿态	-2.1	4.81
Mac:DA:3E:20:B6:30:BA传感器0	-0.44	-0.11	1.02	22.16	22.16	-0.98	-0.61	8.16	104.47	相对角度姿态	-0.61	8.16
Mac:DA:3E:20:B6:30:BA传感器0	-0.05	-0.03	1.08	3.66	3.66	7.2	0.19	9.5	104	相对角度姿态	0.19	9.5
Mac:DA:3E:20:B6:30:BA传感器0	-0.13	0.07	0.99	6.04	6.04	2.14	0.71	10.75	104.21	相对角度姿态	0.71	10.75
Mac:DA:3E:20:B6:30:BA传感器0	-0.1	0.07	1.02	2.81	2.81	-4.58	1.19	10.52	103.68	相对角度姿态	1.19	10.52
Mac:DA:3E:20:B6:30:BA传感器0	-0.02	-0.01	0.97	9.34	9.34	-0.24	1.13	10.34	103.01	相对角度姿态	1.13	10.34
Mac:DA:3E:20:B6:30:BA传感器0	-0.12	0.02	0.95	-1.46	-1.46	3.17	1.79	11.79	102.77	相对角度姿态	1.79	11.79
Mac:DA:3E:20:B6:30:BA传感器0	-0.16	0.05	1.03	7.32	7.32	4.94	2.51	12.43	102.82	相对角度姿态	2.51	12.43
Mac:DA:3E:20:B6:30:BA传感器0	-0.2	0.06	0.98	5.98	5.98	7.57	3.05	13.35	102.94	相对角度姿态	3.05	13.35
Mac:DA:3E:20:B6:30:BA传感器0	-0.15	0.05	0.95	4.27	4.27	7.45	3.18	12.6	103.28	相对角度姿态	3.18	12.6
Mac:DA:3E:20:B6:30:BA传感器0	-0.19	0.06	0.97	0	0	2.01	3.65	12.45	103.43	相对角度姿态	3.65	12.45
Mac:DA:3E:20:B6:30:BA传感器0	-0.18	0.07	0.99	0.06	0.06	1.22	3.89	12.08	103.22	相对角度姿态	3.89	12.08
Mac:DA:3E:20:B6:30:BA传感器0	-0.17	0.07	0.94	-1.4	-1.4	-2.14	3.88	11.69	102.86	相对角度姿态	3.88	11.69
Mac:DA:3E:20:B6:30:BA传感器0	-0.13	0.08	0.98	1.77	1.77	-1.46	4.08	11.1	102.3	相对角度姿态	4.08	11.1
Mac:DA:3E:20:B6:30:BA传感器0	-0.11	0.08	1	-0.24	-0.24	-1.16	4.16	10.82	101.87	相对角度姿态	4.16	10.82
Mac:DA:3E:20:B6:30:BA传感器0	-0.15	0.08	0.96	4.46	4.46	2.5	4.15	10.46	101.63	相对角度姿态	4.15	10.46
Mac:DA:3E:20:B6:30:BA传感器0	-0.16	0.05	0.93	-1.4	-1.4	-2.62	4.13	10.25	101.28	相对角度姿态	4.13	10.25
Mac:DA:3E:20:B6:30:BA传感器0	-0.15	0.07	0.96	6.16	6.16	0.31	4.4	9.89	100.95	相对角度姿态	4.4	9.89
Mac:DA:3E:20:B6:30:BA传感器0	-0.12	0.09	0.97	2.38	2.38	-2.87	4.8	9.83	100.38	相对角度姿态	4.8	9.83
Mac:DA:3E:20:B6:30:BA传感器0	-0.14	0.07	0.95	-1.46	-1.46	-2.75	4.73	9.93	99.92	相对角度姿态	4.73	9.93
Mac:DA:3E:20:B6:30:BA传感器0	-0.16	0.07	0.95	-3.91	-3.91	-4.33	4.7	10.04	99.4	相对角度姿态	4.7	10.04
Mac:DA:3E:20:B6:30:BA传感器0	-0.13	0.08	0.95	-0.55	-0.55	-1.1	4.63	9.87	99.01	相对角度姿态	4.63	9.87
Mac:DA:3E:20:B6:30:BA传感器0	-0.14	0.07	0.96	0.18	0.18	0.37	4.58	9.63	98.76	相对角度姿态	4.58	9.63
Mac:DA:3E:20:B6:30:BA传感器0	-0.13	0.07	0.96	0.73	0.73	1.53	4.74	9.48	98.66	相对角度姿态	4.74	9.48
Mac:DA:3E:20:B6:30:BA传感器0	-0.13	0.09	0.97	0.24	0.24	1.71	5.06	9.23	98.76	相对角度姿态	5.06	9.23
Mac:DA:3E:20:B6:30:BA传感器0	-0.15	0.11	0.97	6.84	6.84	-3.23	5.38	9.34	98.65	相对角度姿态	5.38	9.34
Mac:DA:3E:20:B6:30:BA传感器0	-0.15	0.09	0.96	3.66	3.66	1.1	5.59	9.35	98.39	相对角度姿态	5.59	9.35
Mac:DA:3E:20:B6:30:BA传感器0	-0.13	0.08	0.93	2.26	2.26	-0.43	5.86	9.33	98.29	相对角度姿态	5.86	9.33
Mac:DA:3E:20:B6:30:BA传感器0	-0.16	0.15	1.05	4.15	4.15	0.98	6.71	9.18	98.33	相对角度姿态	6.71	9.18
Mac:DA:3E:20:B6:30:BA传感器0	-0.18	0.23	1.31	13.31	13.31	3.97	7.28	8.42	98.38	相对角度姿态	7.28	8.42
Mac:DA:3E:20:B6:30:BA传感器0	-0.2	0.24	1.42	-7.26	-7.26	12.7	6.99	7.5	98.68	相对角度姿态	6.99	7.5
Mac:DA:3E:20:B6:30:BA传感器0	-0.17	0.34	1.39	-46.88	-46.88	-6.77	5	8.07	98.83	相对角度姿态	5	8.07
Mac:DA:3E:20:B6:30:BA传感器0	-0.16	0.24	0.85	-60.24	-60.24	9.83	0.87	10.01	99.09	相对角度姿态	0.87	10.01
Mac:DA:3E:20:B6:30:BA传感器0	0.03	-0.09	0.39	-48.03	-48.03	-54.81	-3.96	14.6	95.5	相对角度姿态	-3.96	14.6
Mac:DA:3E:20:B6:30:BA传感器0	-0.02	-0.48	0.48	-9.58	-9.58	7.63	-13.08	13.97	94.98	相对角度姿态	-13.08	13.97
Mac:DA:3E:20:B6:30:BA传感器0	0.01	-0.31	1.02	16.66	16.66	8.54	-14.52	11.62	95.86	相对角度姿态	-14.52	11.62
Mac:DA:3E:20:B6:30:BA传感器0	-0.2	-0.21	0.96	-1.1	-1.1	10.07	-14.1	10.63	97.2	相对角度姿态	-14.1	10.63
Mac:DA:3E:20:B6:30:BA传感器0	-0.28	-0.21	1	-8.3	-8.3	12.82	-13.45	10.96	98.55	相对角度姿态	-13.45	10.96
Mac:DA:3E:20:B6:30:BA传感器0	-0.35	-0.18	1	-7.69	-7.69	7.26	-13.04	11.17	99.34	相对角度姿态	-13.04	11.17
Mac:DA:3E:20:B6:30:BA传感器0	-0.48	-0.19	0.88	-8.54	-8.54	-3.66	-12.98	12.51	99.12	相对角度姿态	-12.98	12.51
Mac:DA:3E:20:B6:30:BA传感器0	-0.66	-0.01	1.06	-16.48	-16.48	6.65	-13.01	12.76	99.82	相对角度姿态	-13.01	12.76
Mac:DA:3E:20:B6:30:BA传感器0	-0.79	0.05	0.79	10.8	10.8	-77.51	-14.46	11.9	96.09	相对角度姿态	-14.46	11.9
Mac:DA:3E:20:B6:30:BA传感器0	0.06	0.01	0.94	-0.98	-0.98	-144.29	-14.52	9.32	84.85	相对角度姿态	-14.52	9.32
Mac:DA:3E:20:B6:30:BA传感器0	0.58	-0.35	1.13	35.4	35.4	-46.14	-13.76	3.69	77.13	相对角度姿态	-13.76	3.69
Mac:DA:3E:20:B6:30:BA传感器0	0.53	-0.38	1.17	-19.04	-19.04	-16.72	-13.57	1.21	74.84	相对角度姿态	-13.57	1.21
Mac:DA:3E:20:B6:30:BA传感器0	0.07	-0.27	1.08	-24.96	-24.96	-13.06	-15.28	0.1	75.3	相对角度姿态	-15.28	0.1
Mac:DA:3E:20:B6:30:BA传感器0	-0.13	-0.3	1.06	1.16	1.16	-2.32	-16.57	0.11	75.7	相对角度姿态	-16.57	0.11
Mac:DA:3E:20:B6:30:BA传感器0	-0.09	-0.4	0.84	-3.05	-3.05	-9.4	-17.48	0.82	75.17	相对角度姿态	-17.48	0.82
Mac:DA:3E:20:B6:30:BA传感器0	-0.01	-0.36	0.73	-3.85	-3.85	0.24	-17.72	1.57	75.57	相对角度姿态	-17.72	1.57
Mac:DA:3E:20:B6:30:BA传感器0	-0.16	-0.33	0.52	28.93	28.93	-3.66	-18.76	2.47	77.22	相对角度姿态	-18.76	2.47
Mac:DA:3E:20:B6:30:BA传感器0	-0.07	-0.3	0.32	70.07	70.07	-20.57	-14.72	6.21	75.72	相对角度姿态	-14.72	6.21
Mac:DA:3E:20:B6:30:BA传感器0	-0.35	0.26	1.19	83.86	83.86	2.2	-4.99	4.48	76.37	相对角度姿态	-4.99	4.48
Mac:DA:3E:20:B6:30:BA传感器0	-0.1	0.34	2.21	9.58	9.58	-24.48	0.76	-4.7	76.96	相对角度姿态	0.76	-4.7
Mac:DA:3E:20:B6:30:BA传感器0	-0.06	0.08	1.32	-5.8	-5.8	-7.32	-0.26	-5.66	75.64	相对角度姿态	-0.26	-5.66
Mac:DA:3E:20:B6:30:BA传感器0	0.1	-0.14	0.86	-9.46	-9.46	-16.3	-2.44	-5.32	74.64	相对角度姿态	-2.44	-5.32
Mac:DA:3E:20:B6:30:BA传感器0	0.21	-0.13	0.94	-0.06	-0.06	-3.11	-3.16	-5.71	74.3	相对角度姿态	-3.16	-5.71
Mac:DA:3E:20:B6:30:BA传感器0	0.32	-0.01	1.05	1.22	1.22	0.18	-2.24	-4.98	75	相对角度姿态	-2.24	-4.98
Mac:DA:3E:20:B6:30:BA传感器0	0.47	0.01	0.94	20.87	20.87	43.95	-1.51	-3.12	77.44	相对角度姿态	-1.51	-3.12
Mac:DA:3E:20:B6:30:BA传感器0	0.58	0.06	0.99	-6.53	-6.53	105.29	-1.64	-1.7	84.64	相对角度姿态	-1.64	-1.7
Mac:DA:3E:20:B6:30:BA传感器0	0.02	0.44	0.95	-23.68	-23.68	126.46	-0.99	0.65	95.81	相对角度姿态	-0.99	0.65
Mac:DA:3E:20:B6:30:BA传感器0	-1.28	0.33	1.01	29.85	29.85	114.62	0.91	4.93	104.99	相对角度姿态	0.91	4.93
Mac:DA:3E:20:B6:30:BA传感器0	-0.73	-0.06	0.94	-3.91	-3.91	-15.81	3.54	7.63	107.41	相对角度姿态	3.54	7.63
Mac:DA:3E:20:B6:30:BA传感器0	-0.1	0.01	0.98	9.09	9.09	10.19	3.58	7.79	105.98	相对角度姿态	3.58	7.79
Mac:DA:3E:20:B6:30:BA传感器0	-0.08	0.11	0.97	10.25	10.25	16.91	4.21	7.61	106.46	相对角度姿态	4.21	7.61
Mac:DA:3E:20:B6:30:BA传感器0	-0.11	0.13	1	0.43	0.43	5.43	4.97	8.3	106.55	相对角度姿态	4.97	8.3
Mac:DA:3E:20:B6:30:BA传感器0	-0.08	0.04	0.96	-4.52	-4.52	0.18	4.88	8.56	106.23	相对角度姿态	4.88	8.56
Mac:DA:3E:20:B6:30:BA传感器0	-0.11	0.04	0.95	4.82	4.82	5.62	4.95	9.04	106.52	相对角度姿态	4.95	9.04
Mac:DA:3E:20:B6:30:BA传感器0	-0.11	0.09	0.96	-2.69	-2.69	-0.79	5.27	8.94	106.4	相对角度姿态	5.27	8.94
Mac:DA:3E:20:B6:30:BA传感器0	-0.05	0.09	0.96	-0.85	-0.85	-4.03	5.18	8.13	105.63	相对角度姿态	5.18	8.13
Mac:DA:3E:20:B6:30:BA传感器0	-0.09	0.1	0.98	1.22	1.22	-0.67	5.17	7.74	105.07	相对角度姿态	5.17	7.74
Mac:DA:3E:20:B6:30:BA传感器0	-0.07	0.07	0.96	-2.62	-2.62	-2.26	4.81	6.87	104.62	相对角度姿态	4.81	6.87
Mac:DA:3E:20:B6:30:BA传感器0	-0.1	0.09	0.98	-0.43	-0.43	0	4.84	6.5	104.06	相对角度姿态	4.84	6.5
Mac:DA:3E:20:B6:30:BA传感器0	-0.06	0.06	0.97	0.24	0.24	-3.05	4.52	5.73	103.42	相对角度姿态	4.52	5.73
Mac:DA:3E:20:B6:30:BA传感器0	-0.04	0.07	0.97	0.18	0.18	0.18	4.5	5.45	102.97	相对角度姿态	4.5	5.45
Mac:DA:3E:20:B6:30:BA传感器0	-0.05	0.08	0.97	0.18	0.18	0.37	4.55	4.92	102.67	相对角度姿态	4.55	4.92
Mac:DA:3E:20:B6:30:BA传感器0	-0.06	0.08	0.98	0.12	0.12	0.49	4.76	4.63	102.34	相对角度姿态	4.76	4.63
Mac:DA:3E:20:B6:30:BA传感器0	-0.06	0.08	0.99	2.75	2.75	0.31	4.8	4.52	102.13	相对角度姿态	4.8	4.52
Mac:DA:3E:20:B6:30:BA传感器0	-0.04	0.07	0.97	7.08	7.08	-4.58	4.92	4.86	101.86	相对角度姿态	4.92	4.86
Mac:DA:3E:20:B6:30:BA传感器0	0	0.04	0.95	3.91	3.91	0	4.5	4.67	101.71	相对角度姿态	4.5	4.67
Mac:DA:3E:20:B6:30:BA传感器0	-0.05	0.08	0.98	-2.81	-2.81	-1.53	4.91	5	101.73	相对角度姿态	4.91	5
Mac:DA:3E:20:B6:30:BA传感器0	-0.06	0.09	0.97	-2.2	-2.2	-0.49	5.28	5.23	101.36	相对角度姿态	5.28	5.23
Mac:DA:3E:20:B6:30:BA传感器0	-0.06	0.12	1.02	6.35	6.35	2.87	5.7	4.61	101.27	相对角度姿态	5.7	4.61
Mac:DA:3E:20:B6:30:BA传感器0	-0.08	0.12	0.97	12.02	12.02	-8.73	5.96	4.11	101.17	相对角度姿态	5.96	4.11
Mac:DA:3E:20:B6:30:BA传感器0	-0.08	0.06	1.05	10.5	10.5	-2.38	6.52	3.73	100.21	相对角度姿态	6.52	3.73
Mac:DA:3E:20:B6:30:BA传感器0	-0.14	0.16	1.24	9.4	9.4	2.62	7.23	4.45	100.05	相对角度姿态	7.23	4.45
Mac:DA:3E:20:B6:30:BA传感器0	-0.26	0.18	1.26	-29.36	-29.36	-5.37	6.06	5.22	99.77	相对角度姿态	6.06	5.22
Mac:DA:3E:20:B6:30:BA传感器0	-0.36	0.33	1.32	-55.05	-55.05	-5.92	3.51	4.38	99.04	相对角度姿态	3.51	4.38
Mac:DA:3E:20:B6:30:BA传感器0	-0.31	0.36	1.18	-92.29	-92.29	-54.38	-2.29	6.03	95.48	相对角度姿态	-2.29	6.03
Mac:DA:3E:20:B6:30:BA传感器0	0.1	-0.27	0.14	-62.93	-62.93	-119.38	-11.77	11.38	85.25	相对角度姿态	-11.77	11.38
Mac:DA:3E:20:B6:30:BA传感器0	0.48	-0.47	0.64	-17.46	-17.46	-9.46	-18.08	6.91	80.85	相对角度姿态	-18.08	6.91
Mac:DA:3E:20:B6:30:BA传感器0	0.24	-0.45	0.85	-6.65	-6.65	5.98	-20.32	3.37	81.32	相对角度姿态	-20.32	3.37
Mac:DA:3E:20:B6:30:BA传感器0	-0.05	-0.33	1.14	2.26	2.26	7.93	-20.28	1.26	83.63	相对角度姿态	-20.28	1.26
Mac:DA:3E:20:B6:30:BA传感器0	-0.07	-0.4	0.98	4.52	4.52	-2.93	-20.84	0.64	84.54	相对角度姿态	-20.84	0.64
Mac:DA:3E:20:B6:30:BA传感器0	-0.14	-0.34	0.96	1.16	1.16	-1.04	-20.69	0.86	85.71	相对角度姿态	-20.69	0.86
Mac:DA:3E:20:B6:30:BA传感器0	-0.2	-0.35	0.93	12.57	12.57	0.85	-20.62	1.26	86.37	相对角度姿态	-20.62	1.26
Mac:DA:3E:20:B6:30:BA传感器0	-0.3	-0.36	0.72	24.78	24.78	-11.11	-19.57	2.62	85.35	相对角度姿态	-19.57	2.62
Mac:DA:3E:20:B6:30:BA传感器0	-0.25	-0.37	0.53	28.87	28.87	-42.48	-17.73	5.31	82.64	相对角度姿态	-17.73	5.31
Mac:DA:3E:20:B6:30:BA传感器0	-0.21	-0.09	0.46	66.96	66.96	-20.81	-13.74	7.49	79.16	相对角度姿态	-13.74	7.49
Mac:DA:3E:20:B6:30:BA传感器0	0.03	0.26	0.99	76.9	76.9	-41.99	-4.45	5.62	74.47	相对角度姿态	-4.45	5.62
Mac:DA:3E:20:B6:30:BA传感器0	0.16	0.34	1.88	56.4	56.4	-40.16	5.58	1.81	70.97	相对角度姿态	5.58	1.81
Mac:DA:3E:20:B6:30:BA传感器0	0.09	0.21	1.42	15.44	15.44	-39.67	8.65	0.67	68.16	相对角度姿态	8.65	0.67
Mac:DA:3E:20:B6:30:BA传感器0	-0.01	0.15	1.1	-17.09	-17.09	-20.08	8.87	-0.31	66.4	相对角度姿态	8.87	-0.31
Mac:DA:3E:20:B6:30:BA传感器0	-0.03	0.07	0.91	-10.74	-10.74	-13.43	7.2	-0.37	65.82	相对角度姿态	7.2	-0.37
Mac:DA:3E:20:B6:30:BA传感器0	0.07	0.05	0.94	-8.48	-8.48	-5.19	6.25	-0.03	65.3	相对角度姿态	6.25	-0.03
Mac:DA:3E:20:B6:30:BA传感器0	0.21	0.1	1.02	-2.5	-2.5	25.09	5.69	-1.4	66.91	相对角度姿态	5.69	-1.4
Mac:DA:3E:20:B6:30:BA传感器0	0.4	0.22	1.05	-38.94	-38.94	23.99	4.82	-2.44	69.75	相对角度姿态	4.82	-2.44
Mac:DA:3E:20:B6:30:BA传感器0	0.47	0.34	0.92	-3.6	-3.6	85.82	3.67	-2.75	75.77	相对角度姿态	3.67	-2.75
Mac:DA:3E:20:B6:30:BA传感器0	-0.2	0.45	0.85	0.73	0.73	146.91	3.83	-0.44	87.6	相对角度姿态	3.83	-0.44
Mac:DA:3E:20:B6:30:BA传感器0	-1.02	0.1	1	-3.66	-3.66	94.67	5.41	5.28	97.38	相对角度姿态	5.41	5.28
Mac:DA:3E:20:B6:30:BA传感器0	-0.47	-0.09	0.89	2.62	2.62	41.75	5.88	9.54	103.06	相对角度姿态	5.88	9.54
Mac:DA:3E:20:B6:30:BA传感器0	-0.25	0.09	0.94	-3.05	-3.05	17.15	6.95	10.66	105.28	相对角度姿态	6.95	10.66
Mac:DA:3E:20:B6:30:BA传感器0	-0.18	0.1	0.95	3.6	3.6	3.42	6.59	12.65	105.21	相对角度姿态	6.59	12.65
Mac:DA:3E:20:B6:30:BA传感器0	-0.18	0.1	0.95	3.6	3.6	3.42	6.59	12.65	105.21	相对角度姿态	6.59	12.65
Mac:DA:3E:20:B6:30:BA传感器0	-0.11	0.09	0.98	-4.46	-4.46	0.24	6.76	12.02	104.75	相对角度姿态	6.76	12.02
Mac:DA:3E:20:B6:30:BA传感器0	-0.15	0.11	1	3.91	3.91	2.38	6.92	11.99	104.29	相对角度姿态	6.92	11.99
Mac:DA:3E:20:B6:30:BA传感器0	-0.17	0.09	0.9	-1.04	-1.04	-5.13	6.69	12.03	103.78	相对角度姿态	6.69	12.03
Mac:DA:3E:20:B6:30:BA传感器0	-0.14	0.12	0.97	0.06	0.06	-3.6	6.85	11.29	103.07	相对角度姿态	6.85	11.29
Mac:DA:3E:20:B6:30:BA传感器0	-0.15	0.1	0.95	3.85	3.85	-1.1	6.78	11.1	102.52	相对角度姿态	6.78	11.1
Mac:DA:3E:20:B6:30:BA传感器0	-0.15	0.11	0.96	3.17	3.17	0	6.9	10.94	102.17	相对角度姿态	6.9	10.94
Mac:DA:3E:20:B6:30:BA传感器0	-0.15	0.11	0.95	-0.85	-0.85	1.1	7	10.72	101.96	相对角度姿态	7	10.72
Mac:DA:3E:20:B6:30:BA传感器0	-0.14	0.12	0.96	0.43	0.43	1.4	7.09	10.28	101.82	相对角度姿态	7.09	10.28
Mac:DA:3E:20:B6:30:BA传感器0	-0.13	0.12	0.95	4.03	4.03	-1.4	7.29	10.2	101.48	相对角度姿态	7.29	10.2
Mac:DA:3E:20:B6:30:BA传感器0	-0.12	0.11	0.94	0.98	0.98	0.55	7.31	10.1	101.02	相对角度姿态	7.31	10.1
Mac:DA:3E:20:B6:30:BA传感器0	-0.12	0.11	0.95	0.18	0.18	0.79	7.37	10.03	100.76	相对角度姿态	7.37	10.03
Mac:DA:3E:20:B6:30:BA传感器0	-0.15	0.11	0.94	0.12	0.12	1.46	7.42	10.08	100.69	相对角度姿态	7.42	10.08
Mac:DA:3E:20:B6:30:BA传感器0	-0.15	0.13	0.95	0.24	0.24	0.12	7.51	10.12	100.55	相对角度姿态	7.51	10.12
Mac:DA:3E:20:B6:30:BA传感器0	-0.16	0.12	0.95	1.71	1.71	-1.04	7.5	10.16	100.29	相对角度姿态	7.5	10.16
Mac:DA:3E:20:B6:30:BA传感器0	-0.16	0.12	0.93	3.23	3.23	-2.38	7.64	10.15	99.9	相对角度姿态	7.64	10.15
Mac:DA:3E:20:B6:30:BA传感器0	-0.14	0.14	0.97	1.34	1.34	-0.24	7.99	9.94	99.65	相对角度姿态	7.99	9.94
Mac:DA:3E:20:B6:30:BA传感器0	-0.16	0.14	0.94	1.65	1.65	0	8.09	10.01	99.53	相对角度姿态	8.09	10.01
Mac:DA:3E:20:B6:30:BA传感器0	-0.15	0.13	0.92	1.53	1.53	0.06	8.16	9.88	99.34	相对角度姿态	8.16	9.88
Mac:DA:3E:20:B6:30:BA传感器0	-0.14	0.15	0.96	0.73	0.73	0.49	8.61	9.64	99.27	相对角度姿态	8.61	9.64
Mac:DA:3E:20:B6:30:BA传感器0	-0.15	0.15	0.95	4.64	4.64	1.1	8.85	9.6	99.19	相对角度姿态	8.85	9.6
Mac:DA:3E:20:B6:30:BA传感器0	-0.14	0.15	0.95	2.93	2.93	1.4	8.94	9.5	99.06	相对角度姿态	8.94	9.5
Mac:DA:3E:20:B6:30:BA传感器0	-0.15	0.14	0.93	0.79	0.79	0.24	8.93	9.55	98.9	相对角度姿态	8.93	9.55
Mac:DA:3E:20:B6:30:BA传感器0	-0.12	0.15	0.94	1.34	1.34	-0.24	9.03	9.39	98.77	相对角度姿态	9.03	9.39
Mac:DA:3E:20:B6:30:BA传感器0	-0.15	0.15	0.94	1.77	1.77	0.37	9.15	9.38	98.7	相对角度姿态	9.15	9.38
Mac:DA:3E:20:B6:30:BA传感器0	-0.15	0.14	0.93	1.65	1.65	-0.73	9.25	9.48	98.6	相对角度姿态	9.25	9.48
Mac:DA:3E:20:B6:30:BA传感器0	-0.14	0.16	0.95	-0.31	-0.31	0.24	9.33	9.38	98.49	相对角度姿态	9.33	9.38
Mac:DA:3E:20:B6:30:BA传感器0	-0.16	0.16	0.96	0.55	0.55	0.37	9.42	9.37	98.44	相对角度姿态	9.42	9.37
Mac:DA:3E:20:B6:30:BA传感器0	-0.12	0.2	1.1	6.77	6.77	4.09	9.9	9.12	98.51	相对角度姿态	9.9	9.12
Mac:DA:3E:20:B6:30:BA传感器0	-0.14	0.21	1.17	14.77	14.77	11.47	10.65	8.46	99.09	相对角度姿态	10.65	8.46
Mac:DA:3E:20:B6:30:BA传感器0	-0.22	0.5	1.52	21.67	21.67	4.21	14.03	8.32	100.18	相对角度姿态	14.03	8.32
Mac:DA:3E:20:B6:30:BA传感器0	-0.33	0.53	1.25	-41.2	-41.2	15.26	12.64	8.27	100.47	相对角度姿态	12.64	8.27
Mac:DA:3E:20:B6:30:BA传感器0	-0.1	0.66	1.03	-105.9	-105.9	-36.87	6.75	7.9	100.78	相对角度姿态	6.75	7.9
Mac:DA:3E:20:B6:30:BA传感器0	0.07	-0.46	-0.2	-110.84	-110.84	-13.12	-9.03	14.27	95.59	相对角度姿态	-9.03	14.27
Mac:DA:3E:20:B6:30:BA传感器0	0.02	-0.42	0.56	-11.84	-11.84	-12.21	-16.48	13.03	97.29	相对角度姿态	-16.48	13.03
Mac:DA:3E:20:B6:30:BA传感器0	-0.11	-0.3	0.93	22.34	22.34	12.39	-16.85	12.61	97.5	相对角度姿态	-16.85	12.61
Mac:DA:3E:20:B6:30:BA传感器0	-0.25	-0.14	1.08	10.25	10.25	13.61	-15.21	12.47	99.7	相对角度姿态	-15.21	12.47
Mac:DA:3E:20:B6:30:BA传感器0	-0.3	-0.17	1.04	-1.77	-1.77	-0.55	-14.86	12.42	100.44	相对角度姿态	-14.86	12.42
Mac:DA:3E:20:B6:30:BA传感器0	-0.41	-0.22	0.91	-7.45	-7.45	7.69	-14.99	11.62	101.71	相对角度姿态	-14.99	11.62
Mac:DA:3E:20:B6:30:BA传感器0	-0.51	-0.1	1	17.58	17.58	-6.23	-13.83	11.79	101.17	相对角度姿态	-13.83	11.79
Mac:DA:3E:20:B6:30:BA传感器0	-0.82	0.07	0.95	-6.65	-6.65	-38.02	-13.08	11.8	99.3	相对角度姿态	-13.08	11.8
Mac:DA:3E:20:B6:30:BA传感器0	-0.58	0.18	0.77	20.08	20.08	-184.57	-13.91	12.03	87.67	相对角度姿态	-13.91	12.03
Mac:DA:3E:20:B6:30:BA传感器0	0.53	-0.04	1.16	54.93	54.93	-167.6	-12.33	12.28	66.74	相对角度姿态	-12.33	12.28
Mac:DA:3E:20:B6:30:BA传感器0	0.32	-0.23	1.03	-35.71	-35.71	-11.66	-12.64	4.43	63.07	相对角度姿态	-12.64	4.43
Mac:DA:3E:20:B6:30:BA传感器0	0.21	-0.38	0.98	-17.33	-17.33	-7.32	-14.83	-0.81	64.2	相对角度姿态	-14.83	-0.81
Mac:DA:3E:20:B6:30:BA传感器0	-0.13	-0.34	1.05	-18.49	-18.49	-11.11	-15.25	-2.42	65.89	相对角度姿态	-15.25	-2.42
Mac:DA:3E:20:B6:30:BA传感器0	-0.12	-0.26	1.09	0.98	0.98	-7.63	-15.24	-2.72	66.25	相对角度姿态	-15.24	-2.72
Mac:DA:3E:20:B6:30:BA传感器0	-0.03	-0.36	1	3.85	3.85	-11.66	-15.4	-2.77	66.22	相对角度姿态	-15.4	-2.77
Mac:DA:3E:20:B6:30:BA传感器0	-0.04	-0.35	0.99	-3.6	-3.6	1.16	-15.53	-2.93	66.8	相对角度姿态	-15.53	-2.93
Mac:DA:3E:20:B6:30:BA传感器0	-0.04	-0.34	0.93	-1.4	-1.4	3.72	-15.72	-2.59	67.92	相对角度姿态	-15.72	-2.59
Mac:DA:3E:20:B6:30:BA传感器0	-0.03	-0.34	0.88	11.35	11.35	1.71	-15.2	-1.75	68.69	相对角度姿态	-15.2	-1.75
Mac:DA:3E:20:B6:30:BA传感器0	0.27	-0.34	0.85	9.52	9.52	15.26	-14.62	-1.8	70.12	相对角度姿态	-14.62	-1.8
Mac:DA:3E:20:B6:30:BA传感器0	0.42	-0.24	0.71	21.3	21.3	42.66	-12.72	-1.09	72.88	相对角度姿态	-12.72	-1.09
Mac:DA:3E:20:B6:30:BA传感器0	0.55	-0.07	0.7	49.62	49.62	75.68	-9.32	0.53	79	相对角度姿态	-9.32	0.53
Mac:DA:3E:20:B6:30:BA传感器0	-0.04	0.4	0.65	55.11	55.11	141.3	-2.39	5.13	89.87	相对角度姿态	-2.39	5.13
Mac:DA:3E:20:B6:30:BA传感器0	-0.8	0.78	1.53	56.88	56.88	118.71	6.95	6.26	102.95	相对角度姿态	6.95	6.26
Mac:DA:3E:20:B6:30:BA传感器0	-0.96	0.37	1.01	5.98	5.98	33.69	10.45	11.2	109.26	相对角度姿态	10.45	11.2
Mac:DA:3E:20:B6:30:BA传感器0	-0.57	0.28	1.11	-3.78	-3.78	0.12	12.2	13.51	110	相对角度姿态	12.2	13.51
Mac:DA:3E:20:B6:30:BA传感器0	-0.26	0.21	0.97	-6.29	-6.29	-5.68	11.16	13.95	108.56	相对角度姿态	11.16	13.95
Mac:DA:3E:20:B6:30:BA传感器0	-0.21	0.14	0.93	-6.53	-6.53	-4.76	10.05	14.18	107.28	相对角度姿态	10.05	14.18
Mac:DA:3E:20:B6:30:BA传感器0	-0.13	0.14	0.95	-3.66	-3.66	-3.48	9.14	12.78	106.13	相对角度姿态	9.14	12.78
Mac:DA:3E:20:B6:30:BA传感器0	-0.17	0.15	0.93	-4.39	-4.39	-7.51	8.69	12.51	105.17	相对角度姿态	8.69	12.51
Mac:DA:3E:20:B6:30:BA传感器0	-0.19	0.12	0.94	3.72	3.72	-9.4	8.32	12.57	103.95	相对角度姿态	8.32	12.57
Mac:DA:3E:20:B6:30:BA传感器0	-0.2	0.13	0.97	2.99	2.99	-1.28	8.33	12.61	103.21	相对角度姿态	8.33	12.61
Mac:DA:3E:20:B6:30:BA传感器0	-0.2	0.13	0.91	0.92	0.92	4.94	8.33	12.76	103.12	相对角度姿态	8.33	12.76
Mac:DA:3E:20:B6:30:BA传感器0	-0.25	0.12	0.89	0.73	0.73	2.14	8.43	13.03	103.23	相对角度姿态	8.43	13.03
Mac:DA:3E:20:B6:30:BA传感器0	-0.22	0.12	0.91	0	0	1.04	8.6	12.88	103.08	相对角度姿态	8.6	12.88
Mac:DA:3E:20:B6:30:BA传感器0	-0.22	0.14	0.93	1.46	1.46	0.37	8.84	12.73	102.95	相对角度姿态	8.84	12.73
Mac:DA:3E:20:B6:30:BA传感器0	-0.22	0.16	0.94	2.14	2.14	-0.24	9.14	12.77	102.74	相对角度姿态	9.14	12.77
Mac:DA:3E:20:B6:30:BA传感器0	-0.19	0.16	0.93	3.05	3.05	-0.55	9.33	12.71	102.47	相对角度姿态	9.33	12.71
Mac:DA:3E:20:B6:30:BA传感器0	-0.19	0.16	0.93	3.78	3.78	2.93	9.5	12.42	102.34	相对角度姿态	9.5	12.42
Mac:DA:3E:20:B6:30:BA传感器0	-0.2	0.15	0.91	0.85	0.85	0.79	9.52	12.38	102.15	相对角度姿态	9.52	12.38
Mac:DA:3E:20:B6:30:BA传感器0	-0.2	0.16	0.93	2.01	2.01	0.06	9.56	12.22	101.95	相对角度姿态	9.56	12.22
Mac:DA:3E:20:B6:30:BA传感器0	-0.18	0.15	0.93	0.31	0.31	-0.31	9.51	12.08	101.67	相对角度姿态	9.51	12.08
Mac:DA:3E:20:B6:30:BA传感器0	-0.18	0.15	0.93	-1.53	-1.53	0	9.54	11.82	101.24	相对角度姿态	9.54	11.82
Mac:DA:3E:20:B6:30:BA传感器0	-0.18	0.15	0.93	-1.53	-1.53	0	9.54	11.82	101.24	相对角度姿态	9.54	11.82
Mac:DA:3E:20:B6:30:BA传感器0	-0.2	0.17	0.94	-0.06	-0.06	-0.85	9.59	11.62	101.07	相对角度姿态	9.59	11.62
Mac:DA:3E:20:B6:30:BA传感器0	-0.19	0.16	0.94	-1.4	-1.4	-0.85	9.49	11.55	100.82	相对角度姿态	9.49	11.55
Mac:DA:3E:20:B6:30:BA传感器0	-0.18	0.17	0.94	-1.4	-1.4	-0.12	9.34	11.5	100.59	相对角度姿态	9.34	11.5
Mac:DA:3E:20:B6:30:BA传感器0	-0.19	0.16	0.92	-1.4	-1.4	-0.06	9.16	11.54	100.46	相对角度姿态	9.16	11.54
Mac:DA:3E:20:B6:30:BA传感器0	-0.18	0.16	0.94	-0.85	-0.85	0.12	9.05	11.44	100.31	相对角度姿态	9.05	11.44
Mac:DA:3E:20:B6:30:BA传感器0	-0.18	0.15	0.93	-0.37	-0.37	0.43	8.94	11.26	100.2	相对角度姿态	8.94	11.26
Mac:DA:3E:20:B6:30:BA传感器0	-0.19	0.14	0.94	-0.55	-0.55	1.1	8.82	11.21	100.19	相对角度姿态	8.82	11.21
Mac:DA:3E:20:B6:30:BA传感器0	-0.19	0.14	0.91	0.67	0.67	0	8.7	11.03	100.09	相对角度姿态	8.7	11.03
Mac:DA:3E:20:B6:30:BA传感器0	-0.15	0.14	0.97	0.06	0.06	2.14	8.62	10.66	100.03	相对角度姿态	8.62	10.66
Mac:DA:3E:20:B6:30:BA传感器0	-0.1	0.17	1.19	-9.28	-9.28	10.19	8.48	10.93	100.46	相对角度姿态	8.48	10.93
Mac:DA:3E:20:B6:30:BA传感器0	-0.28	0.19	1.13	-22.46	-22.46	13.79	7.4	12.52	101.71	相对角度姿态	7.4	12.52
Mac:DA:3E:20:B6:30:BA传感器0	-0.39	0.16	1.1	-35.89	-35.89	3.42	4.99	13.21	102.5	相对角度姿态	4.99	13.21
Mac:DA:3E:20:B6:30:BA传感器0	-0.36	0.07	1.06	-47.36	-47.36	-6.41	0.97	13.88	101.99	相对角度姿态	0.97	13.88
Mac:DA:3E:20:B6:30:BA传感器0	-0.4	-0.01	0.91	-47.85	-47.85	-16.91	-3.93	14.6	100.62	相对角度姿态	-3.93	14.6
Mac:DA:3E:20:B6:30:BA传感器0	-0.34	-0.08	0.86	-42.54	-42.54	-29.42	-8.79	14.49	98.06	相对角度姿态	-8.79	14.49
Mac:DA:3E:20:B6:30:BA传感器0	-0.29	-0.24	0.83	-39.37	-39.37	-39.61	-13.32	13.7	94.67	相对角度姿态	-13.32	13.7
Mac:DA:3E:20:B6:30:BA传感器0	-0.27	-0.29	0.83	-22.03	-22.03	-41.26	-17.58	12.18	91.9	相对角度姿态	-17.58	12.18
Mac:DA:3E:20:B6:30:BA传感器0	-0.23	-0.34	0.8	-12.39	-12.39	-49.32	-20.31	11.45	87.3	相对角度姿态	-20.31	11.45
Mac:DA:3E:20:B6:30:BA传感器0	-0.18	-0.38	0.85	-3.54	-3.54	-42.6	-22.02	8.86	83.79	相对角度姿态	-22.02	8.86
Mac:DA:3E:20:B6:30:BA传感器0	-0.11	-0.36	0.9	4.52	4.52	-43.52	-22.48	6.31	80.78	相对角度姿态	-22.48	6.31
Mac:DA:3E:20:B6:30:BA传感器0	0	-0.35	0.96	10.68	10.68	-46.33	-21.87	4.76	76.86	相对角度姿态	-21.87	4.76
Mac:DA:3E:20:B6:30:BA传感器0	-0.1	-0.35	0.88	30.4	30.4	-47.18	-20.54	4.35	72.83	相对角度姿态	-20.54	4.35
Mac:DA:3E:20:B6:30:BA传感器0	-0.08	-0.33	0.92	43.33	43.33	-33.94	-17.98	2.88	69.5	相对角度姿态	-17.98	2.88
Mac:DA:3E:20:B6:30:BA传感器0	0	-0.23	0.91	40.47	40.47	-45.04	-14.5	2.37	66.25	相对角度姿态	-14.5	2.37
Mac:DA:3E:20:B6:30:BA传感器0	0.09	-0.14	0.99	43.7	43.7	-49.74	-10.46	1.75	62.84	相对角度姿态	-10.46	1.75
Mac:DA:3E:20:B6:30:BA传感器0	0.05	-0.13	0.89	45.04	45.04	-41.69	-6.16	2.1	59.89	相对角度姿态	-6.16	2.1
Mac:DA:3E:20:B6:30:BA传感器0	-0.07	0	0.9	53.71	53.71	1.46	-1.42	2.24	59.51	相对角度姿态	-1.42	2.24
Mac:DA:3E:20:B6:30:BA传感器0	-0.03	0.18	1.02	55.36	55.36	8.12	4.76	2.32	61.26	相对角度姿态	4.76	2.32
Mac:DA:3E:20:B6:30:BA传感器0	-0.19	0.27	1.11	45.84	45.84	-9.52	10.06	3.55	63.12	相对角度姿态	10.06	3.55
Mac:DA:3E:20:B6:30:BA传感器0	-0.16	0.26	1.03	39	39	-7.2	12.85	7.36	63.67	相对角度姿态	12.85	7.36
Mac:DA:3E:20:B6:30:BA传感器0	-0.16	0.29	1.04	20.32	20.32	34.73	16.42	9.14	67.06	相对角度姿态	16.42	9.14
Mac:DA:3E:20:B6:30:BA传感器0	-0.23	0.36	1.02	8.73	8.73	61.28	18.6	10.44	73.38	相对角度姿态	18.6	10.44
Mac:DA:3E:20:B6:30:BA传感器0	-0.23	0.41	0.89	-5.8	-5.8	80.44	20	11.16	81.1	相对角度姿态	20	11.16
Mac:DA:3E:20:B6:30:BA传感器0	-0.38	0.4	1.09	-11.72	-11.72	82.76	20.85	11.14	89.71	相对角度姿态	20.85	11.14
Mac:DA:3E:20:B6:30:BA传感器0	-0.39	0.41	1.07	-35.58	-35.58	71.72	19.91	10.03	97.11	相对角度姿态	19.91	10.03
Mac:DA:3E:20:B6:30:BA传感器0	-0.42	0.35	0.97	-52	-52	53.71	17.11	10.89	103.66	相对角度姿态	17.11	10.89
Mac:DA:3E:20:B6:30:BA传感器0	-0.48	0.27	0.9	-66.77	-66.77	26.31	13.16	12.59	107.64	相对角度姿态	13.16	12.59
Mac:DA:3E:20:B6:30:BA传感器0	-0.41	0.12	0.75	-61.89	-61.89	-5.43	7.78	14.61	108.18	相对角度姿态	7.78	14.61
Mac:DA:3E:20:B6:30:BA传感器0	-0.26	-0.03	0.66	-32.23	-32.23	-14.28	2.72	16.2	106.63	相对角度姿态	2.72	16.2
Mac:DA:3E:20:B6:30:BA传感器0	-0.12	-0.09	0.75	-7.14	-7.14	-6.59	-0.37	15.37	105	相对角度姿态	-0.37	15.37
Mac:DA:3E:20:B6:30:BA传感器0	-0.15	-0.07	0.92	1.46	1.46	1.65	-0.83	14.66	104.12	相对角度姿态	-0.83	14.66
Mac:DA:3E:20:B6:30:BA传感器0	-0.2	0	1.02	3.48	3.48	-1.71	-0.54	14.32	103.76	相对角度姿态	-0.54	14.32
Mac:DA:3E:20:B6:30:BA传感器0	-0.18	-0.03	0.97	2.69	2.69	-3.72	-0.3	14.44	102.86	相对角度姿态	-0.3	14.44
Mac:DA:3E:20:B6:30:BA传感器0	-0.15	-0.02	0.98	-0.06	-0.06	-2.32	-0.31	13.83	102.11	相对角度姿态	-0.31	13.83
Mac:DA:3E:20:B6:30:BA传感器0	-0.18	-0.02	0.94	2.01	2.01	0.55	-0.31	13.54	101.76	相对角度姿态	-0.31	13.54
Mac:DA:3E:20:B6:30:BA传感器0	-0.18	0	0.99	5.31	5.31	1.1	-0.03	13.1	101.45	相对角度姿态	-0.03	13.1
Mac:DA:3E:20:B6:30:BA传感器0	-0.19	0.01	1.01	-0.79	-0.79	-1.04	0.04	12.83	101.02	相对角度姿态	0.04	12.83
Mac:DA:3E:20:B6:30:BA传感器0	-0.19	0.01	0.98	2.81	2.81	-0.37	-0.05	12.57	100.6	相对角度姿态	-0.05	12.57
Mac:DA:3E:20:B6:30:BA传感器0	-0.17	-0.02	0.94	1.83	1.83	-1.83	-0.17	12.37	100.06	相对角度姿态	-0.17	12.37
Mac:DA:3E:20:B6:30:BA传感器0	-0.18	-0.02	0.97	2.08	2.08	-3.54	0.02	12.33	99.51	相对角度姿态	0.02	12.33
Mac:DA:3E:20:B6:30:BA传感器0	-0.22	0.01	1	-1.46	-1.46	-1.59	0.35	12.44	99.33	相对角度姿态	0.35	12.44
Mac:DA:3E:20:B6:30:BA传感器0	-0.17	0	0.98	-0.49	-0.49	-1.22	0.3	12.3	98.91	相对角度姿态	0.3	12.3
Mac:DA:3E:20:B6:30:BA传感器0	-0.14	0.02	0.99	-3.05	-3.05	-2.62	0.34	11.9	98.55	相对角度姿态	0.34	11.9
Mac:DA:3E:20:B6:30:BA传感器0	-0.18	-0.01	0.96	-0.61	-0.61	1.16	0.26	11.98	98.41	相对角度姿态	0.26	11.98
Mac:DA:3E:20:B6:30:BA传感器0	-0.2	0	0.98	-0.73	-0.73	2.99	0.31	12.11	98.53	相对角度姿态	0.31	12.11
Mac:DA:3E:20:B6:30:BA传感器0	-0.19	0.02	1	0.31	0.31	2.99	0.35	12.1	98.66	相对角度姿态	0.35	12.1
Mac:DA:3E:20:B6:30:BA传感器0	-0.2	0	0.98	-1.95	-1.95	-0.37	0.3	12.13	98.58	相对角度姿态	0.3	12.13
Mac:DA:3E:20:B6:30:BA传感器0	-0.19	-0.01	0.96	-0.18	-0.18	0.67	0.13	12.02	98.44	相对角度姿态	0.13	12.02
Mac:DA:3E:20:B6:30:BA传感器0	-0.18	-0.01	0.97	-1.04	-1.04	1.95	0.12	11.94	98.4	相对角度姿态	0.12	11.94
Mac:DA:3E:20:B6:30:BA传感器0	-0.19	0	0.98	2.2	2.2	-0.92	0.21	11.91	98.4	相对角度姿态	0.21	11.91
Mac:DA:3E:20:B6:30:BA传感器0	-0.19	0.01	0.99	-0.73	-0.73	0.31	0.47	11.74	98.27	相对角度姿态	0.47	11.74
Mac:DA:3E:20:B6:30:BA传感器0	-0.17	0.01	0.97	-2.5	-2.5	-2.44	0.42	11.72	98.06	相对角度姿态	0.42	11.72
Mac:DA:3E:20:B6:30:BA传感器0	-0.16	0.02	1.01	1.83	1.83	1.04	0.48	11.72	97.89	相对角度姿态	0.48	11.72
Mac:DA:3E:20:B6:30:BA传感器0	-0.21	0.02	0.97	3.11	3.11	1.16	0.54	11.9	98	相对角度姿态	0.54	11.9
Mac:DA:3E:20:B6:30:BA传感器0	-0.18	0.01	0.99	2.56	2.56	-0.24	0.7	11.82	97.83	相对角度姿态	0.7	11.82
Mac:DA:3E:20:B6:30:BA传感器0	-0.17	0.03	1.01	2.08	2.08	1.28	0.97	11.63	97.76	相对角度姿态	0.97	11.63
Mac:DA:3E:20:B6:30:BA传感器0	-0.21	0.03	1.14	-2.87	-2.87	0.12	1.03	12.22	97.71	相对角度姿态	1.03	12.22
Mac:DA:3E:20:B6:30:BA传感器0	-0.3	0.04	1.17	-17.4	-17.4	2.93	0.24	13.45	97.77	相对角度姿态	0.24	13.45
Mac:DA:3E:20:B6:30:BA传感器0	-0.4	0	1.13	-34.67	-34.67	-1.16	-2.02	14.49	97.77	相对角度姿态	-2.02	14.49
Mac:DA:3E:20:B6:30:BA传感器0	-0.43	-0.02	1.08	-49.07	-49.07	-19.78	-5.09	14.05	97.5	相对角度姿态	-5.09	14.05
Mac:DA:3E:20:B6:30:BA传感器0	-0.42	-0.14	0.89	-42.18	-42.18	-26	-9.92	15.13	95.35	相对角度姿态	-9.92	15.13
Mac:DA:3E:20:B6:30:BA传感器0	-0.38	-0.22	0.81	-21.42	-21.42	-39.43	-14.68	14.42	92.55	相对角度姿态	-14.68	14.42
Mac:DA:3E:20:B6:30:BA传感器0	-0.3	-0.21	0.92	-33.87	-33.87	-48.1	-18.04	11.94	89.44	相对角度姿态	-18.04	11.94
Mac:DA:3E:20:B6:30:BA传感器0	-0.17	-0.38	0.69	-25.21	-25.21	-63.23	-22.59	10.22	84.23	相对角度姿态	-22.59	10.22
Mac:DA:3E:20:B6:30:BA传感器0	-0.22	-0.41	0.8	6.16	6.16	-57.13	-25.05	9.27	78.54	相对角度姿态	-25.05	9.27
Mac:DA:3E:20:B6:30:BA传感器0	0.06	-0.43	0.88	5.62	5.62	-66.83	-25.45	5.91	73.69	相对角度姿态	-25.45	5.91
Mac:DA:3E:20:B6:30:BA传感器0	-0.03	-0.42	0.91	15.81	15.81	-47.49	-25.12	4.32	68.76	相对角度姿态	-25.12	4.32
Mac:DA:3E:20:B6:30:BA传感器0	-0.03	-0.37	0.98	23.56	23.56	-45.47	-22.65	2.82	65.44	相对角度姿态	-22.65	2.82
Mac:DA:3E:20:B6:30:BA传感器0	-0.05	-0.41	0.81	24.05	24.05	-29.91	-21.2	3.2	62.29	相对角度姿态	-21.2	3.2
Mac:DA:3E:20:B6:30:BA传感器0	0.02	-0.24	0.95	56.58	56.58	-19.65	-17.18	3.03	61.4	相对角度姿态	-17.18	3.03
Mac:DA:3E:20:B6:30:BA传感器0	-0.02	-0.19	0.93	54.08	54.08	-20.08	-11.73	4.14	60.02	相对角度姿态	-11.73	4.14
Mac:DA:3E:20:B6:30:BA传感器0	-0.13	-0.14	0.95	43.4	43.4	-2.56	-6.9	5.84	59.74	相对角度姿态	-6.9	5.84
Mac:DA:3E:20:B6:30:BA传感器0	-0.21	0.06	1.15	60.67	60.67	27.47	-1.12	6.03	61.92	相对角度姿态	-1.12	6.03
Mac:DA:3E:20:B6:30:BA传感器0	-0.17	0.04	0.77	28.44	28.44	21.06	2.86	7.11	64.11	相对角度姿态	2.86	7.11
Mac:DA:3E:20:B6:30:BA传感器0	-0.14	0.2	0.84	49.62	49.62	20.2	8.15	7.77	67.36	相对角度姿态	8.15	7.77
Mac:DA:3E:20:B6:30:BA传感器0	-0.25	0.32	1.06	39.79	39.79	41.14	14.21	10.33	72.23	相对角度姿态	14.21	10.33
Mac:DA:3E:20:B6:30:BA传感器0	-0.25	0.39	1.13	16.72	16.72	73.67	17.81	10.5	78.76	相对角度姿态	17.81	10.5
Mac:DA:3E:20:B6:30:BA传感器0	-0.23	0.4	1.01	-13.37	-13.37	93.44	19.24	10.61	87.53	相对角度姿态	19.24	10.61
Mac:DA:3E:20:B6:30:BA传感器0	-0.45	0.42	1.17	-26.25	-26.25	82.82	19.13	10	96.68	相对角度姿态	19.13	10
Mac:DA:3E:20:B6:30:BA传感器0	-0.42	0.39	1.1	-52.19	-52.19	36.93	16.33	10.12	102.34	相对角度姿态	16.33	10.12
Mac:DA:3E:20:B6:30:BA传感器0	-0.29	0.25	0.93	-61.1	-61.1	27.04	11.36	10.83	105.25	相对角度姿态	11.36	10.83
Mac:DA:3E:20:B6:30:BA传感器0	-0.42	0.12	0.71	-43.21	-43.21	-3.36	6.89	13.21	106.81	相对角度姿态	6.89	13.21
Mac:DA:3E:20:B6:30:BA传感器0	-0.27	-0.04	0.69	-47.91	-47.91	-10.07	2.32	15.61	104.83	相对角度姿态	2.32	15.61
Mac:DA:3E:20:B6:30:BA传感器0	-0.19	-0.14	0.68	-23.38	-23.38	15.08	-1.6	16.12	105.32	相对角度姿态	-1.6	16.12
Mac:DA:3E:20:B6:30:BA传感器0	-0.16	-0.09	0.92	10.8	10.8	6.41	-1.99	16.31	105.52	相对角度姿态	-1.99	16.31
Mac:DA:3E:20:B6:30:BA传感器0	-0.21	-0.03	0.97	6.96	6.96	0.37	-1.47	15.96	104.82	相对角度姿态	-1.47	15.96
Mac:DA:3E:20:B6:30:BA传感器0	-0.2	0.02	1.02	4.33	4.33	-1.65	-0.53	15.49	104.19	相对角度姿态	-0.53	15.49
Mac:DA:3E:20:B6:30:BA传感器0	-0.18	0	0.99	14.28	14.28	-1.59	0	14.74	103.44	相对角度姿态	0	14.74
Mac:DA:3E:20:B6:30:BA传感器0	-0.15	-0.01	0.95	7.2	7.2	-2.44	0.79	14.05	102.72	相对角度姿态	0.79	14.05
Mac:DA:3E:20:B6:30:BA传感器0	-0.17	-0.01	0.95	2.5	2.5	-0.55	1.08	13.67	102.26	相对角度姿态	1.08	13.67
Mac:DA:3E:20:B6:30:BA传感器0	-0.18	0.02	0.98	-0.67	-0.67	-1.83	1.4	13.4	101.85	相对角度姿态	1.4	13.4
Mac:DA:3E:20:B6:30:BA传感器0	-0.18	0.04	1	2.32	2.32	-0.18	1.77	13.18	101.51	相对角度姿态	1.77	13.18
Mac:DA:3E:20:B6:30:BA传感器0	-0.19	0.04	0.97	1.1	1.1	0.49	1.96	13.1	101.12	相对角度姿态	1.96	13.1
Mac:DA:3E:20:B6:30:BA传感器0	-0.17	0.04	0.99	0.49	0.49	-0.49	2.1	12.86	100.81	相对角度姿态	2.1	12.86
Mac:DA:3E:20:B6:30:BA传感器0	-0.19	0.03	0.97	0.61	0.61	0.18	2.05	12.82	100.56	相对角度姿态	2.05	12.82
Mac:DA:3E:20:B6:30:BA传感器0	-0.17	0.03	0.98	1.59	1.59	-0.61	2.07	12.53	100.32	相对角度姿态	2.07	12.53
Mac:DA:3E:20:B6:30:BA传感器0	-0.19	0.04	0.96	1.95	1.95	0.06	2.22	12.19	99.76	相对角度姿态	2.22	12.19
Mac:DA:3E:20:B6:30:BA传感器0	-0.19	0.04	0.96	1.95	1.95	0.06	2.22	12.19	99.76	相对角度姿态	2.22	12.19
Mac:DA:3E:20:B6:30:BA传感器0	-0.17	0.04	0.99	0.92	0.92	-1.34	2.36	11.85	99.44	相对角度姿态	2.36	11.85
Mac:DA:3E:20:B6:30:BA传感器0	-0.17	0.05	0.98	1.22	1.22	-0.18	2.5	11.56	99.21	相对角度姿态	2.5	11.56
Mac:DA:3E:20:B6:30:BA传感器0	-0.18	0.05	0.98	-1.16	-1.16	0.31	2.6	11.39	99.13	相对角度姿态	2.6	11.39
Mac:DA:3E:20:B6:30:BA传感器0	-0.17	0.06	1	1.77	1.77	0.12	2.7	11.31	98.99	相对角度姿态	2.7	11.31
Mac:DA:3E:20:B6:30:BA传感器0	-0.15	0.04	0.97	-0.12	-0.12	0	2.42	11.22	98.72	相对角度姿态	2.42	11.22
Mac:DA:3E:20:B6:30:BA传感器0	-0.18	0.04	0.96	-1.28	-1.28	0.55	2.4	11.23	98.61	相对角度姿态	2.4	11.23
Mac:DA:3E:20:B6:30:BA传感器0	-0.17	0.04	0.96	-2.81	-2.81	1.95	2.44	10.85	98.57	相对角度姿态	2.44	10.85
Mac:DA:3E:20:B6:30:BA传感器0	-0.15	0.05	0.96	-7.08	-7.08	8.73	2.5	9.74	98.9	相对角度姿态	2.5	9.74
Mac:DA:3E:20:B6:30:BA传感器0	-0.13	0.06	1.02	-3.97	-3.97	6.35	2.14	8.4	99.56	相对角度姿态	2.14	8.4
Mac:DA:3E:20:B6:30:BA传感器0	-0.12	0.03	0.99	-2.62	-2.62	0.79	1.75	7.56	99.76	相对角度姿态	1.75	7.56
Mac:DA:3E:20:B6:30:BA传感器0	-0.1	0.03	0.97	0.06	0.06	0	1.76	6.93	99.65	相对角度姿态	1.76	6.93
Mac:DA:3E:20:B6:30:BA传感器0	-0.1	0.04	0.97	0.31	0.31	1.46	2.35	6.08	99.61	相对角度姿态	2.35	6.08
Mac:DA:3E:20:B6:30:BA传感器0	-0.09	0.08	0.99	5.62	5.62	-3.05	3.26	5.1	99.49	相对角度姿态	3.26	5.1
Mac:DA:3E:20:B6:30:BA传感器0	-0.05	0.06	0.95	11.6	11.6	-3.17	3.81	4.78	98.9	相对角度姿态	3.81	4.78
Mac:DA:3E:20:B6:30:BA传感器0	-0.03	0.08	0.97	12.33	12.33	1.53	4.81	4.37	98.63	相对角度姿态	4.81	4.37
Mac:DA:3E:20:B6:30:BA传感器0	-0.05	0.12	1	14.53	14.53	2.99	6.36	4.5	98.79	相对角度姿态	6.36	4.5
Mac:DA:3E:20:B6:30:BA传感器0	-0.07	0.13	1.04	16.66	16.66	7.26	7.87	4.81	99.17	相对角度姿态	7.87	4.81
Mac:DA:3E:20:B6:30:BA传感器0	-0.15	0.27	1.34	15.38	15.38	11.84	9.75	4.78	100.03	相对角度姿态	9.75	4.78
Mac:DA:3E:20:B6:30:BA传感器0	-0.15	0.44	1.55	-7.39	-7.39	17.15	9.92	4.53	101.04	相对角度姿态	9.92	4.53
Mac:DA:3E:20:B6:30:BA传感器0	-0.3	0.5	1.37	-54.5	-54.5	13.43	6.68	5.31	101.52	相对角度姿态	6.68	5.31
Mac:DA:3E:20:B6:30:BA传感器0	-0.05	0.27	0.83	-67.69	-67.69	-59.94	1.45	8.57	99.21	相对角度姿态	1.45	8.57
Mac:DA:3E:20:B6:30:BA传感器0	0.08	-0.41	0.08	-86.49	-86.49	-27.65	-9.95	12.22	94.3	相对角度姿态	-9.95	12.22
Mac:DA:3E:20:B6:30:BA传感器0	0.02	-0.51	0.52	8.24	8.24	-17.21	-17.13	11.68	94.59	相对角度姿态	-17.13	11.68
Mac:DA:3E:20:B6:30:BA传感器0	0.01	-0.25	1.08	22.28	22.28	15.63	-16.81	9.09	96.49	相对角度姿态	-16.81	9.09
Mac:DA:3E:20:B6:30:BA传感器0	-0.24	-0.19	1.04	3.54	3.54	12.21	-16.28	8.17	98.74	相对角度姿态	-16.28	8.17
Mac:DA:3E:20:B6:30:BA传感器0	-0.24	-0.29	0.96	5	5	1.71	-16.41	8.09	99.07	相对角度姿态	-16.41	8.09
Mac:DA:3E:20:B6:30:BA传感器0	-0.5	-0.22	0.97	-0.24	-0.24	3.17	-15.95	7.28	100.18	相对角度姿态	-15.95	7.28
Mac:DA:3E:20:B6:30:BA传感器0	-0.38	-0.15	1.01	-4.27	-4.27	-33.45	-16.56	4.5	99.78	相对角度姿态	-16.56	4.5
Mac:DA:3E:20:B6:30:BA传感器0	-0.66	0.09	1.1	-32.9	-32.9	-79.22	-17.48	2.79	96.94	相对角度姿态	-17.48	2.79
Mac:DA:3E:20:B6:30:BA传感器0	-0.17	0.11	1	36.32	36.32	-205.57	-18.31	4.41	79.91	相对角度姿态	-18.31	4.41
Mac:DA:3E:20:B6:30:BA传感器0	0.78	-0.37	0.89	54.93	54.93	-57.07	-17.38	-0.81	66.6	相对角度姿态	-17.38	-0.81
Mac:DA:3E:20:B6:30:BA传感器0	0.55	-0.15	1.32	2.75	2.75	-22.03	-11.78	-3.86	64.8	相对角度姿态	-11.78	-3.86
Mac:DA:3E:20:B6:30:BA传感器0	0.19	-0.22	1.15	13.12	13.12	-6.47	-11.64	-6.48	65.14	相对角度姿态	-11.64	-6.48
Mac:DA:3E:20:B6:30:BA传感器0	-0.06	-0.21	1.09	-10.31	-10.31	2.26	-11.43	-6.58	66.41	相对角度姿态	-11.43	-6.58
Mac:DA:3E:20:B6:30:BA传感器0	0.02	-0.27	0.87	-12.15	-12.15	-2.99	-12.66	-5.93	67.17	相对角度姿态	-12.66	-5.93
Mac:DA:3E:20:B6:30:BA传感器0	0.4	-0.28	0.74	10.01	10.01	8.73	-12.66	-4.92	67.91	相对角度姿态	-12.66	-4.92
Mac:DA:3E:20:B6:30:BA传感器0	0.55	-0.23	0.45	34.48	34.48	59.39	-11.91	-4.47	70.89	相对角度姿态	-11.91	-4.47
Mac:DA:3E:20:B6:30:BA传感器0	0.42	0.31	0.71	20.26	20.26	112.49	-8.67	-6.33	80.54	相对角度姿态	-8.67	-6.33
Mac:DA:3E:20:B6:30:BA传感器0	-0.22	0.65	1.47	120.97	120.97	146.24	-2.14	-5.98	93.64	相对角度姿态	-2.14	-5.98
Mac:DA:3E:20:B6:30:BA传感器0	-1.53	0.62	1.42	30.82	30.82	49.44	5.53	2.69	104.36	相对角度姿态	5.53	2.69
Mac:DA:3E:20:B6:30:BA传感器0	-0.3	0.02	1.08	1.59	1.59	-6.77	5.73	4.02	103.78	相对角度姿态	5.73	4.02
Mac:DA:3E:20:B6:30:BA传感器0	-0.15	0.1	1.02	0.31	0.31	-5.92	5.08	4.03	103.21	相对角度姿态	5.08	4.03
Mac:DA:3E:20:B6:30:BA传感器0	-0.11	0.09	0.94	-2.75	-2.75	-3.17	4.83	5.86	102.9	相对角度姿态	4.83	5.86
Mac:DA:3E:20:B6:30:BA传感器0	-0.08	0.07	0.96	-3.66	-3.66	-2.01	4.93	6.81	102.6	相对角度姿态	4.93	6.81
Mac:DA:3E:20:B6:30:BA传感器0	-0.17	0.09	0.97	-2.87	-2.87	-0.12	4.92	7.58	102.69	相对角度姿态	4.92	7.58
Mac:DA:3E:20:B6:30:BA传感器0	-0.15	0.11	1.01	-0.37	-0.37	-0.49	5.01	7.51	102.49	相对角度姿态	5.01	7.51
Mac:DA:3E:20:B6:30:BA传感器0	-0.15	0.06	0.94	3.48	3.48	-2.14	4.78	7.58	101.98	相对角度姿态	4.78	7.58
Mac:DA:3E:20:B6:30:BA传感器0	-0.14	0.09	0.94	3.23	3.23	-0.73	5.02	7.78	101.63	相对角度姿态	5.02	7.78
Mac:DA:3E:20:B6:30:BA传感器0	-0.14	0.11	0.98	2.87	2.87	0.67	5.51	7.9	101.46	相对角度姿态	5.51	7.9
Mac:DA:3E:20:B6:30:BA传感器0	-0.15	0.1	0.96	3.48	3.48	0.98	5.89	7.97	101.36	相对角度姿态	5.89	7.97
Mac:DA:3E:20:B6:30:BA传感器0	-0.16	0.11	0.97	3.97	3.97	2.26	6.18	7.76	101.37	相对角度姿态	6.18	7.76
Mac:DA:3E:20:B6:30:BA传感器0	-0.13	0.13	0.99	-0.06	-0.06	-1.77	6.41	7.5	101.2	相对角度姿态	6.41	7.5
Mac:DA:3E:20:B6:30:BA传感器0	-0.14	0.12	0.96	1.71	1.71	-0.49	6.45	7.47	100.9	相对角度姿态	6.45	7.47
Mac:DA:3E:20:B6:30:BA传感器0	-0.11	0.12	0.96	0.18	0.18	1.53	6.47	7.04	100.72	相对角度姿态	6.47	7.04
Mac:DA:3E:20:B6:30:BA传感器0	-0.11	0.12	0.97	3.85	3.85	2.75	6.58	6.92	100.74	相对角度姿态	6.58	6.92
Mac:DA:3E:20:B6:30:BA传感器0	-0.14	0.11	0.95	2.08	2.08	1.22	6.71	7.25	100.7	相对角度姿态	6.71	7.25
Mac:DA:3E:20:B6:30:BA传感器0	-0.13	0.1	0.94	-3.11	-3.11	0.24	6.77	7.34	100.56	相对角度姿态	6.77	7.34
Mac:DA:3E:20:B6:30:BA传感器0	-0.13	0.12	0.96	0.67	0.67	0.55	6.83	7.37	100.5	相对角度姿态	6.83	7.37
Mac:DA:3E:20:B6:30:BA传感器0	-0.13	0.13	0.95	0.55	0.55	1.04	6.86	7.36	100.42	相对角度姿态	6.86	7.36
Mac:DA:3E:20:B6:30:BA传感器0	-0.13	0.11	0.94	0.92	0.92	0.55	6.83	7.36	100.32	相对角度姿态	6.83	7.36
Mac:DA:3E:20:B6:30:BA传感器0	-0.12	0.12	0.95	-0.43	-0.43	0.24	6.91	7.26	100.24	相对角度姿态	6.91	7.26
Mac:DA:3E:20:B6:30:BA传感器0	-0.12	0.11	0.95	-0.55	-0.55	1.34	6.93	7.25	100.16	相对角度姿态	6.93	7.25
Mac:DA:3E:20:B6:30:BA传感器0	-0.12	0.12	0.95	0.12	0.12	2.81	7.06	7.15	100.21	相对角度姿态	7.06	7.15
Mac:DA:3E:20:B6:30:BA传感器0	-0.13	0.13	0.96	-0.85	-0.85	0.49	7.34	7.09	100.24	相对角度姿态	7.34	7.09
Mac:DA:3E:20:B6:30:BA传感器0	-0.1	0.14	0.97	0.37	0.37	0	7.49	6.95	100.15	相对角度姿态	7.49	6.95
Mac:DA:3E:20:B6:30:BA传感器0	-0.12	0.13	0.94	1.22	1.22	0.55	7.55	6.93	100.12	相对角度姿态	7.55	6.93
Mac:DA:3E:20:B6:30:BA传感器0	-0.12	0.13	0.94	2.2	2.2	1.89	7.69	6.83	100.13	相对角度姿态	7.69	6.83
Mac:DA:3E:20:B6:30:BA传感器0	-0.1	0.13	0.95	3.17	3.17	1.89	7.88	6.67	100.1	相对角度姿态	7.88	6.67
Mac:DA:3E:20:B6:30:BA传感器0	-0.1	0.14	0.96	1.16	1.16	2.26	8.09	6.65	100.2	相对角度姿态	8.09	6.65
Mac:DA:3E:20:B6:30:BA传感器0	-0.14	0.15	0.97	1.28	1.28	1.65	8.46	6.65	100.38	相对角度姿态	8.46	6.65
Mac:DA:3E:20:B6:30:BA传感器0	-0.22	0.13	1.13	17.82	17.82	9.22	9.18	6.81	100.63	相对角度姿态	9.18	6.81
Mac:DA:3E:20:B6:30:BA传感器0	-0.51	0.28	1.4	12.63	12.63	5.25	10.7	8.52	101.2	相对角度姿态	10.7	8.52
Mac:DA:3E:20:B6:30:BA传感器0	-0.45	0.55	1.53	-43.76	-43.76	0.31	9.05	6.81	100.91	相对角度姿态	9.05	6.81
Mac:DA:3E:20:B6:30:BA传感器0	-0.62	0.68	0.96	-91.19	-91.19	-60.55	3.44	9.35	97.29	相对角度姿态	3.44	9.35
Mac:DA:3E:20:B6:30:BA传感器0	0.41	0.01	0.43	-89.48	-89.48	-154.72	-6.86	11.43	85.17	相对角度姿态	-6.86	11.43
Mac:DA:3E:20:B6:30:BA传感器0	0.4	-0.48	0.42	-48.83	-48.83	-7.08	-15.62	8.19	79.79	相对角度姿态	-15.62	8.19
Mac:DA:3E:20:B6:30:BA传感器0	0.08	-0.53	0.58	-9.03	-9.03	-13	-20.47	4.98	80.44	相对角度姿态	-20.47	4.98
Mac:DA:3E:20:B6:30:BA传感器0	-0.16	-0.38	1.03	8.12	8.12	18.49	-20.2	3.45	82.39	相对角度姿态	-20.2	3.45
Mac:DA:3E:20:B6:30:BA传感器0	-0.27	-0.32	0.99	-5.07	-5.07	-3.85	-19.69	3.34	83.62	相对角度姿态	-19.69	3.34
Mac:DA:3E:20:B6:30:BA传感器0	-0.2	-0.35	0.96	9.89	9.89	-5.43	-19.19	2.92	83.77	相对角度姿态	-19.19	2.92
Mac:DA:3E:20:B6:30:BA传感器0	-0.27	-0.39	0.67	3.48	3.48	3.17	-18.67	3.29	84.18	相对角度姿态	-18.67	3.29
Mac:DA:3E:20:B6:30:BA传感器0	-0.42	-0.31	0.55	30.88	30.88	-19.78	-18.1	4	84.62	相对角度姿态	-18.1	4
Mac:DA:3E:20:B6:30:BA传感器0	-0.33	-0.18	0.59	78.8	78.8	-63.35	-13.82	4.99	81.63	相对角度姿态	-13.82	4.99
Mac:DA:3E:20:B6:30:BA传感器0	-0.18	0.03	0.42	101.68	101.68	-21.79	-7.37	6.67	77.03	相对角度姿态	-7.37	6.67
Mac:DA:3E:20:B6:30:BA传感器0	-0.25	0.68	1.75	98.08	98.08	-60.24	3.56	2.74	73.64	相对角度姿态	3.56	2.74
Mac:DA:3E:20:B6:30:BA传感器0	0.31	0.25	1.71	35.34	35.34	-49.56	10.98	-0.03	66.62	相对角度姿态	10.98	-0.03
Mac:DA:3E:20:B6:30:BA传感器0	0.15	0.21	1.34	-13.31	-13.31	-15.93	12.13	-1.04	64.82	相对角度姿态	12.13	-1.04
Mac:DA:3E:20:B6:30:BA传感器0	-0.14	0.17	0.94	-4.39	-4.39	-2.69	10.27	-0.65	65.3	相对角度姿态	10.27	-0.65
Mac:DA:3E:20:B6:30:BA传感器0	-0.16	0.13	0.96	11.84	11.84	10.86	8.8	-1.12	66.53	相对角度姿态	8.8	-1.12
Mac:DA:3E:20:B6:30:BA传感器0	0.24	0.08	0.98	-6.16	-6.16	-2.44	8.14	-2.47	67.37	相对角度姿态	8.14	-2.47
Mac:DA:3E:20:B6:30:BA传感器0	0.47	0.21	1.03	0.49	0.49	38.02	8.56	-3.21	70.24	相对角度姿态	8.56	-3.21
Mac:DA:3E:20:B6:30:BA传感器0	0.36	0.43	0.81	-23.86	-23.86	70.13	7.89	-2.26	77.74	相对角度姿态	7.89	-2.26
Mac:DA:3E:20:B6:30:BA传感器0	-0.17	0.35	0.67	-25.21	-25.21	146.67	5.82	0.91	89.18	相对角度姿态	5.82	0.91
Mac:DA:3E:20:B6:30:BA传感器0	-1.03	0.46	0.83	-5.55	-5.55	90.76	7.62	5.31	102.72	相对角度姿态	7.62	5.31
Mac:DA:3E:20:B6:30:BA传感器0	-0.67	0.08	0.92	3.6	3.6	32.41	8.2	8.66	108.01	相对角度姿态	8.2	8.66
Mac:DA:3E:20:B6:30:BA传感器0	-0.47	0.03	0.9	-2.01	-2.01	-0.85	7.68	10.98	109.32	相对角度姿态	7.68	10.98
Mac:DA:3E:20:B6:30:BA传感器0	-0.27	0.06	0.9	-0.85	-0.85	-12.33	7.04	12.58	108.18	相对角度姿态	7.04	12.58
Mac:DA:3E:20:B6:30:BA传感器0	-0.09	0.08	0.99	-5.8	-5.8	-9.34	6.37	11.86	106.39	相对角度姿态	6.37	11.86
Mac:DA:3E:20:B6:30:BA传感器0	-0.12	0.09	0.99	-2.81	-2.81	-5.8	5.94	11.43	105.31	相对角度姿态	5.94	11.43
Mac:DA:3E:20:B6:30:BA传感器0	-0.11	0.08	0.97	1.1	1.1	-1.95	5.67	11.25	104.49	相对角度姿态	5.67	11.25
Mac:DA:3E:20:B6:30:BA传感器0	-0.15	0.08	0.93	0.24	0.24	1.1	5.42	11.27	103.96	相对角度姿态	5.42	11.27
Mac:DA:3E:20:B6:30:BA传感器0	-0.15	0.08	0.97	-1.65	-1.65	0.79	5.55	11.15	103.71	相对角度姿态	5.55	11.15
Mac:DA:3E:20:B6:30:BA传感器0	-0.16	0.09	0.96	1.83	1.83	3.11	5.5	11.06	103.58	相对角度姿态	5.5	11.06
Mac:DA:3E:20:B6:30:BA传感器0	-0.18	0.07	0.96	-2.14	-2.14	0.24	5.45	10.9	103.43	相对角度姿态	5.45	10.9
Mac:DA:3E:20:B6:30:BA传感器0	-0.18	0.08	0.97	0.24	0.24	-0.61	5.37	10.93	103.07	相对角度姿态	5.37	10.93
Mac:DA:3E:20:B6:30:BA传感器0	-0.17	0.09	0.96	-0.79	-0.79	-2.56	5.22	10.68	102.62	相对角度姿态	5.22	10.68
Mac:DA:3E:20:B6:30:BA传感器0	-0.11	0.06	0.94	6.59	6.59	0.98	5.2	10.33	102.26	相对角度姿态	5.2	10.33
Mac:DA:3E:20:B6:30:BA传感器0	-0.14	0.09	0.97	1.53	1.53	-1.71	5.61	10.3	101.96	相对角度姿态	5.61	10.3
Mac:DA:3E:20:B6:30:BA传感器0	-0.14	0.09	0.97	1.83	1.83	0.61	5.68	10.52	101.73	相对角度姿态	5.68	10.52
Mac:DA:3E:20:B6:30:BA传感器0	-0.15	0.1	0.98	-2.32	-2.32	-0.73	5.78	10.62	101.51	相对角度姿态	5.78	10.62
Mac:DA:3E:20:B6:30:BA传感器0	-0.16	0.09	0.96	-0.06	-0.06	-1.1	5.65	10.45	101.21	相对角度姿态	5.65	10.45
Mac:DA:3E:20:B6:30:BA传感器0	-0.13	0.09	0.95	0	0	1.4	5.52	10.26	100.89	相对角度姿态	5.52	10.26
Mac:DA:3E:20:B6:30:BA传感器0	-0.22	0.1	0.97	-2.38	-2.38	1.22	5.54	10.61	101.02	相对角度姿态	5.54	10.61
Mac:DA:3E:20:B6:30:BA传感器0	-0.17	0.09	0.94	1.22	1.22	-3.6	5.36	10.66	100.67	相对角度姿态	5.36	10.66
Mac:DA:3E:20:B6:30:BA传感器0	-0.15	0.08	0.93	-0.85	-0.85	-1.71	5.15	10.44	100.22	相对角度姿态	5.15	10.44
Mac:DA:3E:20:B6:30:BA传感器0	-0.17	0.09	0.96	-0.79	-0.79	2.69	5.41	10.01	100.22	相对角度姿态	5.41	10.01
Mac:DA:3E:20:B6:30:BA传感器0	-0.17	0.09	0.96	-0.79	-0.79	2.69	5.41	10.01	100.22	相对角度姿态	5.41	10.01
Mac:DA:3E:20:B6:30:BA传感器0	-0.15	0.09	0.97	-0.55	-0.55	1.16	5.38	9.73	100.16	相对角度姿态	5.38	9.73
Mac:DA:3E:20:B6:30:BA传感器0	-0.14	0.09	0.97	-0.31	-0.31	2.08	5.34	9.56	100.11	相对角度姿态	5.34	9.56
Mac:DA:3E:20:B6:30:BA传感器0	-0.15	0.09	0.95	-0.06	-0.06	1.16	5.31	9.54	100.1	相对角度姿态	5.31	9.54
Mac:DA:3E:20:B6:30:BA传感器0	-0.16	0.08	0.95	-0.37	-0.37	-0.06	5.32	9.55	100.03	相对角度姿态	5.32	9.55
Mac:DA:3E:20:B6:30:BA传感器0	-0.14	0.1	0.98	1.22	1.22	0.73	5.39	9.42	99.89	相对角度姿态	5.39	9.42
Mac:DA:3E:20:B6:30:BA传感器0	-0.13	0.09	0.97	-0.31	-0.31	2.38	5.44	9.17	99.9	相对角度姿态	5.44	9.17
Mac:DA:3E:20:B6:30:BA传感器0	-0.15	0.09	0.95	0.18	0.18	-0.06	5.45	9.14	99.83	相对角度姿态	5.45	9.14
